170
46.9657784 7.4433131 1 1
46.9658775 7.4295444 2 1
46.9512138 7.4000578 3 1
46.9391747 7.47191 4 1
46.9522705 7.4186487 5 1
46.9622116 7.4404283 6 1
46.9442101 7.4155416 7 1
46.9486122 7.4564509 8 1
46.9319839 7.4848733 9 1
46.9441261 7.4143877 10 1
46.9368896 7.484848 11 1
46.9619026 7.3851519 12 1
46.9399567 7.4093895 13 1
46.9313965 7.4160151 14 1
46.9622955 7.4398475 15 1
46.9415474 7.409009 16 1
46.9397812 7.4363041 17 1
46.941906 7.4032693 18 1
46.9658852 7.4416814 19 1
46.9659195 7.4691172 20 1
46.9627647 7.4320989 21 1
46.9641037 7.4709506 22 1
46.9439735 7.4121475 23 1
46.9386559 7.3828149 24 1
46.9527664 7.4207816 25 1
46.9632759 7.4789724 26 1
46.9613724 7.3843179 27 1
46.945694 7.3824778 28 1
46.9637756 7.4571319 29 1
46.9497375 7.446156 30 1
46.9603806 7.4403081 31 1
46.9544373 7.3884425 32 1
46.9453964 7.3824544 33 1
46.9632835 7.3837075 34 1
46.9644356 7.4845614 35 1
46.9445648 7.4204206 36 1
46.9508705 7.4013085 37 1
46.9482651 7.4278545 38 1
46.9655113 7.4683819 39 1
46.943512 7.4700322 40 1
46.9495468 7.3825574 41 1
46.9636536 7.4327769 42 1
46.9540176 7.3925166 43 1
46.9490242 7.3979998 44 1
46.9410304 7.4093698 45 1
46.9389212 7.4282828 46 1
46.9590449 7.4552028 47 1
46.9627078 7.4773795 48 1
46.9418958 7.3907981 49 1
46.9476793 7.3946422 50 1
46.9410714 7.4632341 51 1
46.9405188 7.4584105 52 1
46.9492098 7.3939063 53 1
46.9547841 7.3901012 54 1
46.9433539 7.4069029 55 1
46.9492893 7.4370989 56 1
46.9476812 7.3923649 57 1
46.9450253 7.4718653 58 1
46.9471606 7.4660019 59 1
46.9655448 7.4356554 60 1
46.9454131 7.4270627 61 1
46.9444981 7.3992206 62 1
46.9556963 7.4812874 63 1
46.9483617 7.4599967 64 1
46.9583937 7.4543528 65 1
46.9368719 7.432117 66 1
46.9630903 7.4547688 67 1
46.944031 7.4492655 68 1
46.9386632 7.4628117 69 1
46.9429855 7.4359238 70 1
46.9413317 7.3926361 71 1
46.9417155 7.4663792 72 1
46.9390358 7.4716261 73 1
46.9534353 7.4590297 74 1
46.9407892 7.4186271 75 1
46.9479675 7.41411 76 1
46.9512368 7.4227934 77 1
46.9648884 7.468115 78 1
46.9445947 7.4298175 79 1
46.9447159 7.471703 80 1
46.9418766 7.4103662 81 1
46.9406821 7.4315016 82 1
46.9543297 7.4770576 83 1
46.9350237 7.43698 84 1
46.9533381 7.4389899 85 1
46.9315682 7.4456894 86 1
46.9651413 7.4679047 87 1
46.949714 7.4003834 88 1
46.9645981 7.4681581 89 1
46.9544617 7.4778551 90 1
46.9592637 7.4638016 91 1
46.9350319 7.4354062 92 1
46.9565677 7.4239901 93 1
46.95615 7.482927 94 1
46.9444432 7.421527 95 1
46.9480368 7.4285396 96 1
46.947356 7.4373931 97 1
46.9445744 7.4610674 98 1
46.9440922 7.399831 99 1
46.9653301 7.4660869 100 1
46.9422602 7.4089944 101 1
46.9316108 7.4212528 102 1
46.9597206 7.4625099 103 1
46.9523531 7.4204018 104 1
46.9443611 7.416163 105 1
46.9457512 7.4393037 106 1
46.9314289 7.382577 107 1
46.9369958 7.4363328 108 1
46.9336395 7.4687674 109 1
46.963748 7.4311644 110 1
46.9420116 7.4088952 111 1
46.9515007 7.4221019 112 1
46.9655889 7.4298109 113 1
46.951236 7.4407774 114 1
46.9580841 7.4657582 115 1
46.9634601 7.4670264 116 1
46.9657102 7.4547423 117 1
46.9405823 7.4598408 118 1
46.9448528 7.3987932 119 1
46.9467523 7.3930212 120 1
46.9492305 7.4555733 121 1
46.9339549 7.4825237 122 1
46.9518242 7.4617595 123 1
46.9346757 7.4814895 124 1
46.9540427 7.3918564 125 1
46.9354536 7.4152073 126 1
46.9554415 7.4806218 127 1
46.949064 7.4359646 128 1
46.9398741 7.4358952 129 1
46.9531771 7.4397699 130 1
46.9507713 7.4006932 131 1
46.9547231 7.4505102 132 1
46.9467494 7.3840969 133 1
46.9433057 7.4079575 134 1
46.9399446 7.4232949 135 1
46.942495 7.3979063 136 1
46.9621772 7.4403556 137 1
46.9622145 7.4765122 138 1
46.9472294 7.435933 139 1
46.944667 7.42718 140 1
46.9396172 7.4374586 141 1
46.9457824 7.4294134 142 1
46.93706 7.4762467 143 1
46.9491436 7.4367602 144 1
46.9647795 7.4677354 145 1
46.9497948 7.4113622 146 1
46.9551748 7.4513888 147 1
46.9457696 7.4334813 148 1
46.9637773 7.4422092 149 1
46.952293 7.4420408 150 1
46.9374909 7.4783855 151 1
46.9472771 7.4344433 152 1
46.9421241 7.4008151 153 1
46.9459427 7.4348961 154 1
46.9569893 7.4849041 155 1
46.9534706 7.3923061 156 1
46.9366102 7.4771072 157 1
46.9442991 7.4325353 158 1
46.9313647 7.4328376 159 1
46.9545002 7.4458277 160 1
46.9397602 7.4403257 161 1
46.9430504 7.4058311 162 1
46.9472265 7.3953457 163 1
46.9428234 7.4688315 164 1
46.9366341 7.4364907 165 1
46.940773 7.4330713 166 1
46.93748 7.4750105 167 1
46.9649162 7.4684784 168 1
46.9439144 7.4111925 169 1
46.9634152 7.4556344 170 1
214
116 89 152.63116413973628 16.67 3 3 2 3
1 0 0 0 1 0 0 0 1
1 0 0 0 1 0 0 0 1
116 91 479.6037405551382 16.67 3 3 4 5
1 0 0 0 1 0 0 0 1
1 0 0 0 1 0 0 0 1
116 78 162.4922290263208 16.67 3 3 6 7
1 0 0 0 1 0 0 0 1
1 0 0 0 1 0 0 0 1
116 145 127.4452084636911 16.67 3 3 8 9
1 0 0 0 1 0 0 0 1
1 0 0 0 1 0 0 0 1
118 51 379.16381853963395 16.67 3 3 10 11
1 0 0 0 1 0 0 0 1
1 0 0 0 1 0 0 0 1
118 69 361.0733269820235 16.67 3 3 12 13
1 0 0 0 1 0 0 0 1
1 0 0 0 1 0 0 0 1
118 52 159.12496652352235 16.67 3 3 14 15
1 0 0 0 1 0 0 0 1
1 0 0 0 1 0 0 0 1
26 35 627.7074875714784 16.67 3 3 16 17
1 0 0 0 1 0 0 0 1
1 0 0 0 1 0 0 0 1
26 48 182.3047740838007 16.67 3 3 18 19
1 0 0 0 1 0 0 0 1
1 0 0 0 1 0 0 0 1
22 89 312.7894806735938 16.67 3 3 20 21
1 0 0 0 1 0 0 0 1
1 0 0 0 1 0 0 0 1
22 168 281.7432479906131 16.67 3 3 22 23
1 0 0 0 1 0 0 0 1
1 0 0 0 1 0 0 0 1
22 78 320.8978516103682 16.67 3 3 24 25
1 0 0 0 1 0 0 0 1
1 0 0 0 1 0 0 0 1
22 48 722.7113474802566 16.67 3 3 26 27
1 0 0 0 1 0 0 0 1
1 0 0 0 1 0 0 0 1
119 62 54.6259470051088 16.67 3 3 28 29
1 0 0 0 1 0 0 0 1
1 0 0 0 1 0 0 0 1
119 163 423.6098103049741 16.67 3 3 30 31
1 0 0 0 1 0 0 0 1
1 0 0 0 1 0 0 0 1
120 50 193.5080533282991 16.67 3 3 32 33
1 0 0 0 1 0 0 0 1
1 0 0 0 1 0 0 0 1
120 57 101.48419103707036 16.67 3 3 34 35
1 0 0 0 1 0 0 0 1
1 0 0 0 1 0 0 0 1
120 49 443.8917485195756 16.67 3 3 36 37
1 0 0 0 1 0 0 0 1
1 0 0 0 1 0 0 0 1
122 124 127.3647583985609 16.67 3 3 38 39
1 0 0 0 1 0 0 0 1
1 0 0 0 1 0 0 0 1
122 9 301.10872405859885 16.67 3 3 40 41
1 0 0 0 1 0 0 0 1
1 0 0 0 1 0 0 0 1
3 43 865.181583881906 16.67 3 3 42 43
1 0 0 0 1 0 0 0 1
1 0 0 0 1 0 0 0 1
3 37 141.50039348501625 16.67 3 3 44 45
1 0 0 0 1 0 0 0 1
1 0 0 0 1 0 0 0 1
123 74 327.267355888933 16.67 3 3 46 47
1 0 0 0 1 0 0 0 1
1 0 0 0 1 0 0 0 1
123 83 1711.774225837424 16.67 3 3 48 49
1 0 0 0 1 0 0 0 1
1 0 0 0 1 0 0 0 1
123 59 589.8121280857373 16.67 3 3 50 51
1 0 0 0 1 0 0 0 1
1 0 0 0 1 0 0 0 1
124 157 508.97666625321204 16.67 3 3 52 53
1 0 0 0 1 0 0 0 1
1 0 0 0 1 0 0 0 1
125 43 73.44013586440153 16.67 3 3 54 55
1 0 0 0 1 0 0 0 1
1 0 0 0 1 0 0 0 1
125 54 203.13228136517913 16.67 3 3 56 57
1 0 0 0 1 0 0 0 1
1 0 0 0 1 0 0 0 1
126 75 555.6574848723396 16.67 3 3 58 59
1 0 0 0 1 0 0 0 1
1 0 0 0 1 0 0 0 1
126 14 320.8893665550347 16.67 3 3 60 61
1 0 0 0 1 0 0 0 1
1 0 0 0 1 0 0 0 1
126 13 731.749019566148 16.67 3 3 62 63
1 0 0 0 1 0 0 0 1
1 0 0 0 1 0 0 0 1
127 63 76.500916655325 16.67 3 3 64 65
1 0 0 0 1 0 0 0 1
1 0 0 0 1 0 0 0 1
127 90 316.5228365417442 16.67 3 3 66 67
1 0 0 0 1 0 0 0 1
1 0 0 0 1 0 0 0 1
16 153 912.2276847184498 16.67 3 3 68 69
1 0 0 0 1 0 0 0 1
1 0 0 0 1 0 0 0 1
16 45 56.12888647026117 16.67 3 3 70 71
1 0 0 0 1 0 0 0 1
1 0 0 0 1 0 0 0 1
128 144 88.67825193941931 16.67 3 3 72 73
1 0 0 0 1 0 0 0 1
1 0 0 0 1 0 0 0 1
128 56 127.29040326597956 16.67 3 3 74 75
1 0 0 0 1 0 0 0 1
1 0 0 0 1 0 0 0 1
128 38 903.894383502759 16.67 3 3 76 77
1 0 0 0 1 0 0 0 1
1 0 0 0 1 0 0 0 1
25 104 52.611394259563326 16.67 3 3 78 79
1 0 0 0 1 0 0 0 1
1 0 0 0 1 0 0 0 1
25 93 458.86484933759135 16.67 3 3 80 81
1 0 0 0 1 0 0 0 1
1 0 0 0 1 0 0 0 1
129 108 223.88650380113964 16.67 3 3 82 83
1 0 0 0 1 0 0 0 1
1 0 0 0 1 0 0 0 1
129 70 236.25363980990446 16.67 3 3 84 85
1 0 0 0 1 0 0 0 1
1 0 0 0 1 0 0 0 1
129 166 321.35364017308467 16.67 3 3 86 87
1 0 0 0 1 0 0 0 1
1 0 0 0 1 0 0 0 1
129 17 46.01422358658175 16.67 3 3 88 89
1 0 0 0 1 0 0 0 1
1 0 0 0 1 0 0 0 1
130 114 185.0982384253206 16.67 3 3 90 91
1 0 0 0 1 0 0 0 1
1 0 0 0 1 0 0 0 1
130 150 261.2929276752393 16.67 3 3 92 93
1 0 0 0 1 0 0 0 1
1 0 0 0 1 0 0 0 1
130 85 87.594088804757 16.67 3 3 94 95
1 0 0 0 1 0 0 0 1
1 0 0 0 1 0 0 0 1
132 74 952.4130049185609 16.67 3 3 96 97
1 0 0 0 1 0 0 0 1
1 0 0 0 1 0 0 0 1
132 160 520.9771587546719 16.67 3 3 98 99
1 0 0 0 1 0 0 0 1
1 0 0 0 1 0 0 0 1
132 147 103.54307217338682 16.67 3 3 100 101
1 0 0 0 1 0 0 0 1
1 0 0 0 1 0 0 0 1
133 57 922.1335359853053 16.67 3 3 102 103
1 0 0 0 1 0 0 0 1
1 0 0 0 1 0 0 0 1
133 28 197.06896636795932 16.67 3 3 104 105
1 0 0 0 1 0 0 0 1
1 0 0 0 1 0 0 0 1
134 55 117.33048143317002 16.67 3 3 106 107
1 0 0 0 1 0 0 0 1
1 0 0 0 1 0 0 0 1
134 169 362.69388824616 16.67 3 3 108 109
1 0 0 0 1 0 0 0 1
1 0 0 0 1 0 0 0 1
134 101 139.98407499784005 16.67 3 3 110 111
1 0 0 0 1 0 0 0 1
1 0 0 0 1 0 0 0 1
40 80 207.0604171041821 16.67 3 3 112 113
1 0 0 0 1 0 0 0 1
1 0 0 0 1 0 0 0 1
40 164 143.38967449453273 16.67 3 3 114 115
1 0 0 0 1 0 0 0 1
1 0 0 0 1 0 0 0 1
135 75 523.0137762807387 16.67 3 3 116 117
1 0 0 0 1 0 0 0 1
1 0 0 0 1 0 0 0 1
135 140 561.4317179671945 16.67 3 3 118 119
1 0 0 0 1 0 0 0 1
1 0 0 0 1 0 0 0 1
135 46 560.079424227265 16.67 3 3 120 121
1 0 0 0 1 0 0 0 1
1 0 0 0 1 0 0 0 1
136 99 245.9941416933023 16.67 3 3 122 123
1 0 0 0 1 0 0 0 1
1 0 0 0 1 0 0 0 1
136 153 324.68713523909605 16.67 3 3 124 125
1 0 0 0 1 0 0 0 1
1 0 0 0 1 0 0 0 1
136 71 592.6731469668327 16.67 3 3 126 127
1 0 0 0 1 0 0 0 1
1 0 0 0 1 0 0 0 1
138 115 1236.265878446123 16.67 3 3 128 129
1 0 0 0 1 0 0 0 1
1 0 0 0 1 0 0 0 1
138 48 103.45677681171962 16.67 3 3 130 131
1 0 0 0 1 0 0 0 1
1 0 0 0 1 0 0 0 1
139 152 165.69687261618682 16.67 3 3 132 133
1 0 0 0 1 0 0 0 1
1 0 0 0 1 0 0 0 1
139 97 162.64991849407343 16.67 3 3 134 135
1 0 0 0 1 0 0 0 1
1 0 0 0 1 0 0 0 1
139 154 151.11733431315895 16.67 3 3 136 137
1 0 0 0 1 0 0 0 1
1 0 0 0 1 0 0 0 1
140 61 58.12489960954058 16.67 3 3 138 139
1 0 0 0 1 0 0 0 1
1 0 0 0 1 0 0 0 1
140 79 293.34606625502266 16.67 3 3 140 141
1 0 0 0 1 0 0 0 1
1 0 0 0 1 0 0 0 1
140 95 628.8532618102699 16.67 3 3 142 143
1 0 0 0 1 0 0 0 1
1 0 0 0 1 0 0 0 1
141 161 319.011452985679 16.67 3 3 144 145
1 0 0 0 1 0 0 0 1
1 0 0 0 1 0 0 0 1
141 17 128.98488951898145 16.67 3 3 146 147
1 0 0 0 1 0 0 0 1
1 0 0 0 1 0 0 0 1
142 61 262.9011938807557 16.67 3 3 148 149
1 0 0 0 1 0 0 0 1
1 0 0 0 1 0 0 0 1
142 96 196.80585091389506 16.67 3 3 150 151
1 0 0 0 1 0 0 0 1
1 0 0 0 1 0 0 0 1
142 79 100.7431597572281 16.67 3 3 152 153
1 0 0 0 1 0 0 0 1
1 0 0 0 1 0 0 0 1
142 148 452.3587881151741 16.67 3 3 154 155
1 0 0 0 1 0 0 0 1
1 0 0 0 1 0 0 0 1
143 167 141.11814362975164 16.67 3 3 156 157
1 0 0 0 1 0 0 0 1
1 0 0 0 1 0 0 0 1
143 157 101.60128291907898 16.67 3 3 158 159
1 0 0 0 1 0 0 0 1
1 0 0 0 1 0 0 0 1
143 151 240.07819963099806 16.67 3 3 160 161
1 0 0 0 1 0 0 0 1
1 0 0 0 1 0 0 0 1
144 56 39.254438391278974 16.67 3 3 162 163
1 0 0 0 1 0 0 0 1
1 0 0 0 1 0 0 0 1
144 97 152.86484619826817 16.67 3 3 164 165
1 0 0 0 1 0 0 0 1
1 0 0 0 1 0 0 0 1
144 93 1527.8028610014746 16.67 3 3 166 167
1 0 0 0 1 0 0 0 1
1 0 0 0 1 0 0 0 1
145 89 48.97940028792566 16.67 3 3 168 169
1 0 0 0 1 0 0 0 1
1 0 0 0 1 0 0 0 1
145 100 188.0180064033624 16.67 3 3 170 171
1 0 0 0 1 0 0 0 1
1 0 0 0 1 0 0 0 1
145 87 33.29130533899741 16.67 3 3 172 173
1 0 0 0 1 0 0 0 1
1 0 0 0 1 0 0 0 1
146 5 831.7805377694083 16.67 3 3 174 175
1 0 0 0 1 0 0 0 1
1 0 0 0 1 0 0 0 1
146 37 1120.967514151362 16.67 3 3 176 177
1 0 0 0 1 0 0 0 1
1 0 0 0 1 0 0 0 1
146 76 335.5711183463837 16.67 3 3 178 179
1 0 0 0 1 0 0 0 1
1 0 0 0 1 0 0 0 1
147 65 410.28270674068807 16.67 3 3 180 181
1 0 0 0 1 0 0 0 1
1 0 0 0 1 0 0 0 1
148 152 156.65664770170417 16.67 3 3 182 183
1 0 0 0 1 0 0 0 1
1 0 0 0 1 0 0 0 1
148 158 153.3908941396707 16.67 3 3 184 185
1 0 0 0 1 0 0 0 1
1 0 0 0 1 0 0 0 1
148 154 157.8761505483316 16.67 3 3 186 187
1 0 0 0 1 0 0 0 1
1 0 0 0 1 0 0 0 1
149 1 195.2741008742892 16.67 3 3 188 189
1 0 0 0 1 0 0 0 1
1 0 0 0 1 0 0 0 1
149 31 333.3797859481358 16.67 3 3 190 191
1 0 0 0 1 0 0 0 1
1 0 0 0 1 0 0 0 1
150 114 161.7886411825801 16.67 3 3 192 193
1 0 0 0 1 0 0 0 1
1 0 0 0 1 0 0 0 1
150 30 497.0335548956706 16.67 3 3 194 195
1 0 0 0 1 0 0 0 1
1 0 0 0 1 0 0 0 1
150 160 453.2152467742352 16.67 3 3 196 197
1 0 0 0 1 0 0 0 1
1 0 0 0 1 0 0 0 1
151 11 720.09033857929 16.67 3 3 198 199
1 0 0 0 1 0 0 0 1
1 0 0 0 1 0 0 0 1
151 4 731.3484632562215 16.67 3 3 200 201
1 0 0 0 1 0 0 0 1
1 0 0 0 1 0 0 0 1
21 93 1016.9919614271847 16.67 3 3 202 203
1 0 0 0 1 0 0 0 1
1 0 0 0 1 0 0 0 1
21 60 448.2495400684676 16.67 3 3 204 205
1 0 0 0 1 0 0 0 1
1 0 0 0 1 0 0 0 1
21 110 127.93684581399539 16.67 3 3 206 207
1 0 0 0 1 0 0 0 1
1 0 0 0 1 0 0 0 1
152 96 659.0302865062808 16.67 3 3 208 209
1 0 0 0 1 0 0 0 1
1 0 0 0 1 0 0 0 1
153 99 185.20913696719956 16.67 3 3 210 211
1 0 0 0 1 0 0 0 1
1 0 0 0 1 0 0 0 1
153 18 273.41329194048285 16.67 3 3 212 213
1 0 0 0 1 0 0 0 1
1 0 0 0 1 0 0 0 1
32 41 752.3825114348914 16.67 3 3 214 215
1 0 0 0 1 0 0 0 1
1 0 0 0 1 0 0 0 1
32 54 186.31929426019371 16.67 3 3 216 217
1 0 0 0 1 0 0 0 1
1 0 0 0 1 0 0 0 1
154 106 490.34855010511666 16.67 3 3 218 219
1 0 0 0 1 0 0 0 1
1 0 0 0 1 0 0 0 1
30 114 608.830895351175 16.67 3 3 220 221
1 0 0 0 1 0 0 0 1
1 0 0 0 1 0 0 0 1
30 121 1047.9275583325477 16.67 3 3 222 223
1 0 0 0 1 0 0 0 1
1 0 0 0 1 0 0 0 1
157 167 242.32996493062024 16.67 3 3 224 225
1 0 0 0 1 0 0 0 1
1 0 0 0 1 0 0 0 1
23 10 249.38348449711953 16.67 3 3 226 227
1 0 0 0 1 0 0 0 1
1 0 0 0 1 0 0 0 1
23 169 106.29244605627775 16.67 3 3 228 229
1 0 0 0 1 0 0 0 1
1 0 0 0 1 0 0 0 1
158 79 303.0562588060132 16.67 3 3 230 231
1 0 0 0 1 0 0 0 1
1 0 0 0 1 0 0 0 1
158 70 389.7808077667392 16.67 3 3 232 233
1 0 0 0 1 0 0 0 1
1 0 0 0 1 0 0 0 1
45 111 91.29600739747713 16.67 3 3 234 235
1 0 0 0 1 0 0 0 1
1 0 0 0 1 0 0 0 1
45 81 128.0801630207686 16.67 3 3 236 237
1 0 0 0 1 0 0 0 1
1 0 0 0 1 0 0 0 1
45 13 81.5480615172878 16.67 3 3 238 239
1 0 0 0 1 0 0 0 1
1 0 0 0 1 0 0 0 1
46 82 382.091119011044 16.67 3 3 240 241
1 0 0 0 1 0 0 0 1
1 0 0 0 1 0 0 0 1
46 102 958.7551317697071 16.67 3 3 242 243
1 0 0 0 1 0 0 0 1
1 0 0 0 1 0 0 0 1
46 66 453.87353886649555 16.67 3 3 244 245
1 0 0 0 1 0 0 0 1
1 0 0 0 1 0 0 0 1
47 103 814.1793257249146 16.67 3 3 246 247
1 0 0 0 1 0 0 0 1
1 0 0 0 1 0 0 0 1
47 67 310.80581075569484 16.67 3 3 248 249
1 0 0 0 1 0 0 0 1
1 0 0 0 1 0 0 0 1
47 65 106.66347540793946 16.67 3 3 250 251
1 0 0 0 1 0 0 0 1
1 0 0 0 1 0 0 0 1
48 63 687.0211201403018 16.67 3 3 252 253
1 0 0 0 1 0 0 0 1
1 0 0 0 1 0 0 0 1
49 71 208.82770972127307 16.67 3 3 254 255
1 0 0 0 1 0 0 0 1
1 0 0 0 1 0 0 0 1
49 33 965.1483690418255 16.67 3 3 256 257
1 0 0 0 1 0 0 0 1
1 0 0 0 1 0 0 0 1
50 44 387.0783430074234 16.67 3 3 258 259
1 0 0 0 1 0 0 0 1
1 0 0 0 1 0 0 0 1
50 53 142.11214308729532 16.67 3 3 260 261
1 0 0 0 1 0 0 0 1
1 0 0 0 1 0 0 0 1
50 163 85.44914402653993 16.67 3 3 262 263
1 0 0 0 1 0 0 0 1
1 0 0 0 1 0 0 0 1
51 72 353.1430182798996 16.67 3 3 264 265
1 0 0 0 1 0 0 0 1
1 0 0 0 1 0 0 0 1
51 69 188.77505161550238 16.67 3 3 266 267
1 0 0 0 1 0 0 0 1
1 0 0 0 1 0 0 0 1
52 161 2011.886644247008 16.67 3 3 268 269
1 0 0 0 1 0 0 0 1
1 0 0 0 1 0 0 0 1
52 68 1051.3206025626373 16.67 3 3 270 271
1 0 0 0 1 0 0 0 1
1 0 0 0 1 0 0 0 1
53 156 369.1616114102452 16.67 3 3 274 275
1 0 0 0 1 0 0 0 1
1 0 0 0 1 0 0 0 1
53 44 455.42249710574276 16.67 3 3 276 277
1 0 0 0 1 0 0 0 1
1 0 0 0 1 0 0 0 1
54 12 771.2675566145026 16.67 3 3 278 279
1 0 0 0 1 0 0 0 1
1 0 0 0 1 0 0 0 1
55 162 121.39290901221959 16.67 3 3 280 281
1 0 0 0 1 0 0 0 1
1 0 0 0 1 0 0 0 1
56 85 372.4013937995932 16.67 3 3 282 283
1 0 0 0 1 0 0 0 1
1 0 0 0 1 0 0 0 1
58 80 29.621923743962764 16.67 3 3 284 285
1 0 0 0 1 0 0 0 1
1 0 0 0 1 0 0 0 1
58 72 659.7845139765589 16.67 3 3 286 287
1 0 0 0 1 0 0 0 1
1 0 0 0 1 0 0 0 1
58 59 671.8700133577213 16.67 3 3 288 289
1 0 0 0 1 0 0 0 1
1 0 0 0 1 0 0 0 1
59 98 582.7904963439303 16.67 3 3 290 291
1 0 0 0 1 0 0 0 1
1 0 0 0 1 0 0 0 1
160 67 1188.990887273894 16.67 3 3 292 293
1 0 0 0 1 0 0 0 1
1 0 0 0 1 0 0 0 1
61 95 619.9677720785584 16.67 3 3 294 295
1 0 0 0 1 0 0 0 1
1 0 0 0 1 0 0 0 1
12 34 191.78648968127223 16.67 3 3 296 297
1 0 0 0 1 0 0 0 1
1 0 0 0 1 0 0 0 1
12 27 101.09543876664928 16.67 3 3 298 299
1 0 0 0 1 0 0 0 1
1 0 0 0 1 0 0 0 1
62 99 74.54488876942996 16.67 3 3 300 301
1 0 0 0 1 0 0 0 1
1 0 0 0 1 0 0 0 1
63 94 185.5500791326063 16.67 3 3 302 303
1 0 0 0 1 0 0 0 1
1 0 0 0 1 0 0 0 1
161 166 810.3589353759687 16.67 3 3 304 305
1 0 0 0 1 0 0 0 1
1 0 0 0 1 0 0 0 1
64 74 399.88024313953633 16.67 3 3 306 307
1 0 0 0 1 0 0 0 1
1 0 0 0 1 0 0 0 1
64 8 394.7575774852453 16.67 3 3 308 309
1 0 0 0 1 0 0 0 1
1 0 0 0 1 0 0 0 1
64 98 311.18295053957456 16.67 3 3 310 311
1 0 0 0 1 0 0 0 1
1 0 0 0 1 0 0 0 1
66 92 391.53885550299447 16.67 3 3 312 313
1 0 0 0 1 0 0 0 1
1 0 0 0 1 0 0 0 1
66 82 297.2883133337847 16.67 3 3 314 315
1 0 0 0 1 0 0 0 1
1 0 0 0 1 0 0 0 1
67 117 198.85079169602614 16.67 3 3 316 317
1 0 0 0 1 0 0 0 1
1 0 0 0 1 0 0 0 1
67 170 99.36422216765547 16.67 3 3 318 319
1 0 0 0 1 0 0 0 1
1 0 0 0 1 0 0 0 1
68 106 1115.441379407519 16.67 3 3 320 321
1 0 0 0 1 0 0 0 1
1 0 0 0 1 0 0 0 1
69 109 764.2714807022201 16.67 3 3 322 323
1 0 0 0 1 0 0 0 1
1 0 0 0 1 0 0 0 1
70 106 430.52584991598366 16.67 3 3 324 325
1 0 0 0 1 0 0 0 1
1 0 0 0 1 0 0 0 1
71 24 1110.869169858903 16.67 3 3 326 327
1 0 0 0 1 0 0 0 1
1 0 0 0 1 0 0 0 1
72 73 617.9177130000538 16.67 3 3 328 329
1 0 0 0 1 0 0 0 1
1 0 0 0 1 0 0 0 1
72 164 285.3779108705179 16.67 3 3 330 331
1 0 0 0 1 0 0 0 1
1 0 0 0 1 0 0 0 1
162 107 2732.275838548144 16.67 3 3 332 333
1 0 0 0 1 0 0 0 1
1 0 0 0 1 0 0 0 1
73 167 394.4540105114334 16.67 3 3 334 335
1 0 0 0 1 0 0 0 1
1 0 0 0 1 0 0 0 1
73 4 33.28508931293993 16.67 3 3 336 337
1 0 0 0 1 0 0 0 1
1 0 0 0 1 0 0 0 1
15 137 57.21049549894754 16.67 3 3 338 339
1 0 0 0 1 0 0 0 1
1 0 0 0 1 0 0 0 1
15 42 792.9902371641855 16.67 3 3 340 341
1 0 0 0 1 0 0 0 1
1 0 0 0 1 0 0 0 1
15 6 64.8991143118496 16.67 3 3 342 343
1 0 0 0 1 0 0 0 1
1 0 0 0 1 0 0 0 1
74 91 690.8743555327005 16.67 3 3 344 345
1 0 0 0 1 0 0 0 1
1 0 0 0 1 0 0 0 1
44 88 270.18343922794446 16.67 3 3 346 347
1 0 0 0 1 0 0 0 1
1 0 0 0 1 0 0 0 1
75 95 425.3865713772315 16.67 3 3 348 349
1 0 0 0 1 0 0 0 1
1 0 0 0 1 0 0 0 1
75 81 922.3292633890384 16.67 3 3 350 351
1 0 0 0 1 0 0 0 1
1 0 0 0 1 0 0 0 1
76 112 928.3059807380912 16.67 3 3 352 353
1 0 0 0 1 0 0 0 1
1 0 0 0 1 0 0 0 1
76 105 356.4710615280742 16.67 3 3 354 355
1 0 0 0 1 0 0 0 1
1 0 0 0 1 0 0 0 1
31 85 554.2315182646445 16.67 3 3 356 357
1 0 0 0 1 0 0 0 1
1 0 0 0 1 0 0 0 1
77 112 79.46252362627976 16.67 3 3 358 359
1 0 0 0 1 0 0 0 1
1 0 0 0 1 0 0 0 1
77 38 606.3273869629987 16.67 3 3 360 361
1 0 0 0 1 0 0 0 1
1 0 0 0 1 0 0 0 1
78 100 228.00579492808833 16.67 3 3 362 363
1 0 0 0 1 0 0 0 1
1 0 0 0 1 0 0 0 1
79 82 351.1450450955108 16.67 3 3 364 365
1 0 0 0 1 0 0 0 1
1 0 0 0 1 0 0 0 1
165 108 32.59695742141714 16.67 3 3 366 367
1 0 0 0 1 0 0 0 1
1 0 0 0 1 0 0 0 1
165 84 133.83619480603977 16.67 3 3 368 369
1 0 0 0 1 0 0 0 1
1 0 0 0 1 0 0 0 1
82 166 174.68982395078217 16.67 3 3 370 371
1 0 0 0 1 0 0 0 1
1 0 0 0 1 0 0 0 1
83 90 89.24761780569902 16.67 3 3 372 373
1 0 0 0 1 0 0 0 1
1 0 0 0 1 0 0 0 1
84 86 1003.4131855561928 16.67 3 3 374 375
1 0 0 0 1 0 0 0 1
1 0 0 0 1 0 0 0 1
84 92 175.01047806729056 16.67 3 3 376 377
1 0 0 0 1 0 0 0 1
1 0 0 0 1 0 0 0 1
85 19 998.3175030761452 16.67 3 3 378 379
1 0 0 0 1 0 0 0 1
1 0 0 0 1 0 0 0 1
87 168 66.0439537132762 16.67 3 3 380 381
1 0 0 0 1 0 0 0 1
1 0 0 0 1 0 0 0 1
87 100 202.6497466088682 16.67 3 3 382 383
1 0 0 0 1 0 0 0 1
1 0 0 0 1 0 0 0 1
87 39 60.036411609822984 16.67 3 3 384 385
1 0 0 0 1 0 0 0 1
1 0 0 0 1 0 0 0 1
88 99 431.1535960093504 16.67 3 3 386 387
1 0 0 0 1 0 0 0 1
1 0 0 0 1 0 0 0 1
88 131 87.34167087651383 16.67 3 3 388 389
1 0 0 0 1 0 0 0 1
1 0 0 0 1 0 0 0 1
89 168 43.02791004354589 16.67 3 3 390 391
1 0 0 0 1 0 0 0 1
1 0 0 0 1 0 0 0 1
18 111 625.6614967059506 16.67 3 3 392 393
1 0 0 0 1 0 0 0 1
1 0 0 0 1 0 0 0 1
91 103 147.76598849902274 16.67 3 3 394 395
1 0 0 0 1 0 0 0 1
1 0 0 0 1 0 0 0 1
91 115 235.27699103267605 16.67 3 3 396 397
1 0 0 0 1 0 0 0 1
1 0 0 0 1 0 0 0 1
168 20 104.131253011098 16.67 3 3 398 399
1 0 0 0 1 0 0 0 1
1 0 0 0 1 0 0 0 1
38 96 78.13075144544682 16.67 3 3 400 401
1 0 0 0 1 0 0 0 1
1 0 0 0 1 0 0 0 1
92 108 181.25823682317562 16.67 3 3 402 403
1 0 0 0 1 0 0 0 1
1 0 0 0 1 0 0 0 1
92 159 398.90364015841 16.67 3 3 404 405
1 0 0 0 1 0 0 0 1
1 0 0 0 1 0 0 0 1
94 155 228.90031767208507 16.67 3 3 406 407
1 0 0 0 1 0 0 0 1
1 0 0 0 1 0 0 0 1
95 36 123.37951212092483 16.67 3 3 408 409
1 0 0 0 1 0 0 0 1
1 0 0 0 1 0 0 0 1
97 114 477.901430302651 16.67 3 3 410 411
1 0 0 0 1 0 0 0 1
1 0 0 0 1 0 0 0 1
100 29 1002.775238873704 16.67 3 3 412 413
1 0 0 0 1 0 0 0 1
1 0 0 0 1 0 0 0 1
101 111 21.861323679562148 16.67 3 3 414 415
1 0 0 0 1 0 0 0 1
1 0 0 0 1 0 0 0 1
170 29 168.75591127751792 16.67 3 3 416 417
1 0 0 0 1 0 0 0 1
1 0 0 0 1 0 0 0 1
104 112 199.81985153115153 16.67 3 3 418 419
1 0 0 0 1 0 0 0 1
1 0 0 0 1 0 0 0 1
104 5 195.04865135672438 16.67 3 3 420 421
1 0 0 0 1 0 0 0 1
1 0 0 0 1 0 0 0 1
7 10 128.47411210313464 16.67 3 3 422 423
1 0 0 0 1 0 0 0 1
1 0 0 0 1 0 0 0 1
7 105 70.04524049205115 16.67 3 3 424 425
1 0 0 0 1 0 0 0 1
1 0 0 0 1 0 0 0 1
105 36 473.7052185723243 16.67 3 3 426 427
1 0 0 0 1 0 0 0 1
1 0 0 0 1 0 0 0 1
110 113 205.35807065985858 16.67 3 3 428 429
1 0 0 0 1 0 0 0 1
1 0 0 0 1 0 0 0 1
110 2 242.01358172473834 16.67 3 3 430 431
1 0 0 0 1 0 0 0 1
1 0 0 0 1 0 0 0 1
170
1 -1 -1 -1 189
2 -1 -1 -1 431
3 44 -1 42 -1
4 201 -1 337 -1
5 421 -1 175 -1
6 -1 -1 343 -1
7 424 -1 422 -1
8 309 -1 -1 -1
9 -1 -1 41 -1
10 423 -1 227 -1
11 -1 -1 199 -1
12 -1 296 298 279
13 63 239 -1 -1
14 -1 61 -1 -1
15 342 -1 340 338
16 -1 -1 68 70
17 147 -1 89 -1
18 392 -1 213 -1
19 -1 -1 -1 379
20 -1 -1 -1 399
21 204 206 202 -1
22 26 22 20 24
23 226 -1 228 -1
24 327 -1 -1 -1
25 -1 80 -1 78
26 16 -1 18 -1
27 299 -1 -1 -1
28 105 -1 -1 -1
29 413 -1 417 -1
30 222 195 220 -1
31 -1 191 -1 356
32 216 -1 214 -1
33 257 -1 -1 -1
34 297 -1 -1 -1
35 -1 -1 17 -1
36 409 -1 427 -1
37 177 -1 45 -1
38 77 -1 361 400
39 -1 -1 385 -1
40 112 -1 114 -1
41 215 -1 -1 -1
42 341 -1 -1 -1
43 43 -1 55 -1
44 346 -1 277 259
45 236 234 71 238
46 244 240 121 242
47 246 248 250 -1
48 19 27 131 252
49 254 37 256 -1
50 258 260 33 262
51 264 -1 11 266
52 15 270 -1 268
53 276 274 -1 261
54 57 278 217 -1
55 107 -1 280 -1
56 -1 282 75 163
57 -1 -1 103 35
58 -1 288 286 284
59 289 51 290 -1
60 -1 -1 205 -1
61 149 -1 294 139
62 300 -1 29 -1
63 302 253 65 -1
64 -1 306 308 310
65 251 -1 -1 181
66 312 314 245 -1
67 318 316 293 249
68 271 -1 320 -1
69 322 267 13 -1
70 324 -1 233 85
71 127 255 326 -1
72 330 287 265 328
73 334 336 329 -1
74 47 344 97 307
75 117 348 350 59
76 352 -1 179 354
77 360 -1 358 -1
78 25 -1 362 7
79 231 153 141 364
80 -1 285 113 -1
81 351 -1 237 -1
82 370 365 241 315
83 372 -1 49 -1
84 374 369 376 -1
85 95 378 357 283
86 -1 -1 375 -1
87 380 384 382 173
88 -1 388 347 386
89 21 390 169 3
90 67 -1 373 -1
91 396 5 394 345
92 377 402 313 404
93 167 203 -1 81
94 406 -1 303 -1
95 143 295 408 349
96 209 -1 401 151
97 410 165 135 -1
98 291 311 -1 -1
99 211 387 301 123
100 363 383 412 171
101 -1 111 -1 414
102 -1 243 -1 -1
103 395 -1 247 -1
104 418 79 420 -1
105 426 355 425 -1
106 321 -1 219 325
107 333 -1 -1 -1
108 -1 83 403 367
109 -1 -1 323 -1
110 -1 428 430 207
111 -1 415 393 235
112 359 419 353 -1
113 -1 -1 -1 429
114 221 193 91 411
115 129 -1 397 -1
116 2 6 8 4
117 -1 -1 -1 317
118 10 -1 14 12
119 28 -1 30 -1
120 32 34 -1 36
121 -1 -1 223 -1
122 40 -1 38 -1
123 48 -1 46 50
124 39 -1 52 -1
125 54 -1 56 -1
126 -1 58 62 60
127 64 -1 66 -1
128 72 74 76 -1
129 88 84 86 82
130 92 -1 94 90
131 -1 -1 -1 389
132 96 100 98 -1
133 102 -1 104 -1
134 108 -1 106 110
135 120 118 116 -1
136 124 122 126 -1
137 -1 -1 339 -1
138 130 -1 128 -1
139 134 -1 132 136
140 140 138 142 119
141 144 -1 146 -1
142 154 150 148 152
143 160 -1 156 158
144 162 166 73 164
145 168 172 170 9
146 174 -1 176 178
147 -1 180 101 -1
148 186 182 155 184
149 -1 188 -1 190
150 194 196 93 192
151 198 200 161 -1
152 133 -1 208 183
153 69 210 125 212
154 218 137 187 -1
155 -1 -1 407 -1
156 -1 -1 -1 275
157 53 159 224 -1
158 232 185 230 -1
159 -1 405 -1 -1
160 99 292 197 -1
161 269 304 145 -1
162 281 -1 332 -1
163 31 -1 263 -1
164 115 -1 331 -1
165 -1 366 -1 368
166 305 -1 371 87
167 157 -1 335 225
168 23 398 381 391
169 229 -1 109 -1
170 416 -1 319 -1
