65
47.5447121 7.6043754 1 0
47.5433426 7.5781918 2 0
47.5523109 7.5763125 3 0
47.544342 7.6058059 4 0
47.5451965 7.6024747 5 0
47.549675 7.5755768 6 0
47.5433197 7.5832167 7 0
47.5512886 7.5754399 8 0
47.551178 7.5796752 9 1
47.5583611 7.580513 10 0
47.5473099 7.6099038 11 0
47.5583115 7.597733 12 0
47.5541649 7.6101704 13 0
47.5562706 7.5754342 14 0
47.5583839 7.5975847 15 0
47.547869 7.5983192 16 1
47.548776 7.591215 17 1
47.5538521 7.6092432 18 1
47.5439671 7.5812073 19 1
47.5508967 7.5869747 20 0
47.5512968 7.5953149 21 1
47.5470065 7.5844914 22 1
47.5523374 7.6010347 23 1
47.5537488 7.5921285 24 1
47.5497671 7.5881444 25 1
47.548834 7.5876569 26 1
47.5511424 7.5872602 27 1
47.5469362 7.5979933 28 1
47.5528191 7.5862567 29 1
47.5540573 7.5856312 30 0
47.54654 7.6007644 31 1
47.5530971 7.5772438 32 1
47.5442405 7.5755313 33 1
47.5535908 7.5754354 34 0
47.5488856 7.585968 35 1
47.5450917 7.603265 36 1
47.5434066 7.5991468 37 0
47.5515181 7.5946962 38 0
47.5496977 7.5894581 39 1
47.552803 7.5951674 40 1
47.5570475 7.5753662 41 0
47.544994 7.5990217 42 1
47.5517049 7.5964308 43 1
47.5433127 7.589461 44 0
47.5546572 7.5946146 45 1
47.5437069 7.6100118 46 0
47.5469614 7.593865 47 1
47.5478554 7.5927628 48 1
47.5497112 7.5884251 49 1
47.546093 7.5964178 50 1
47.5521507 7.5855667 51 1
47.5492047 7.5897925 52 1
47.5438029 7.6099992 53 1
47.5457699 7.5832098 54 1
47.5527275 7.5914565 55 0
47.5537987 7.5765838 56 1
47.5433273 7.5988073 57 0
47.5510737 7.5797222 58 1
47.5511627 7.5793786 59 1
47.5439905 7.6082493 60 1
47.5505235 7.5857484 61 1
47.5439014 7.5783338 62 1
47.5437622 7.610165 63 0
47.5528208 7.6057811 64 0
47.5543041 7.6101906 65 0
78
49 39 114.87591344922991 16.67 3 3 2 3
1 0 0 0 1 0 0 0 1
1 0 0 0 1 0 0 0 1
49 27 168.28348271979803 16.67 3 3 4 5
1 0 0 0 1 0 0 0 1
1 0 0 0 1 0 0 0 1
49 25 31.495051410323452 16.67 3 3 6 7
1 0 0 0 1 0 0 0 1
1 0 0 0 1 0 0 0 1
50 42 301.0796191649961 16.67 3 3 8 9
1 0 0 0 1 0 0 0 1
1 0 0 0 1 0 0 0 1
50 28 186.28009721406056 16.67 3 3 10 11
1 0 0 0 1 0 0 0 1
1 0 0 0 1 0 0 0 1
50 47 291.2633532910502 16.67 3 3 12 13
1 0 0 0 1 0 0 0 1
1 0 0 0 1 0 0 0 1
51 61 123.78509843058039 16.67 3 3 14 15
1 0 0 0 1 0 0 0 1
1 0 0 0 1 0 0 0 1
51 27 202.95622662579945 16.67 3 3 16 17
1 0 0 0 1 0 0 0 1
1 0 0 0 1 0 0 0 1
51 29 91.67273375156263 16.67 3 3 18 19
1 0 0 0 1 0 0 0 1
1 0 0 0 1 0 0 0 1
52 48 345.47965573551505 16.67 3 3 22 23
1 0 0 0 1 0 0 0 1
1 0 0 0 1 0 0 0 1
52 25 188.07001839918743 16.67 3 3 24 25
1 0 0 0 1 0 0 0 1
1 0 0 0 1 0 0 0 1
52 26 239.10687119665613 16.67 3 3 26 27
1 0 0 0 1 0 0 0 1
1 0 0 0 1 0 0 0 1
53 1 629.0896022735293 16.67 3 3 28 29
1 0 0 0 1 0 0 0 1
1 0 0 0 1 0 0 0 1
53 63 18.688662637514827 16.67 3 3 30 31
1 0 0 0 1 0 0 0 1
1 0 0 0 1 0 0 0 1
53 60 195.10087651349556 16.67 3 3 32 33
1 0 0 0 1 0 0 0 1
1 0 0 0 1 0 0 0 1
54 19 260.5738567997312 16.67 3 3 34 35
1 0 0 0 1 0 0 0 1
1 0 0 0 1 0 0 0 1
54 44 719.1970398580964 16.67 3 3 36 37
1 0 0 0 1 0 0 0 1
1 0 0 0 1 0 0 0 1
54 22 170.07814633005165 16.67 3 3 38 39
1 0 0 0 1 0 0 0 1
1 0 0 0 1 0 0 0 1
55 39 317.9476738948317 16.67 3 3 40 41
1 0 0 0 1 0 0 0 1
1 0 0 0 1 0 0 0 1
55 24 107.04872274958119 16.67 3 3 42 43
1 0 0 0 1 0 0 0 1
1 0 0 0 1 0 0 0 1
56 32 90.32775301470465 16.67 3 3 44 45
1 0 0 0 1 0 0 0 1
1 0 0 0 1 0 0 0 1
56 34 128.65377647276753 16.67 3 3 46 47
1 0 0 0 1 0 0 0 1
1 0 0 0 1 0 0 0 1
56 14 225.29647864056258 16.67 3 3 48 49
1 0 0 0 1 0 0 0 1
1 0 0 0 1 0 0 0 1
58 9 9.412509666898398 16.67 3 3 50 51
1 0 0 0 1 0 0 0 1
1 0 0 0 1 0 0 0 1
58 59 38.78842723406812 16.67 3 3 52 53
1 0 0 0 1 0 0 0 1
1 0 0 0 1 0 0 0 1
58 35 713.6955894706335 16.67 3 3 54 55
1 0 0 0 1 0 0 0 1
1 0 0 0 1 0 0 0 1
59 9 33.00243361930537 16.67 3 3 56 57
1 0 0 0 1 0 0 0 1
1 0 0 0 1 0 0 0 1
59 8 438.0923913107762 16.67 3 3 58 59
1 0 0 0 1 0 0 0 1
1 0 0 0 1 0 0 0 1
60 4 272.9885173646848 16.67 3 3 60 61
1 0 0 0 1 0 0 0 1
1 0 0 0 1 0 0 0 1
60 46 197.14587898314286 16.67 3 3 62 63
1 0 0 0 1 0 0 0 1
1 0 0 0 1 0 0 0 1
61 20 139.2137559872332 16.67 3 3 64 65
1 0 0 0 1 0 0 0 1
1 0 0 0 1 0 0 0 1
61 62 962.7332265872222 16.67 3 3 66 67
1 0 0 0 1 0 0 0 1
1 0 0 0 1 0 0 0 1
62 19 319.5763867741403 16.67 3 3 68 69
1 0 0 0 1 0 0 0 1
1 0 0 0 1 0 0 0 1
62 2 44.81954458717361 16.67 3 3 70 71
1 0 0 0 1 0 0 0 1
1 0 0 0 1 0 0 0 1
16 28 78.83781526887023 16.67 3 3 72 73
1 0 0 0 1 0 0 0 1
1 0 0 0 1 0 0 0 1
16 31 289.63069429222776 16.67 3 3 74 75
1 0 0 0 1 0 0 0 1
1 0 0 0 1 0 0 0 1
16 21 421.67204731167203 16.67 3 3 76 77
1 0 0 0 1 0 0 0 1
1 0 0 0 1 0 0 0 1
17 39 207.25703712472284 16.67 3 3 78 79
1 0 0 0 1 0 0 0 1
1 0 0 0 1 0 0 0 1
17 48 185.4699745977029 16.67 3 3 80 81
1 0 0 0 1 0 0 0 1
1 0 0 0 1 0 0 0 1
17 21 493.6168876998127 16.67 3 3 82 83
1 0 0 0 1 0 0 0 1
1 0 0 0 1 0 0 0 1
17 38 438.42658309590087 16.67 3 3 84 85
1 0 0 0 1 0 0 0 1
1 0 0 0 1 0 0 0 1
18 13 105.74502430802013 16.67 3 3 86 87
1 0 0 0 1 0 0 0 1
1 0 0 0 1 0 0 0 1
18 64 392.69477420549435 16.67 3 3 88 89
1 0 0 0 1 0 0 0 1
1 0 0 0 1 0 0 0 1
18 65 110.67926356383597 16.67 3 3 90 91
1 0 0 0 1 0 0 0 1
1 0 0 0 1 0 0 0 1
19 7 228.6722631294159 16.67 3 3 92 93
1 0 0 0 1 0 0 0 1
1 0 0 0 1 0 0 0 1
19 33 631.5148857206698 16.67 3 3 94 95
1 0 0 0 1 0 0 0 1
1 0 0 0 1 0 0 0 1
20 27 36.71517665134643 16.67 3 3 96 97
1 0 0 0 1 0 0 0 1
1 0 0 0 1 0 0 0 1
21 43 127.81431784237776 16.67 3 3 98 99
1 0 0 0 1 0 0 0 1
1 0 0 0 1 0 0 0 1
21 40 114.22917950512245 16.67 3 3 100 101
1 0 0 0 1 0 0 0 1
1 0 0 0 1 0 0 0 1
22 47 1042.3665561397875 16.67 3 3 102 103
1 0 0 0 1 0 0 0 1
1 0 0 0 1 0 0 0 1
22 35 216.46095547528176 16.67 3 3 104 105
1 0 0 0 1 0 0 0 1
1 0 0 0 1 0 0 0 1
1 36 126.72344065542455 16.67 3 3 106 107
1 0 0 0 1 0 0 0 1
1 0 0 0 1 0 0 0 1
23 64 529.053584193067 16.67 3 3 108 109
1 0 0 0 1 0 0 0 1
1 0 0 0 1 0 0 0 1
23 11 1055.9741169834426 16.67 3 3 110 111
1 0 0 0 1 0 0 0 1
1 0 0 0 1 0 0 0 1
23 43 514.1579732831534 16.67 3 3 112 113
1 0 0 0 1 0 0 0 1
1 0 0 0 1 0 0 0 1
24 45 284.7407952519014 16.67 3 3 114 115
1 0 0 0 1 0 0 0 1
1 0 0 0 1 0 0 0 1
24 38 330.99301184773657 16.67 3 3 116 117
1 0 0 0 1 0 0 0 1
1 0 0 0 1 0 0 0 1
25 29 310.7048135916518 16.67 3 3 118 119
1 0 0 0 1 0 0 0 1
1 0 0 0 1 0 0 0 1
26 39 210.52612201662456 16.67 3 3 120 121
1 0 0 0 1 0 0 0 1
1 0 0 0 1 0 0 0 1
26 35 187.84862508519245 16.67 3 3 122 123
1 0 0 0 1 0 0 0 1
1 0 0 0 1 0 0 0 1
5 36 88.23414027306737 16.67 3 3 124 125
1 0 0 0 1 0 0 0 1
1 0 0 0 1 0 0 0 1
5 42 384.28050105178124 16.67 3 3 126 127
1 0 0 0 1 0 0 0 1
1 0 0 0 1 0 0 0 1
28 42 185.28423354003516 16.67 3 3 128 129
1 0 0 0 1 0 0 0 1
1 0 0 0 1 0 0 0 1
29 30 116.0768252885903 16.67 3 3 130 131
1 0 0 0 1 0 0 0 1
1 0 0 0 1 0 0 0 1
30 10 654.4178426508934 16.67 3 3 132 133
1 0 0 0 1 0 0 0 1
1 0 0 0 1 0 0 0 1
31 36 298.5655468838007 16.67 3 3 134 135
1 0 0 0 1 0 0 0 1
1 0 0 0 1 0 0 0 1
31 42 225.87848097963217 16.67 3 3 136 137
1 0 0 0 1 0 0 0 1
1 0 0 0 1 0 0 0 1
32 41 362.62260453167386 16.67 3 3 138 139
1 0 0 0 1 0 0 0 1
1 0 0 0 1 0 0 0 1
32 9 306.34595828849694 16.67 3 3 140 141
1 0 0 0 1 0 0 0 1
1 0 0 0 1 0 0 0 1
32 3 119.19194335553807 16.67 3 3 142 143
1 0 0 0 1 0 0 0 1
1 0 0 0 1 0 0 0 1
33 6 407.96402133419116 16.67 3 3 144 145
1 0 0 0 1 0 0 0 1
1 0 0 0 1 0 0 0 1
33 33 0.0 16.67 3 3 146 147
1 0 0 0 1 0 0 0 1
1 0 0 0 1 0 0 0 1
37 57 38.21940997603311 16.67 3 3 148 149
1 0 0 0 1 0 0 0 1
1 0 0 0 1 0 0 0 1
40 45 152.13271097049707 16.67 3 3 150 151
1 0 0 0 1 0 0 0 1
1 0 0 0 1 0 0 0 1
40 43 162.88071370557694 16.67 3 3 152 153
1 0 0 0 1 0 0 0 1
1 0 0 0 1 0 0 0 1
45 12 442.11274363525047 16.67 3 3 154 155
1 0 0 0 1 0 0 0 1
1 0 0 0 1 0 0 0 1
45 15 432.7910219710658 16.67 3 3 156 157
1 0 0 0 1 0 0 0 1
1 0 0 0 1 0 0 0 1
47 48 139.7334090653163 16.67 3 3 158 159
1 0 0 0 1 0 0 0 1
1 0 0 0 1 0 0 0 1
38
9 -1 141 57 51
16 74 76 -1 72
17 82 84 78 80
18 86 90 88 -1
19 92 35 94 69
21 98 100 83 77
22 102 104 39 -1
23 108 -1 112 110
24 114 -1 43 116
25 7 118 -1 25
26 27 120 122 -1
27 5 -1 17 97
28 -1 73 11 128
29 -1 130 19 119
31 134 -1 75 136
32 140 138 45 142
33 147 144 146 95
35 123 -1 55 105
36 107 135 125 -1
39 79 41 3 121
40 152 150 -1 101
42 127 129 9 137
43 113 153 99 -1
45 154 156 115 151
47 13 158 103 -1
48 159 81 23 -1
49 2 4 6 -1
50 8 10 12 -1
51 16 18 -1 14
52 22 24 26 -1
53 30 28 32 -1
54 36 38 34 -1
56 -1 48 46 44
58 54 50 52 -1
59 56 -1 58 53
60 33 -1 60 62
61 64 15 66 -1
62 68 67 -1 70
