77
47.2589073 11.3750172 1 0
47.2549324 11.3985529 2 0
47.2548027 11.3965015 3 0
47.2574615 11.3992271 4 0
47.2577477 11.4053984 5 0
47.269577 11.4193258 6 0
47.2812195 11.3930769 7 0
47.2582703 11.4083433 8 0
47.2685623 11.375 9 0
47.2571907 11.4002113 10 0
47.2562332 11.3898401 11 1
47.2553253 11.4129467 12 0
47.2567711 11.3878679 13 1
47.2571106 11.3865328 14 0
47.2577858 11.3823385 15 0
47.2662621 11.3750134 16 0
47.2598076 11.3781366 17 1
47.2548218 11.3801126 18 0
47.2553444 11.413044 19 0
47.2625351 11.4129747 20 0
47.2662182 11.4025663 21 1
47.25636 11.3976293 22 1
47.2624264 11.3948829 23 1
47.2663797 11.4011079 24 1
47.2589722 11.3967551 25 0
47.2624526 11.4135111 26 0
47.2607531 11.4195289 27 1
47.2647919 11.4004093 28 1
47.2791639 11.4039733 29 1
47.2721159 11.3872293 30 1
47.2718658 11.4152989 31 1
47.2623761 11.391267 32 1
47.2649344 11.3752407 33 1
47.2740797 11.4114545 34 0
47.2649581 11.4040596 35 0
47.2690817 11.3903704 36 1
47.2640589 11.3865221 37 1
47.2585832 11.4112409 38 1
47.2562509 11.3961636 39 1
47.2587231 11.3802501 40 1
47.2633578 11.4083813 41 1
47.2631332 11.3997274 42 1
47.2561302 11.3917158 43 1
47.2664173 11.3809453 44 1
47.2655983 11.3842058 45 0
47.2673224 11.3908672 46 1
47.2743324 11.3968618 47 1
47.2633858 11.3750063 48 0
47.257391 11.3828306 49 1
47.2667728 11.3991707 50 1
47.2655973 11.3782141 51 1
47.2751134 11.419734 52 0
47.2642746 11.4001009 53 0
47.2642555 11.4066327 54 0
47.2686729 11.4053218 55 0
47.2701775 11.4111288 56 1
47.259446 11.4102982 57 0
47.2602081 11.3954778 58 0
47.2740502 11.400576 59 1
47.2682754 11.3913853 60 1
47.2773082 11.4008318 61 1
47.2658462 11.3895814 62 1
47.2620239 11.4159653 63 1
47.2701569 11.3818182 64 1
47.2712809 11.3863756 65 1
47.2626734 11.3952384 66 0
47.2642708 11.3749385 67 0
47.2607822 11.4200225 68 0
47.2592449 11.4142404 69 0
47.2748356 11.4103668 70 0
47.2630005 11.3964532 71 1
47.2650223 11.3986613 72 1
47.2661463 11.3831914 73 1
47.2617364 11.416436 74 0
47.2739687 11.3942459 75 1
47.264341 11.4055662 76 0
47.255497 11.3761587 77 0
95
75 36 567.1728746831362 16.67 3 3 2 3
1 0 0 0 1 0 0 0 1
1 0 0 0 1 0 0 0 1
75 29 1150.5344168359018 16.67 3 3 4 5
1 0 0 0 1 0 0 0 1
1 0 0 0 1 0 0 0 1
75 30 792.6823972533448 16.67 3 3 6 7
1 0 0 0 1 0 0 0 1
1 0 0 0 1 0 0 0 1
32 62 322.04515431981116 16.67 3 3 8 9
1 0 0 0 1 0 0 0 1
1 0 0 0 1 0 0 0 1
32 23 402.1124545616077 16.67 3 3 10 11
1 0 0 0 1 0 0 0 1
1 0 0 0 1 0 0 0 1
32 43 473.9891824023487 16.67 3 3 12 13
1 0 0 0 1 0 0 0 1
1 0 0 0 1 0 0 0 1
53 28 51.96181655881212 16.67 3 3 14 15
1 0 0 0 1 0 0 0 1
1 0 0 0 1 0 0 0 1
53 42 95.62497818677521 16.67 3 3 16 17
1 0 0 0 1 0 0 0 1
1 0 0 0 1 0 0 0 1
54 41 205.9101878679502 16.67 3 3 18 19
1 0 0 0 1 0 0 0 1
1 0 0 0 1 0 0 0 1
54 76 118.77208569317905 16.67 3 3 20 21
1 0 0 0 1 0 0 0 1
1 0 0 0 1 0 0 0 1
76 35 173.88829316724184 16.67 3 3 22 23
1 0 0 0 1 0 0 0 1
1 0 0 0 1 0 0 0 1
33 67 60.3076283481934 16.67 3 3 24 25
1 0 0 0 1 0 0 0 1
1 0 0 0 1 0 0 0 1
33 17 503.368780302351 16.67 3 3 26 27
1 0 0 0 1 0 0 0 1
1 0 0 0 1 0 0 0 1
33 51 334.4100935080393 16.67 3 3 28 29
1 0 0 0 1 0 0 0 1
1 0 0 0 1 0 0 0 1
34 70 133.72582942523022 16.67 3 3 30 31
1 0 0 0 1 0 0 0 1
1 0 0 0 1 0 0 0 1
34 31 458.97864036805566 16.67 3 3 32 33
1 0 0 0 1 0 0 0 1
1 0 0 0 1 0 0 0 1
55 21 358.0493563175102 16.67 3 3 34 35
1 0 0 0 1 0 0 0 1
1 0 0 0 1 0 0 0 1
55 56 655.6532675764233 16.67 3 3 36 37
1 0 0 0 1 0 0 0 1
1 0 0 0 1 0 0 0 1
35 21 191.35649462746278 16.67 3 3 38 39
1 0 0 0 1 0 0 0 1
1 0 0 0 1 0 0 0 1
36 73 828.4752649296015 16.67 3 3 40 41
1 0 0 0 1 0 0 0 1
1 0 0 0 1 0 0 0 1
36 65 474.21178102322483 16.67 3 3 42 43
1 0 0 0 1 0 0 0 1
1 0 0 0 1 0 0 0 1
36 60 128.213397910802 16.67 3 3 44 45
1 0 0 0 1 0 0 0 1
1 0 0 0 1 0 0 0 1
8 69 659.8803573561277 16.67 3 3 46 47
1 0 0 0 1 0 0 0 1
1 0 0 0 1 0 0 0 1
8 5 329.84478076144046 16.67 3 3 48 49
1 0 0 0 1 0 0 0 1
1 0 0 0 1 0 0 0 1
56 63 817.1701808308902 16.67 3 3 50 51
1 0 0 0 1 0 0 0 1
1 0 0 0 1 0 0 0 1
56 59 1209.3257761053892 16.67 3 3 52 53
1 0 0 0 1 0 0 0 1
1 0 0 0 1 0 0 0 1
56 31 480.902322428811 16.67 3 3 54 55
1 0 0 0 1 0 0 0 1
1 0 0 0 1 0 0 0 1
17 48 440.56225932210566 16.67 3 3 56 57
1 0 0 0 1 0 0 0 1
1 0 0 0 1 0 0 0 1
17 40 248.86880711039336 16.67 3 3 58 59
1 0 0 0 1 0 0 0 1
1 0 0 0 1 0 0 0 1
17 1 353.47462004625464 16.67 3 3 60 61
1 0 0 0 1 0 0 0 1
1 0 0 0 1 0 0 0 1
37 40 805.3459151129076 16.67 3 3 62 63
1 0 0 0 1 0 0 0 1
1 0 0 0 1 0 0 0 1
37 46 542.3261415506203 16.67 3 3 64 65
1 0 0 0 1 0 0 0 1
1 0 0 0 1 0 0 0 1
37 62 365.96099261042593 16.67 3 3 66 67
1 0 0 0 1 0 0 0 1
1 0 0 0 1 0 0 0 1
37 45 282.56148135211254 16.67 3 3 68 69
1 0 0 0 1 0 0 0 1
1 0 0 0 1 0 0 0 1
57 38 123.40740367540931 16.67 3 3 70 71
1 0 0 0 1 0 0 0 1
1 0 0 0 1 0 0 0 1
57 41 364.1375903268085 16.67 3 3 72 73
1 0 0 0 1 0 0 0 1
1 0 0 0 1 0 0 0 1
38 12 310.5447152439292 16.67 3 3 74 75
1 0 0 0 1 0 0 0 1
1 0 0 0 1 0 0 0 1
38 19 316.15363249113756 16.67 3 3 76 77
1 0 0 0 1 0 0 0 1
1 0 0 0 1 0 0 0 1
15 40 242.7689787013191 16.67 3 3 78 79
1 0 0 0 1 0 0 0 1
1 0 0 0 1 0 0 0 1
15 49 62.30875520781564 16.67 3 3 80 81
1 0 0 0 1 0 0 0 1
1 0 0 0 1 0 0 0 1
39 3 115.58110836201243 16.67 3 3 82 83
1 0 0 0 1 0 0 0 1
1 0 0 0 1 0 0 0 1
39 22 163.19632724200392 16.67 3 3 84 85
1 0 0 0 1 0 0 0 1
1 0 0 0 1 0 0 0 1
39 43 494.6871901510857 16.67 3 3 86 87
1 0 0 0 1 0 0 0 1
1 0 0 0 1 0 0 0 1
39 11 703.1857614068591 16.67 3 3 88 89
1 0 0 0 1 0 0 0 1
1 0 0 0 1 0 0 0 1
40 77 516.0235533856925 16.67 3 3 90 91
1 0 0 0 1 0 0 0 1
1 0 0 0 1 0 0 0 1
58 23 180.01012236123813 16.67 3 3 92 93
1 0 0 0 1 0 0 0 1
1 0 0 0 1 0 0 0 1
58 25 169.92518070105004 16.67 3 3 94 95
1 0 0 0 1 0 0 0 1
1 0 0 0 1 0 0 0 1
59 61 247.45506937891935 16.67 3 3 96 97
1 0 0 0 1 0 0 0 1
1 0 0 0 1 0 0 0 1
59 50 570.8818942694494 16.67 3 3 98 99
1 0 0 0 1 0 0 0 1
1 0 0 0 1 0 0 0 1
59 47 413.5741167767624 16.67 3 3 100 101
1 0 0 0 1 0 0 0 1
1 0 0 0 1 0 0 0 1
41 41 0.0 16.67 3 3 102 103
1 0 0 0 1 0 0 0 1
1 0 0 0 1 0 0 0 1
60 46 92.14426461358713 16.67 3 3 104 105
1 0 0 0 1 0 0 0 1
1 0 0 0 1 0 0 0 1
60 47 761.4260573166878 16.67 3 3 106 107
1 0 0 0 1 0 0 0 1
1 0 0 0 1 0 0 0 1
61 47 495.27872962355946 16.67 3 3 108 109
1 0 0 0 1 0 0 0 1
1 0 0 0 1 0 0 0 1
61 29 376.3503744204528 16.67 3 3 110 111
1 0 0 0 1 0 0 0 1
1 0 0 0 1 0 0 0 1
10 22 293.8884182370723 16.67 3 3 112 113
1 0 0 0 1 0 0 0 1
1 0 0 0 1 0 0 0 1
10 5 578.3446676145202 16.67 3 3 114 115
1 0 0 0 1 0 0 0 1
1 0 0 0 1 0 0 0 1
62 46 181.2546922248691 16.67 3 3 116 117
1 0 0 0 1 0 0 0 1
1 0 0 0 1 0 0 0 1
42 71 364.23457800765556 16.67 3 3 118 119
1 0 0 0 1 0 0 0 1
1 0 0 0 1 0 0 0 1
42 4 431.6161866158844 16.67 3 3 120 121
1 0 0 0 1 0 0 0 1
1 0 0 0 1 0 0 0 1
43 11 208.72600881323896 16.67 3 3 122 123
1 0 0 0 1 0 0 0 1
1 0 0 0 1 0 0 0 1
44 16 659.7418298137936 16.67 3 3 124 125
1 0 0 0 1 0 0 0 1
1 0 0 0 1 0 0 0 1
44 64 298.4199733220932 16.67 3 3 126 127
1 0 0 0 1 0 0 0 1
1 0 0 0 1 0 0 0 1
44 51 309.95357800422266 16.67 3 3 128 129
1 0 0 0 1 0 0 0 1
1 0 0 0 1 0 0 0 1
63 26 274.8223683842167 16.67 3 3 130 131
1 0 0 0 1 0 0 0 1
1 0 0 0 1 0 0 0 1
63 74 56.66129350189612 16.67 3 3 132 133
1 0 0 0 1 0 0 0 1
1 0 0 0 1 0 0 0 1
64 65 513.8386292028492 16.67 3 3 134 135
1 0 0 0 1 0 0 0 1
1 0 0 0 1 0 0 0 1
64 9 767.6837100405166 16.67 3 3 136 137
1 0 0 0 1 0 0 0 1
1 0 0 0 1 0 0 0 1
13 14 150.66044371894415 16.67 3 3 138 139
1 0 0 0 1 0 0 0 1
1 0 0 0 1 0 0 0 1
13 11 223.03808515654123 16.67 3 3 140 141
1 0 0 0 1 0 0 0 1
1 0 0 0 1 0 0 0 1
13 49 562.1072527243617 16.67 3 3 142 143
1 0 0 0 1 0 0 0 1
1 0 0 0 1 0 0 0 1
45 73 120.14410292537407 16.67 3 3 144 145
1 0 0 0 1 0 0 0 1
1 0 0 0 1 0 0 0 1
65 30 113.93740668832726 16.67 3 3 146 147
1 0 0 0 1 0 0 0 1
1 0 0 0 1 0 0 0 1
46 50 924.2949124032359 16.67 3 3 148 149
1 0 0 0 1 0 0 0 1
1 0 0 0 1 0 0 0 1
66 71 137.3247646631552 16.67 3 3 150 151
1 0 0 0 1 0 0 0 1
1 0 0 0 1 0 0 0 1
66 23 43.70639622711551 16.67 3 3 152 153
1 0 0 0 1 0 0 0 1
1 0 0 0 1 0 0 0 1
49 18 359.0995367677406 16.67 3 3 154 155
1 0 0 0 1 0 0 0 1
1 0 0 0 1 0 0 0 1
49 14 412.23482035977946 16.67 3 3 156 157
1 0 0 0 1 0 0 0 1
1 0 0 0 1 0 0 0 1
69 27 599.0047648788585 16.67 3 3 158 159
1 0 0 0 1 0 0 0 1
1 0 0 0 1 0 0 0 1
20 26 59.97268029727811 16.67 3 3 160 161
1 0 0 0 1 0 0 0 1
1 0 0 0 1 0 0 0 1
70 29 782.3810568259333 16.67 3 3 162 163
1 0 0 0 1 0 0 0 1
1 0 0 0 1 0 0 0 1
22 2 148.85599368097803 16.67 3 3 164 165
1 0 0 0 1 0 0 0 1
1 0 0 0 1 0 0 0 1
22 25 219.81920158632522 16.67 3 3 166 167
1 0 0 0 1 0 0 0 1
1 0 0 0 1 0 0 0 1
21 24 162.63393777481497 16.67 3 3 168 169
1 0 0 0 1 0 0 0 1
1 0 0 0 1 0 0 0 1
50 72 143.72632234400888 16.67 3 3 170 171
1 0 0 0 1 0 0 0 1
1 0 0 0 1 0 0 0 1
50 24 217.45282457943676 16.67 3 3 172 173
1 0 0 0 1 0 0 0 1
1 0 0 0 1 0 0 0 1
71 72 289.08745124120236 16.67 3 3 174 175
1 0 0 0 1 0 0 0 1
1 0 0 0 1 0 0 0 1
24 28 142.79694592079292 16.67 3 3 176 177
1 0 0 0 1 0 0 0 1
1 0 0 0 1 0 0 0 1
51 73 555.0329457956237 16.67 3 3 178 179
1 0 0 0 1 0 0 0 1
1 0 0 0 1 0 0 0 1
72 28 195.15674962238643 16.67 3 3 180 181
1 0 0 0 1 0 0 0 1
1 0 0 0 1 0 0 0 1
27 27 0.0 16.67 3 3 182 183
1 0 0 0 1 0 0 0 1
1 0 0 0 1 0 0 0 1
27 68 54.93311790550665 16.67 3 3 184 185
1 0 0 0 1 0 0 0 1
1 0 0 0 1 0 0 0 1
30 7 945.8634109979713 16.67 3 3 188 189
1 0 0 0 1 0 0 0 1
1 0 0 0 1 0 0 0 1
31 52 550.7105178882628 16.67 3 3 190 191
1 0 0 0 1 0 0 0 1
1 0 0 0 1 0 0 0 1
31 6 479.94522268680925 16.67 3 3 192 193
1 0 0 0 1 0 0 0 1
1 0 0 0 1 0 0 0 1
40
11 89 -1 141 123
13 140 138 142 -1
17 58 27 56 60
21 39 35 168 -1
22 113 166 85 164
23 153 -1 11 93
24 169 -1 173 176
27 183 184 182 159
28 -1 177 181 15
29 163 5 -1 111
30 7 188 147 -1
31 190 33 55 192
32 10 8 -1 12
33 28 -1 24 26
36 44 3 42 40
37 66 64 68 62
38 76 -1 71 74
39 84 86 88 82
40 79 63 59 90
41 103 19 102 73
42 -1 17 118 120
43 87 13 122 -1
44 -1 126 124 128
46 148 105 65 117
47 101 109 -1 107
49 156 81 154 143
50 172 99 149 170
51 178 129 29 -1
56 54 52 37 50
59 53 96 100 98
60 -1 106 45 104
61 110 -1 108 97
62 -1 116 67 9
63 132 51 130 -1
64 134 -1 136 127
65 43 146 135 -1
71 119 174 151 -1
72 180 171 175 -1
73 41 -1 179 145
75 4 -1 6 2
