252
0 2 10
4
573 505 508 181
3 5 10
5
560 571 572 746 754
25 27 10
19
652 776 613 610 603 604 441 442 626 708 317 314 445 446 5 6 349 346 657
27 29 10
6
22 278 445 446 27 24
33 35 10
10
542 718 711 529 530 187 184 89 90 566
44 46 10
3
369 364 681
46 48 10
15
96 583 580 646 599 259 260 531 435 115 116 120 388 525 522
54 56 10
18
337 334 13 14 704 329 330 219 39 40 430 715 693 303 235 238 686 47
64 66 10
3
560 571 572
74 76 10
7
744 351 135 43 38 93 88
79 81 10
4
573 505 506 331
80 82 10
16
531 435 115 116 120 388 525 520 551 552 419 395 392 459 403 191
92 94 10
16
766 523 524 389 121 117 118 533 73 70 184 89 92 218 507 504
93 95 10
3
506 219 39
95 97 10
23
458 393 394 418 553 550 521 524 389 121 117 118 533 73 70 184 89 90 566 327 328 705 15
102 104 10
4
399 77 80 460
118 120 10
20
657 385 382 347 348 251 246 464 621 616 615 545 103 104 209 210 35 36 255 252
125 127 10
20
359 354 641 415 412 628 701 702 764 497 492 31 32 298 67 62 343 289 284 454
125 127 10
8
405 406 685 682 627 443 440 770
127 129 10
18
195 9 2 246 464 621 616 615 545 542 718 711 529 530 187 184 89 90
130 132 10
2
138 673
143 145 10
7
126 213 214 711 433 409 410
147 149 10
17
506 219 93 88 185 186 531 528 710 719 543 544 614 617 620 465 468
151 153 10
18
583 580 646 439 257 105 102 544 614 617 620 465 247 250 349 346 383 380
161 163 10
11
462 437 153 156 222 548 465 247 3 8 194
165 167 10
23
672 717 651 652 776 613 610 603 604 441 442 626 708 317 314 445 446 5 6 349 346 383 380
168 170 10
14
410 420 622 469 464 621 616 615 545 103 104 256 438 647
187 189 10
26
744 754 717 651 652 776 613 610 603 604 441 442 626 708 317 318 281 23 20 544 614 617 620 575 375 376
206 208 10
16
272 554 307 304 429 424 630 639 185 71 72 532 119 116 122 771
206 208 10
19
770 123 117 118 533 73 70 184 89 90 566 327 328 705 359 356 267 268 337
207 209 10
9
195 9 2 246 464 549 223 157 154
236 238 10
16
299 33 30 493 496 765 703 700 629 413 414 640 679 676 689 13
237 239 10
18
483 17 20 542 718 711 529 530 187 184 89 90 566 327 332 181 178 560
239 241 10
12
506 219 93 88 185 71 72 532 119 116 120 388
240 242 10
23
405 402 458 393 394 418 553 550 521 524 389 121 117 118 533 73 70 184 89 92 218 507 504
245 247 10
24
322 405 402 458 393 394 418 553 550 521 524 389 121 117 118 533 73 70 184 89 90 566 327 328
253 255 10
27
166 231 232 503 500 622 469 247 3 4 447 444 315 316 709 627 443 440 605 602 611 612 777 653 650 716 673
254 256 10
10
323 324 29 24 195 196 349 346 657 385
271 273 10
14
14 704 329 330 219 39 40 430 715 693 303 235 238 686
276 278 10
13
639 185 186 531 435 409 410 422 654 658 662 401 133
299 301 10
19
720 641 642 779 639 185 71 72 532 119 116 120 388 525 520 551 552 419 369
314 316 10
28
744 754 717 651 652 776 613 610 603 604 441 442 626 708 317 314 445 446 5 2 246 468 623 501 502 233 230 167
322 324 10
21
594 587 584 724 733 207 210 474 493 496 765 703 700 629 413 414 640 679 676 689 13
324 326 10
11
186 531 435 115 116 120 388 766 613 85 82
331 333 10
8
641 642 779 597 259 260 531 528
339 341 10
6
744 747 573 570 561 179
346 348 10
9
641 642 569 566 217 39 42 138 673
349 351 10
12
393 394 369 364 625 626 708 317 314 445 446 5
358 360 10
5
771 441 442 624 681
369 371 10
12
299 33 34 129 126 213 214 711 433 115 116 122
378 380 10
14
166 231 232 503 500 622 469 247 3 4 27 28 565 557
386 388 10
15
625 626 708 317 314 445 446 5 2 246 468 623 501 502 313
389 391 10
15
574 621 616 615 545 542 718 711 529 530 187 71 72 534 715
393 395 10
6
509 506 219 39 42 138
398 400 10
10
260 531 435 409 410 422 654 658 229 230
408 410 10
19
657 385 382 347 348 251 246 464 621 616 615 545 103 104 209 210 474 493 496
416 418 10
17
580 646 439 257 105 102 21 22 280 319 316 709 627 624 365 366 459
431 433 10
16
299 33 30 493 496 765 703 700 629 413 416 569 566 327 332 181
448 450 10
26
14 704 329 326 567 91 88 185 71 72 532 119 116 120 388 525 520 551 552 419 395 392 459 403 191 192
451 453 10
19
512 451 63 66 299 33 30 493 496 765 703 700 629 413 414 640 355 358 704
452 454 10
2
746 745
456 458 10
12
705 359 354 641 642 569 566 217 39 42 138 673
490 492 10
3
350 745 669
491 493 10
8
655 423 411 408 434 530 187 184
497 499 10
28
717 651 652 776 613 610 603 604 441 442 626 708 317 318 281 23 20 544 614 706 729 547 223 157 152 436 660 461
513 515 10
7
416 779 597 259 260 531 528
513 515 10
13
172 429 424 413 416 569 566 217 39 42 134 350 747
530 532 10
10
14 704 329 330 219 39 42 134 350 747
532 534 10
13
298 67 62 450 513 514 733 207 125 126 213 214 711
532 534 10
22
272 554 307 304 429 424 630 639 185 71 72 532 119 116 120 388 525 520 551 552 419 395
555 557 10
12
533 73 70 186 261 258 598 495 492 31 32 298
575 577 10
9
700 629 413 414 640 679 676 689 13
589 591 10
11
592 437 153 156 222 548 465 247 3 8 194
616 618 10
11
129 126 213 214 711 433 115 116 120 386 653
635 637 10
18
744 754 717 651 652 776 613 610 603 604 441 442 626 708 321 324 565 562
637 639 10
11
573 505 506 219 216 567 568 643 241 244 720
639 641 10
11
573 505 506 331 328 705 359 356 267 268 337
664 666 10
17
251 3 4 447 444 315 316 709 627 443 440 605 602 611 612 777 113
667 669 10
9
573 505 506 331 328 705 359 354 679
681 683 10
10
655 423 411 408 434 530 187 184 89 90
684 686 10
3
747 573 570
686 688 10
15
442 626 708 317 318 281 23 20 544 614 706 729 547 223 157
687 689 10
19
426 701 698 645 646 439 257 105 102 544 614 617 620 465 247 250 349 346 657
701 703 10
11
424 413 416 569 566 217 39 42 138 673 668
717 719 10
15
225 171 172 429 424 413 416 569 566 217 39 42 138 673 668
721 723 10
26
744 754 717 651 652 776 613 610 603 604 441 442 626 708 317 314 445 446 5 2 246 468 623 501 502 233
731 733 10
23
266 357 358 704 329 326 567 91 88 185 71 72 532 119 116 120 388 525 520 551 552 59 60
731 733 10
13
272 554 307 304 429 426 701 698 645 646 599 259 260
734 736 10
20
337 334 13 14 704 329 326 567 91 88 185 71 72 532 119 116 120 388 525 522
735 737 10
14
689 13 14 704 329 326 567 91 88 185 186 531 528 710
758 760 10
19
345 340 724 733 730 707 615 545 21 22 280 319 316 709 627 624 365 366 393
761 763 10
16
577 574 621 616 615 545 542 718 711 529 530 187 184 89 90 566
775 777 10
8
184 89 90 566 327 328 705 15
794 796 10
16
272 554 307 304 429 424 413 416 569 566 217 39 42 134 350 747
795 797 10
24
455 285 288 342 63 66 299 33 30 493 496 765 703 700 629 413 416 569 566 217 39 42 138 755
801 803 10
20
678 641 415 412 628 701 698 645 646 439 257 105 102 21 22 278 445 446 27 24
801 803 10
8
195 9 2 246 464 575 375 370
823 825 10
19
128 474 493 496 765 703 700 629 413 416 569 566 217 39 42 134 350 745 669
839 841 10
23
195 9 2 246 464 621 616 615 545 103 104 256 438 647 644 699 700 629 413 414 640 679 676
848 850 10
10
12 688 677 678 641 415 412 628 701 698
848 850 10
4
642 779 597 259
856 858 10
4
755 747 573 570
871 873 10
8
70 186 531 528 710 719 543 21
872 874 10
12
705 359 354 641 642 569 566 217 39 42 138 755
893 895 10
13
659 655 423 411 408 434 530 187 184 89 92 39 42
905 907 10
5
771 441 442 624 681
912 914 10
26
577 574 621 616 615 545 21 22 280 319 316 709 627 443 440 605 602 611 111 108 45 48 239 234 302 696
914 916 10
12
689 13 14 704 329 330 219 39 42 138 673 668
917 919 10
16
533 73 70 186 531 528 710 719 543 544 614 617 620 575 375 376
937 939 10
9
324 29 26 541 536 618 726 479 363
956 958 10
10
656 347 348 197 194 25 28 325 322 193
956 958 10
6
744 747 573 570 561 179
963 965 10
15
325 320 317 318 281 23 20 103 104 209 210 35 36 476 175
965 967 10
8
570 183 180 333 326 567 91 88
981 983 10
11
455 143 146 360 727 619 537 540 27 28 735
986 988 10
21
272 554 307 304 429 426 701 698 645 646 439 257 105 102 21 22 278 445 446 27 24
996 998 10
18
482 279 23 20 103 104 256 438 647 644 699 700 629 413 414 640 355 358
997 999 10
10
14 704 329 330 219 39 42 134 350 747
1008 1010 10
10
493 496 765 703 700 629 413 416 569 566
1012 1014 10
11
573 505 506 331 328 705 359 356 267 268 337
1031 1033 10
22
697 303 235 238 49 44 109 112 387 121 117 114 432 710 215 212 127 128 35 32 298 67
1041 1043 10
17
535 73 70 186 261 258 598 495 492 31 32 298 67 62 343 289 284
1080 1082 10
25
455 285 288 342 63 66 299 33 30 493 496 765 703 700 629 413 416 569 566 217 39 42 138 673 668
1084 1086 10
9
655 423 411 408 434 530 187 184 89
1094 1096 10
8
661 437 153 156 222 548 465 468
1114 1116 10
9
482 279 23 20 544 614 706 731 732
1114 1116 10
16
527 524 389 121 117 118 533 73 70 184 638 631 425 428 305 306
1148 1150 10
24
410 420 622 469 464 621 616 615 545 103 104 256 438 647 644 699 700 629 413 414 640 679 267 268
1149 1151 10
9
573 505 506 331 328 705 15 12 688
1162 1164 10
16
577 574 621 616 615 545 21 22 280 319 316 709 627 443 440 770
1163 1165 10
16
493 496 765 703 700 629 413 416 569 566 217 39 42 138 673 668
1165 1167 10
17
744 754 717 651 652 776 613 610 603 604 441 442 626 708 321 324 735
1166 1168 10
16
527 524 389 121 117 118 533 73 70 184 89 90 566 327 332 181
1175 1177 10
20
657 385 382 347 348 7 4 447 444 315 316 709 627 443 440 605 602 611 111 108
1179 1181 10
11
195 9 2 246 464 621 616 615 545 103 104
3616 3618 10
9
608 734 29 24 195 196 349 346 657
3619 3621 10
10
482 279 23 20 103 104 209 210 474 493
3631 3633 10
10
261 258 596 778 643 640 679 676 689 13
3656 3658 10
12
406 685 682 708 317 318 281 23 20 544 614 617
3672 3674 10
14
654 658 229 232 503 500 622 469 247 3 4 27 28 325
3677 3679 10
6
488 656 347 348 197 194
3680 3682 10
12
607 563 564 29 26 5 2 246 464 575 375 376
3683 3685 10
11
573 505 506 331 328 705 359 356 267 268 337
3686 3688 10
9
216 567 91 92 39 42 138 673 668
3725 3727 10
16
527 524 389 121 117 118 533 73 70 184 89 90 566 327 328 705
3730 3732 10
12
524 389 121 117 118 533 73 70 184 89 92 218
3734 3736 10
11
260 187 184 89 90 566 327 332 181 178 560
3735 3737 10
12
272 554 307 304 429 426 701 698 645 646 599 259
3735 3737 10
8
642 779 597 259 260 531 435 409
3745 3747 10
15
208 256 213 214 711 433 115 116 120 386 113 108 45 46 687
3771 3773 10
6
429 424 413 416 569 566
3773 3775 10
24
14 704 329 326 567 91 88 185 71 72 532 119 116 120 388 525 520 551 552 419 395 392 459 403
3773 3775 10
4
331 328 705 15
3778 3780 10
16
262 258 598 495 492 31 32 298 67 62 343 289 284 143 144 290
3800 3802 10
5
644 699 700 427 428
3803 3805 10
26
746 754 717 651 652 776 613 610 603 604 441 442 626 708 317 314 445 446 5 2 246 468 623 501 502 313
3814 3816 10
8
704 329 326 567 91 88 185 71
3814 3816 10
18
405 402 458 393 394 418 553 550 521 524 389 121 117 114 434 530 261 258
3822 3824 10
25
190 402 458 393 394 418 553 550 521 524 389 121 117 118 533 73 70 184 89 90 566 327 332 181 178
3835 3837 10
13
686 772 57 60 395 392 459 403 404 323 324 29 24
3837 3839 10
24
40 430 715 651 652 776 613 610 603 604 441 442 626 708 317 314 445 446 5 6 349 346 383 380
3843 3845 10
18
625 443 440 770 123 117 118 533 73 70 184 89 90 566 327 328 705 15
3854 3856 10
6
573 505 506 331 328 705
3867 3869 10
7
573 505 506 331 328 705 359
3899 3901 10
18
464 621 616 615 545 542 718 711 529 530 187 184 89 90 566 327 332 181
3903 3905 10
21
272 554 307 304 429 426 701 698 645 646 439 257 105 102 544 614 617 620 575 375 376
3903 3905 10
18
527 524 389 121 117 118 533 73 70 184 638 631 425 428 305 306 555 273
3904 3906 10
3
573 505 506
3909 3911 10
21
14 704 329 326 567 91 88 185 71 72 532 119 116 120 388 525 520 551 552 419 395
3918 3920 10
13
254 37 34 211 208 105 102 544 614 617 620 465 468
3919 3921 10
21
771 441 442 626 708 317 318 281 23 20 544 614 706 729 547 223 157 152 436 660 461
3929 3931 10
3
573 570 561
3941 3943 10
11
718 711 529 530 187 184 89 92 218 507 508
3941 3943 10
19
392 367 364 625 626 708 317 318 281 23 20 103 104 209 210 35 36 255 252
3993 3995 10
13
331 326 567 91 88 185 186 531 435 409 410 420 501
4005 4007 10
12
195 9 2 246 464 549 163 141 142 285 288 344
4005 4007 10
19
561 179 180 333 326 567 91 88 185 186 531 435 409 410 422 654 658 229 230
4013 4015 10
20
724 733 730 707 615 545 21 22 280 319 316 709 627 443 440 605 602 611 85 86
4013 4015 10
5
744 747 573 570 561
4024 4026 10
7
195 9 4 27 28 565 557
4042 4044 10
4
20 103 104 209
4044 4046 10
15
410 420 622 469 464 621 616 615 545 103 104 256 438 647 581
4048 4050 10
14
577 574 621 616 615 545 21 22 280 319 316 709 627 443
4050 4052 10
23
654 658 229 232 519 516 373 374 574 621 616 615 545 103 104 256 438 647 644 699 700 427 95
4052 4054 10
14
539 536 616 615 545 542 718 711 529 530 187 184 89 90
4060 4062 10
6
573 505 506 331 328 705
4125 4127 10
10
642 779 639 185 71 72 534 715 693 696
4126 4128 10
18
705 359 354 641 415 412 628 701 698 645 646 439 257 105 102 21 22 280
4134 4136 10
10
528 433 115 116 120 388 766 613 85 82
4193 4195 10
10
231 232 503 500 622 469 247 3 8 194
4202 4204 10
2
352 573
4212 4214 10
21
374 574 621 616 615 545 21 22 280 319 316 709 627 443 440 605 602 611 612 777 113
4215 4217 10
4
571 572 746 754
4218 4220 10
10
195 9 2 246 464 549 223 157 152 436
4219 4221 10
15
708 317 318 281 23 20 544 614 706 729 547 223 157 152 436
4251 4253 10
7
416 779 597 259 260 531 528
4259 4261 10
7
656 347 348 251 246 464 575
4260 4262 10
17
546 728 707 615 545 542 718 711 529 530 187 184 89 92 218 507 504
4272 4274 10
15
299 33 30 493 496 765 703 700 629 413 414 640 679 267 268
4277 4279 10
16
103 104 256 438 647 644 699 700 629 413 414 640 679 676 689 13
4286 4288 10
9
358 704 329 330 219 39 42 138 673
4290 4292 10
18
462 593 291 145 142 285 288 342 63 66 299 33 30 493 496 765 583 580
4296 4298 10
6
727 728 707 471 449 446
4303 4305 10
18
48 686 47 44 109 110 610 603 604 441 442 626 708 317 318 281 23 20
4334 4336 10
10
410 420 622 469 247 3 4 27 28 325
4340 4342 10
22
744 754 717 651 652 776 613 610 603 604 441 442 626 708 317 318 281 23 20 544 614 706
4354 4356 10
13
644 699 700 629 413 416 569 566 217 39 42 138 755
4360 4362 10
2
399 77
4369 4371 10
10
429 424 630 639 185 71 72 532 119 116
4374 4376 10
14
195 9 4 447 444 315 316 709 627 443 440 605 602 521
4376 4378 10
6
639 185 186 531 528 433
4388 4390 10
24
560 183 180 333 326 567 91 88 185 186 531 528 710 719 543 544 614 617 620 465 247 250 349 346
4406 4408 10
20
266 357 358 704 329 326 567 91 88 185 71 72 532 119 116 120 388 766 613 610
4415 4417 10
17
488 656 347 348 7 4 447 444 315 316 709 627 443 440 605 602 521
4425 4427 10
18
641 642 779 639 185 71 72 532 119 116 120 388 525 520 551 552 419 395
4431 4433 10
28
663 229 232 519 516 373 374 574 621 616 615 545 103 104 256 438 647 644 699 700 629 413 414 640 679 676 689 13
4449 4451 10
15
299 33 34 129 126 213 214 711 433 115 116 120 388 766 523
4466 4468 10
13
744 754 717 651 652 776 613 610 603 604 441 442 626
4466 4468 10
16
324 29 26 447 444 279 23 20 103 104 209 210 35 36 53 50
4473 4475 10
16
272 554 307 304 429 424 413 416 569 566 217 39 42 138 673 666
4483 4485 10
11
500 421 411 408 434 530 187 184 89 90 566
4518 4520 10
21
744 754 717 651 652 776 613 610 603 604 441 442 626 708 317 314 445 448 472 538 467
4518 4520 10
2
573 505
4524 4526 10
11
383 131 132 400 663 229 232 519 516 373 376
4538 4540 10
9
573 505 506 331 328 705 15 12 688
4543 4545 10
10
744 351 135 43 38 218 331 328 705 15
4563 4565 10
2
681 684
4570 4572 10
18
654 658 229 232 503 500 421 411 408 434 530 187 184 89 92 218 507 508
4581 4583 10
20
382 347 348 251 246 464 621 616 615 545 542 718 711 529 530 187 184 89 90 566
4585 4587 10
17
272 554 307 304 429 426 701 698 645 646 599 259 260 531 435 409 410
4599 4601 10
18
506 219 93 88 185 186 531 528 710 719 543 21 22 278 445 446 27 24
4600 4602 10
13
336 269 266 678 641 415 412 628 701 698 645 646 599
4614 4616 10
11
771 441 442 626 708 317 318 281 23 20 544
4618 4620 10
6
672 717 651 652 113 108
4619 4621 10
21
345 342 63 66 299 33 30 493 496 765 703 700 629 413 416 569 566 327 332 181 178
4620 4622 10
17
546 728 707 615 545 542 718 711 529 530 187 184 89 92 218 507 504
4621 4623 10
8
535 73 70 186 261 258 598 495
4657 4659 10
3
182 571 572
4662 4664 10
26
302 694 758 83 86 550 603 604 441 442 626 708 317 314 445 446 5 2 246 468 623 501 502 233 230 167
4667 4669 10
14
14 704 329 326 567 91 88 185 71 72 532 119 116 122
4671 4673 10
16
168 655 423 411 408 434 530 187 71 72 534 431 137 134 350 754
4675 4677 10
15
577 574 621 616 615 545 21 22 280 319 316 709 627 624 365
4676 4678 10
9
652 387 121 117 114 432 710 215 212
4711 4713 10
8
630 639 89 92 39 42 138 673
4719 4721 10
11
429 424 413 416 569 566 217 39 42 138 673
4739 4741 10
9
719 543 21 22 278 445 446 27 24
4748 4750 10
6
195 9 2 248 539 473
4754 4756 10
18
299 33 34 211 208 105 102 21 22 280 319 316 709 627 624 365 366 393
4756 4758 10
6
195 9 4 447 444 483
4793 4795 10
7
771 441 442 626 708 321 324
4797 4799 10
13
655 423 411 408 434 530 187 184 89 90 566 327 328
4798 4800 10
15
645 646 599 259 260 531 435 115 116 120 388 525 520 551 87
