268
48.8539124 2.3102994 1 1
48.8624573 2.2938941 2 1
48.857235 2.3495507 3 1
48.8752251 2.3140142 4 0
48.8748016 2.3059711 5 1
48.8516502 2.3272612 6 1
48.8469658 2.3168042 7 1
48.8537941 2.3333421 8 1
48.8646698 2.3067021 9 1
48.8752136 2.3266654 10 0
48.8480797 2.3505051 11 1
48.8532677 2.3579915 12 0
48.8624763 2.2918806 13 0
48.8751411 2.3049643 14 0
48.8469276 2.3111868 15 0
48.8581238 2.2882044 16 0
48.8578033 2.2913885 17 1
48.8577576 2.2880366 18 0
48.8639221 2.2989008 19 0
48.8469734 2.3513603 20 0
48.8752251 2.3241081 21 0
48.8601494 2.290134 22 0
48.8675117 2.3336618 23 1
48.8625488 2.2938626 24 1
48.8583641 2.2886989 25 1
48.8576584 2.3001306 26 1
48.875145 2.3570852 27 0
48.8549614 2.2881939 28 0
48.8583374 2.2884955 29 1
48.8537941 2.3127196 30 0
48.8635445 2.3218858 31 0
48.8469505 2.3170559 32 0
48.864563 2.2936838 33 1
48.8649635 2.319334 34 1
48.8679199 2.2957139 35 0
48.8752289 2.2904687 36 0
48.8719254 2.3404086 37 0
48.8748512 2.348067 38 0
48.8469048 2.3166192 39 0
48.8739281 2.3257904 40 1
48.8666153 2.3219719 41 1
48.8748016 2.3046553 42 0
48.8708153 2.2880361 43 0
48.8538208 2.3122008 44 0
48.8686066 2.3579891 45 0
48.8597374 2.2880502 46 0
48.8539505 2.3327146 47 1
48.8649597 2.3183749 48 0
48.8716393 2.3380623 49 1
48.8638802 2.2991059 50 1
48.8469391 2.330389 51 0
48.8472176 2.3005514 52 0
48.8645093 2.3103477 53 1
48.8719006 2.3006905 54 1
48.8626709 2.3190886 55 1
48.8544426 2.3059386 56 1
48.8554333 2.3526811 57 0
48.857193 2.34709 58 1
48.8575096 2.3515285 59 1
48.8488931 2.3390106 60 0
48.859991 2.3332842 61 1
48.8478622 2.301528 62 1
48.85355 2.31154 63 1
48.871777 2.3306366 64 1
48.8703674 2.3299239 65 1
48.8629026 2.3178037 66 0
48.8626507 2.3104611 67 1
48.8695623 2.325153 68 1
48.8524017 2.3387444 69 1
48.862447 2.3020629 70 1
48.868974 2.3101034 71 1
48.8671862 2.2953591 72 0
48.8493128 2.3374313 73 1
48.8583737 2.3423755 74 1
48.8690974 2.3386188 75 1
48.8602263 2.2905451 76 1
48.8473606 2.3278761 77 0
48.8491027 2.2979555 78 1
48.8604084 2.291244 79 1
48.8693284 2.354263 80 1
48.857266 2.3474471 81 1
48.8543715 2.2886466 82 1
48.8499374 2.3490453 83 1
48.8719194 2.3395137 84 1
48.848999 2.3287559 85 1
48.8590216 2.2932684 86 1
48.8492254 2.3558473 87 1
48.8530992 2.3357213 88 1
48.8522737 2.3483069 89 1
48.8628891 2.3134547 90 1
48.8472733 2.3116042 91 1
48.8683134 2.343513 92 1
48.861013 2.3241992 93 1
48.8495726 2.3448869 94 1
48.8534103 2.3131068 95 1
48.8562737 2.3150352 96 1
48.8540058 2.3095157 97 1
48.8586771 2.3129445 98 1
48.8561087 2.3505726 99 1
48.847379 2.3527176 100 0
48.8691257 2.355567 101 1
48.8751087 2.2948217 102 0
48.8659897 2.3536976 103 1
48.8653331 2.3431225 104 1
48.8683879 2.3232714 105 1
48.8525258 2.3319902 106 1
48.8657406 2.3411977 107 0
48.8661766 2.3216666 108 0
48.8552848 2.3528752 109 1
48.869874 2.3280385 110 1
48.8642813 2.3204261 111 0
48.8611588 2.2914295 112 0
48.8494256 2.3568174 113 0
48.8641342 2.3015405 114 0
48.8508706 2.3455574 115 1
48.8730965 2.3332365 116 1
48.8746499 2.3199462 117 1
48.8701047 2.3338176 118 1
48.8561215 2.3404761 119 1
48.8530127 2.3467555 120 0
48.8536668 2.3442479 121 1
48.8544731 2.3304374 122 1
48.8520406 2.3298669 123 1
48.8728003 2.3100873 124 1
48.8710106 2.322873 125 0
48.8683266 2.3302824 126 1
48.8707561 2.347924 127 1
48.8646984 2.3018166 128 1
48.8645285 2.3203713 129 1
48.8514951 2.3269235 130 1
48.8471382 2.3073435 131 0
48.8634003 2.350893 132 1
48.8482727 2.3157232 133 1
48.8574359 2.2910055 134 1
48.871181 2.3323633 135 1
48.8574158 2.3469248 136 1
48.8515869 2.3311219 137 1
48.85906 2.3226442 138 1
48.8533783 2.3264019 139 1
48.8666305 2.3340278 140 1
48.8628845 2.2920238 141 0
48.8642426 2.351403 142 1
48.8528336 2.308425 143 1
48.8540192 2.3065632 144 1
48.8555012 2.3522047 145 1
48.8478165 2.329541 146 1
48.8751612 2.3237556 147 1
48.8737805 2.2950324 148 1
48.8576838 2.3477762 149 1
48.8542919 2.3052636 150 1
48.847396 2.3281934 151 1
48.8604469 2.2909402 152 1
48.8719221 2.3400619 153 1
48.8502731 2.3427201 154 1
48.86442 2.3017166 155 1
48.848027 2.3279504 156 1
48.8586487 2.3325274 157 1
48.8473936 2.3405925 158 1
48.8654366 2.3206193 159 1
48.8507781 2.3116678 160 1
48.8494508 2.3038088 161 1
48.8469429 2.3426686 162 0
48.8728854 2.3106063 163 1
48.8567772 2.348963 164 1
48.8473129 2.3533407 165 0
48.8474178 2.3531554 166 1
48.8503516 2.3123402 167 1
48.8651791 2.2998292 168 0
48.8649089 2.3533504 169 1
48.8517543 2.3477947 170 1
48.8533999 2.3094927 171 1
48.8732414 2.3268126 172 1
48.8604889 2.2957554 173 1
48.8693275 2.3329587 174 1
48.8742199 2.326916 175 1
48.8742364 2.3239137 176 1
48.8520323 2.3399909 177 1
48.8737199 2.3271373 178 1
48.8514633 2.337063 179 1
48.863839 2.3491402 180 1
48.8609641 2.3300517 181 1
48.8495178 2.2985209 182 0
48.8560035 2.3258716 183 1
48.8695536 2.3258196 184 0
48.8751545 2.3244051 185 0
48.8676376 2.3139775 186 1
48.8494682 2.3150427 187 1
48.851732 2.3100518 188 1
48.8737784 2.326841 189 1
48.8594074 2.3405677 190 0
48.8547699 2.2886633 191 1
48.8641262 2.3017868 192 1
48.8647922 2.3136813 193 1
48.8517365 2.3268239 194 1
48.8507185 2.3271054 195 1
48.863856 2.2905337 196 1
48.8470116 2.3042456 197 0
48.8519005 2.3285338 198 1
48.8679199 2.3298792 199 0
48.8515925 2.3141851 200 1
48.859354 2.2927837 201 0
48.8702355 2.3321744 202 1
48.8606822 2.3306985 203 1
48.8617176 2.341171 204 1
48.8710747 2.3318852 205 1
48.8476257 2.3401233 206 0
48.8625336 2.3016506 207 1
48.8536636 2.3329077 208 1
48.8582321 2.3332409 209 1
48.8749523 2.3066286 210 1
48.8706436 2.3325129 211 1
48.8658657 2.3198464 212 1
48.8749447 2.3054819 213 1
48.8513858 2.3430724 214 1
48.8647862 2.2936064 215 1
48.8750353 2.319633 216 0
48.8646355 2.301314 217 1
48.8479652 2.3062163 218 1
48.8608063 2.2912821 219 1
48.8729725 2.357855 220 0
48.8699212 2.3233353 221 1
48.8714447 2.3430856 222 1
48.8692055 2.3238594 223 1
48.8606491 2.3303108 224 1
48.8573456 2.3099366 225 1
48.8606288 2.2954749 226 1
48.875103 2.3090669 227 1
48.8710798 2.3347873 228 0
48.8647972 2.2941157 229 1
48.8506737 2.3144861 230 0
48.865399 2.355684 231 1
48.8535652 2.3147179 232 1
48.8706741 2.3320939 233 1
48.8654499 2.3561461 234 1
48.8746872 2.3393545 235 1
48.8700676 2.3325556 236 1
48.8528641 2.3369973 237 1
48.8662148 2.3525264 238 1
48.8595539 2.3294613 239 1
48.8708509 2.3250475 240 1
48.8573456 2.3491517 241 1
48.8723137 2.3383264 242 1
48.863143 2.335639 243 1
48.8469219 2.3434234 244 0
48.8494224 2.3547868 245 0
48.8642635 2.302303 246 1
48.8702907 2.3327758 247 1
48.8658094 2.3576313 248 0
48.8496221 2.3560412 249 1
48.8706054 2.3054432 250 1
48.8479519 2.3277545 251 1
48.8750686 2.3395182 252 0
48.8732325 2.331033 253 1
48.8594837 2.3401989 254 1
48.8708649 2.334161 255 1
48.8652249 2.3571824 256 0
48.8670235 2.3289777 257 0
48.8512116 2.3008666 258 1
48.858984 2.3398804 259 1
48.864996 2.3014268 260 1
48.8534212 2.3261665 261 1
48.856306 2.326329 262 0
48.863285 2.2880822 263 0
48.8653908 2.3273468 264 0
48.8563537 2.3253846 265 1
48.8470955 2.317352 266 1
48.849186 2.3383846 267 0
48.8630677 2.2881385 268 0
389
128 155 23.203944719538143 16.67 3 3 2 3
1 0 0 0 1 0 0 0 1
1 0 0 0 1 0 0 0 1
128 71 973.1401660067885 16.67 3 3 4 5
1 0 0 0 1 0 0 0 1
1 0 0 0 1 0 0 0 1
128 217 56.07910655828439 16.67 3 3 6 7
1 0 0 0 1 0 0 0 1
1 0 0 0 1 0 0 0 1
128 260 48.50630451830845 16.67 3 3 8 9
1 0 0 0 1 0 0 0 1
1 0 0 0 1 0 0 0 1
249 113 87.50429331880679 16.67 3 3 10 11
1 0 0 0 1 0 0 0 1
1 0 0 0 1 0 0 0 1
249 87 36.1604066647699 16.67 3 3 12 13
1 0 0 0 1 0 0 0 1
1 0 0 0 1 0 0 0 1
249 89 881.6829536027728 16.67 3 3 14 15
1 0 0 0 1 0 0 0 1
1 0 0 0 1 0 0 0 1
129 34 119.65846829817605 16.67 3 3 16 17
1 0 0 0 1 0 0 0 1
1 0 0 0 1 0 0 0 1
129 111 19.08262883969102 16.67 3 3 18 19
1 0 0 0 1 0 0 0 1
1 0 0 0 1 0 0 0 1
129 55 197.0067459909069 16.67 3 3 20 21
1 0 0 0 1 0 0 0 1
1 0 0 0 1 0 0 0 1
129 159 71.92736027357215 16.67 3 3 22 23
1 0 0 0 1 0 0 0 1
1 0 0 0 1 0 0 0 1
250 54 536.9324673521596 16.67 3 3 24 25
1 0 0 0 1 0 0 0 1
1 0 0 0 1 0 0 0 1
250 71 531.7835046850521 16.67 3 3 26 27
1 0 0 0 1 0 0 0 1
1 0 0 0 1 0 0 0 1
250 124 540.8111785180513 16.67 3 3 28 29
1 0 0 0 1 0 0 0 1
1 0 0 0 1 0 0 0 1
130 6 39.2302952382469 16.67 3 3 30 31
1 0 0 0 1 0 0 0 1
1 0 0 0 1 0 0 0 1
130 266 1111.9878403380467 16.67 3 3 32 33
1 0 0 0 1 0 0 0 1
1 0 0 0 1 0 0 0 1
130 194 20.84897969721953 16.67 3 3 34 35
1 0 0 0 1 0 0 0 1
1 0 0 0 1 0 0 0 1
130 195 60.318308115754675 16.67 3 3 36 37
1 0 0 0 1 0 0 0 1
1 0 0 0 1 0 0 0 1
132 149 543.1479253498096 16.67 3 3 38 39
1 0 0 0 1 0 0 0 1
1 0 0 0 1 0 0 0 1
132 180 197.53890812993492 16.67 3 3 40 41
1 0 0 0 1 0 0 0 1
1 0 0 0 1 0 0 0 1
132 142 83.74466684923216 16.67 3 3 42 43
1 0 0 0 1 0 0 0 1
1 0 0 0 1 0 0 0 1
49 228 366.47790558435605 16.67 3 3 44 45
1 0 0 0 1 0 0 0 1
1 0 0 0 1 0 0 0 1
49 242 57.408215308806945 16.67 3 3 46 47
1 0 0 0 1 0 0 0 1
1 0 0 0 1 0 0 0 1
49 84 162.69336565788782 16.67 3 3 48 49
1 0 0 0 1 0 0 0 1
1 0 0 0 1 0 0 0 1
251 77 45.333466353539336 16.67 3 3 50 51
1 0 0 0 1 0 0 0 1
1 0 0 0 1 0 0 0 1
251 195 214.9352328433707 16.67 3 3 52 53
1 0 0 0 1 0 0 0 1
1 0 0 0 1 0 0 0 1
251 156 22.466936760561797 16.67 3 3 54 55
1 0 0 0 1 0 0 0 1
1 0 0 0 1 0 0 0 1
253 116 245.23495273108307 16.67 3 3 56 57
1 0 0 0 1 0 0 0 1
1 0 0 0 1 0 0 0 1
253 64 115.22127432939331 16.67 3 3 58 59
1 0 0 0 1 0 0 0 1
1 0 0 0 1 0 0 0 1
253 178 434.6730818153128 16.67 3 3 60 61
1 0 0 0 1 0 0 0 1
1 0 0 0 1 0 0 0 1
133 187 115.67044850130314 16.67 3 3 62 63
1 0 0 0 1 0 0 0 1
1 0 0 0 1 0 0 0 1
133 91 463.8418077668053 16.67 3 3 64 65
1 0 0 0 1 0 0 0 1
1 0 0 0 1 0 0 0 1
133 7 153.61078598206853 16.67 3 3 66 67
1 0 0 0 1 0 0 0 1
1 0 0 0 1 0 0 0 1
254 190 41.38937593807273 16.67 3 3 68 69
1 0 0 0 1 0 0 0 1
1 0 0 0 1 0 0 0 1
254 259 50.90117125476705 16.67 3 3 70 71
1 0 0 0 1 0 0 0 1
1 0 0 0 1 0 0 0 1
254 204 195.9487241275789 16.67 3 3 72 73
1 0 0 0 1 0 0 0 1
1 0 0 0 1 0 0 0 1
134 86 277.0947881414338 16.67 3 3 74 75
1 0 0 0 1 0 0 0 1
1 0 0 0 1 0 0 0 1
134 17 50.36349718152121 16.67 3 3 76 77
1 0 0 0 1 0 0 0 1
1 0 0 0 1 0 0 0 1
134 258 1187.3717484157723 16.67 3 3 78 79
1 0 0 0 1 0 0 0 1
1 0 0 0 1 0 0 0 1
134 191 325.39792738325417 16.67 3 3 80 81
1 0 0 0 1 0 0 0 1
1 0 0 0 1 0 0 0 1
135 116 170.46538132708687 16.67 3 3 82 83
1 0 0 0 1 0 0 0 1
1 0 0 0 1 0 0 0 1
135 211 42.682690712615894 16.67 3 3 84 85
1 0 0 0 1 0 0 0 1
1 0 0 0 1 0 0 0 1
135 205 53.731100482216824 16.67 3 3 86 87
1 0 0 0 1 0 0 0 1
1 0 0 0 1 0 0 0 1
136 74 510.7217042344828 16.67 3 3 88 89
1 0 0 0 1 0 0 0 1
1 0 0 0 1 0 0 0 1
136 58 24.560008069140927 16.67 3 3 90 91
1 0 0 0 1 0 0 0 1
1 0 0 0 1 0 0 0 1
136 149 96.68629407138717 16.67 3 3 92 93
1 0 0 0 1 0 0 0 1
1 0 0 0 1 0 0 0 1
137 179 660.7228307092136 16.67 3 3 94 95
1 0 0 0 1 0 0 0 1
1 0 0 0 1 0 0 0 1
137 106 118.50326520334853 16.67 3 3 96 97
1 0 0 0 1 0 0 0 1
1 0 0 0 1 0 0 0 1
137 123 143.45250569752378 16.67 3 3 98 99
1 0 0 0 1 0 0 0 1
1 0 0 0 1 0 0 0 1
137 85 324.162598990706 16.67 3 3 100 101
1 0 0 0 1 0 0 0 1
1 0 0 0 1 0 0 0 1
138 55 475.5232237047784 16.67 3 3 102 103
1 0 0 0 1 0 0 0 1
1 0 0 0 1 0 0 0 1
138 265 363.41065038243636 16.67 3 3 104 105
1 0 0 0 1 0 0 0 1
1 0 0 0 1 0 0 0 1
138 93 224.31377053516366 16.67 3 3 106 107
1 0 0 0 1 0 0 0 1
1 0 0 0 1 0 0 0 1
255 228 71.39744876841375 16.67 3 3 108 109
1 0 0 0 1 0 0 0 1
1 0 0 0 1 0 0 0 1
255 211 183.98508976393697 16.67 3 3 110 111
1 0 0 0 1 0 0 0 1
1 0 0 0 1 0 0 0 1
255 118 67.45389404780931 16.67 3 3 112 113
1 0 0 0 1 0 0 0 1
1 0 0 0 1 0 0 0 1
140 181 606.0564689767883 16.67 3 3 114 115
1 0 0 0 1 0 0 0 1
1 0 0 0 1 0 0 0 1
140 23 76.23353534574387 16.67 3 3 116 117
1 0 0 0 1 0 0 0 1
1 0 0 0 1 0 0 0 1
140 243 311.741692402996 16.67 3 3 118 119
1 0 0 0 1 0 0 0 1
1 0 0 0 1 0 0 0 1
23 174 154.12707602630076 16.67 3 3 120 121
1 0 0 0 1 0 0 0 1
1 0 0 0 1 0 0 0 1
23 126 380.49355705222 16.67 3 3 122 123
1 0 0 0 1 0 0 0 1
1 0 0 0 1 0 0 0 1
139 261 26.364431451129636 16.67 3 3 124 125
1 0 0 0 1 0 0 0 1
1 0 0 0 1 0 0 0 1
139 183 200.93268202958882 16.67 3 3 126 127
1 0 0 0 1 0 0 0 1
1 0 0 0 1 0 0 0 1
139 194 128.97009160065 16.67 3 3 128 129
1 0 0 0 1 0 0 0 1
1 0 0 0 1 0 0 0 1
141 33 221.70494682497227 16.67 3 3 130 131
1 0 0 0 1 0 0 0 1
1 0 0 0 1 0 0 0 1
141 13 33.84260680677217 16.67 3 3 132 133
1 0 0 0 1 0 0 0 1
1 0 0 0 1 0 0 0 1
142 169 221.97205923555234 16.67 3 3 134 135
1 0 0 0 1 0 0 0 1
1 0 0 0 1 0 0 0 1
142 180 253.3536301059827 16.67 3 3 136 137
1 0 0 0 1 0 0 0 1
1 0 0 0 1 0 0 0 1
142 238 190.8425254375473 16.67 3 3 138 139
1 0 0 0 1 0 0 0 1
1 0 0 0 1 0 0 0 1
143 144 224.47576460345067 16.67 3 3 140 141
1 0 0 0 1 0 0 0 1
1 0 0 0 1 0 0 0 1
143 188 198.0479271864031 16.67 3 3 142 143
1 0 0 0 1 0 0 0 1
1 0 0 0 1 0 0 0 1
143 161 569.8891905020433 16.67 3 3 144 145
1 0 0 0 1 0 0 0 1
1 0 0 0 1 0 0 0 1
143 171 125.75299668044731 16.67 3 3 146 147
1 0 0 0 1 0 0 0 1
1 0 0 0 1 0 0 0 1
257 264 217.15179084855154 16.67 3 3 148 149
1 0 0 0 1 0 0 0 1
1 0 0 0 1 0 0 0 1
257 199 119.788687714958 16.67 3 3 150 151
1 0 0 0 1 0 0 0 1
1 0 0 0 1 0 0 0 1
258 182 288.7935680957229 16.67 3 3 152 153
1 0 0 0 1 0 0 0 1
1 0 0 0 1 0 0 0 1
258 161 351.6329476848881 16.67 3 3 154 155
1 0 0 0 1 0 0 0 1
1 0 0 0 1 0 0 0 1
258 150 538.4037137807107 16.67 3 3 156 157
1 0 0 0 1 0 0 0 1
1 0 0 0 1 0 0 0 1
144 97 328.32473648839635 16.67 3 3 158 159
1 0 0 0 1 0 0 0 1
1 0 0 0 1 0 0 0 1
144 150 145.88876175019902 16.67 3 3 160 161
1 0 0 0 1 0 0 0 1
1 0 0 0 1 0 0 0 1
144 56 76.05233053097676 16.67 3 3 162 163
1 0 0 0 1 0 0 0 1
1 0 0 0 1 0 0 0 1
29 16 35.945631728850955 16.67 3 3 164 165
1 0 0 0 1 0 0 0 1
1 0 0 0 1 0 0 0 1
29 76 266.543274327409 16.67 3 3 166 167
1 0 0 0 1 0 0 0 1
1 0 0 0 1 0 0 0 1
29 24 671.67137680629 16.67 3 3 168 169
1 0 0 0 1 0 0 0 1
1 0 0 0 1 0 0 0 1
146 151 152.98216948888955 16.67 3 3 170 171
1 0 0 0 1 0 0 0 1
1 0 0 0 1 0 0 0 1
146 73 884.2212198706574 16.67 3 3 172 173
1 0 0 0 1 0 0 0 1
1 0 0 0 1 0 0 0 1
146 85 122.92255073420482 16.67 3 3 174 175
1 0 0 0 1 0 0 0 1
1 0 0 0 1 0 0 0 1
146 51 114.08214507870817 16.67 3 3 176 177
1 0 0 0 1 0 0 0 1
1 0 0 0 1 0 0 0 1
145 57 53.20896346872707 16.67 3 3 178 179
1 0 0 0 1 0 0 0 1
1 0 0 0 1 0 0 0 1
145 99 186.85603726537389 16.67 3 3 180 181
1 0 0 0 1 0 0 0 1
1 0 0 0 1 0 0 0 1
145 109 76.22337398090379 16.67 3 3 182 183
1 0 0 0 1 0 0 0 1
1 0 0 0 1 0 0 0 1
259 74 281.02930011493424 16.67 3 3 184 185
1 0 0 0 1 0 0 0 1
1 0 0 0 1 0 0 0 1
259 61 737.1997997218652 16.67 3 3 186 187
1 0 0 0 1 0 0 0 1
1 0 0 0 1 0 0 0 1
147 21 39.476247297133085 16.67 3 3 188 189
1 0 0 0 1 0 0 0 1
1 0 0 0 1 0 0 0 1
147 176 69.88523776340516 16.67 3 3 190 191
1 0 0 0 1 0 0 0 1
1 0 0 0 1 0 0 0 1
147 117 425.2594532955857 16.67 3 3 192 193
1 0 0 0 1 0 0 0 1
1 0 0 0 1 0 0 0 1
260 54 511.6820411951923 16.67 3 3 194 195
1 0 0 0 1 0 0 0 1
1 0 0 0 1 0 0 0 1
260 217 29.202660161960846 16.67 3 3 196 197
1 0 0 0 1 0 0 0 1
1 0 0 0 1 0 0 0 1
148 43 807.6631881692246 16.67 3 3 198 199
1 0 0 0 1 0 0 0 1
1 0 0 0 1 0 0 0 1
148 54 644.0388390355612 16.67 3 3 200 201
1 0 0 0 1 0 0 0 1
1 0 0 0 1 0 0 0 1
148 102 99.92970300314462 16.67 3 3 202 203
1 0 0 0 1 0 0 0 1
1 0 0 0 1 0 0 0 1
148 36 518.4303564575382 16.67 3 3 204 205
1 0 0 0 1 0 0 0 1
1 0 0 0 1 0 0 0 1
261 96 1255.2934664548468 16.67 3 3 206 207
1 0 0 0 1 0 0 0 1
1 0 0 0 1 0 0 0 1
261 265 231.516830529932 16.67 3 3 208 209
1 0 0 0 1 0 0 0 1
1 0 0 0 1 0 0 0 1
261 194 143.3154672508099 16.67 3 3 210 211
1 0 0 0 1 0 0 0 1
1 0 0 0 1 0 0 0 1
262 183 55.47036872352968 16.67 3 3 212 213
1 0 0 0 1 0 0 0 1
1 0 0 0 1 0 0 0 1
262 239 421.65687202015874 16.67 3 3 214 215
1 0 0 0 1 0 0 0 1
1 0 0 0 1 0 0 0 1
149 81 47.68312988885435 16.67 3 3 216 217
1 0 0 0 1 0 0 0 1
1 0 0 0 1 0 0 0 1
149 241 154.94651291570017 16.67 3 3 218 219
1 0 0 0 1 0 0 0 1
1 0 0 0 1 0 0 0 1
150 26 621.6791954912953 16.67 3 3 220 221
1 0 0 0 1 0 0 0 1
1 0 0 0 1 0 0 0 1
150 56 75.86677051258154 16.67 3 3 222 223
1 0 0 0 1 0 0 0 1
1 0 0 0 1 0 0 0 1
151 77 35.379293945044296 16.67 3 3 224 225
1 0 0 0 1 0 0 0 1
1 0 0 0 1 0 0 0 1
151 156 53.501049723325345 16.67 3 3 226 227
1 0 0 0 1 0 0 0 1
1 0 0 0 1 0 0 0 1
152 219 46.22612403265852 16.67 3 3 228 229
1 0 0 0 1 0 0 0 1
1 0 0 0 1 0 0 0 1
152 76 46.80620692899483 16.67 3 3 230 231
1 0 0 0 1 0 0 0 1
1 0 0 0 1 0 0 0 1
152 79 33.90031565263524 16.67 3 3 232 233
1 0 0 0 1 0 0 0 1
1 0 0 0 1 0 0 0 1
153 37 38.55441468763887 16.67 3 3 234 235
1 0 0 0 1 0 0 0 1
1 0 0 0 1 0 0 0 1
153 75 261.6066454244828 16.67 3 3 236 237
1 0 0 0 1 0 0 0 1
1 0 0 0 1 0 0 0 1
153 84 60.96113884661834 16.67 3 3 238 239
1 0 0 0 1 0 0 0 1
1 0 0 0 1 0 0 0 1
154 214 90.35552955844896 16.67 3 3 240 241
1 0 0 0 1 0 0 0 1
1 0 0 0 1 0 0 0 1
154 158 316.8163688619903 16.67 3 3 242 243
1 0 0 0 1 0 0 0 1
1 0 0 0 1 0 0 0 1
154 94 246.34387112334116 16.67 3 3 244 245
1 0 0 0 1 0 0 0 1
1 0 0 0 1 0 0 0 1
155 192 22.866232893050384 16.67 3 3 246 247
1 0 0 0 1 0 0 0 1
1 0 0 0 1 0 0 0 1
155 246 66.20608843213186 16.67 3 3 248 249
1 0 0 0 1 0 0 0 1
1 0 0 0 1 0 0 0 1
155 217 47.46429444025985 16.67 3 3 250 251
1 0 0 0 1 0 0 0 1
1 0 0 0 1 0 0 0 1
156 85 114.3790502109214 16.67 3 3 252 253
1 0 0 0 1 0 0 0 1
1 0 0 0 1 0 0 0 1
156 195 218.2233780510612 16.67 3 3 254 255
1 0 0 0 1 0 0 0 1
1 0 0 0 1 0 0 0 1
265 183 59.91078202339088 16.67 3 3 256 257
1 0 0 0 1 0 0 0 1
1 0 0 0 1 0 0 0 1
157 209 84.9953480439611 16.67 3 3 258 259
1 0 0 0 1 0 0 0 1
1 0 0 0 1 0 0 0 1
157 61 129.3318013004243 16.67 3 3 260 261
1 0 0 0 1 0 0 0 1
1 0 0 0 1 0 0 0 1
157 157 0.0 16.67 3 3 262 263
1 0 0 0 1 0 0 0 1
1 0 0 0 1 0 0 0 1
11 20 124.89127512146253 16.67 3 3 264 265
1 0 0 0 1 0 0 0 1
1 0 0 0 1 0 0 0 1
11 83 211.7352915140092 16.67 3 3 266 267
1 0 0 0 1 0 0 0 1
1 0 0 0 1 0 0 0 1
11 100 251.3202305334155 16.67 3 3 268 269
1 0 0 0 1 0 0 0 1
1 0 0 0 1 0 0 0 1
11 94 634.2335101209738 16.67 3 3 270 271
1 0 0 0 1 0 0 0 1
1 0 0 0 1 0 0 0 1
158 206 54.87076628219086 16.67 3 3 272 273
1 0 0 0 1 0 0 0 1
1 0 0 0 1 0 0 0 1
158 162 233.2099840194901 16.67 3 3 274 275
1 0 0 0 1 0 0 0 1
1 0 0 0 1 0 0 0 1
159 212 91.50045078587723 16.67 3 3 278 279
1 0 0 0 1 0 0 0 1
1 0 0 0 1 0 0 0 1
159 108 128.42750394823486 16.67 3 3 280 281
1 0 0 0 1 0 0 0 1
1 0 0 0 1 0 0 0 1
160 63 203.32624010077694 16.67 3 3 282 283
1 0 0 0 1 0 0 0 1
1 0 0 0 1 0 0 0 1
160 188 192.7819397829496 16.67 3 3 284 285
1 0 0 0 1 0 0 0 1
1 0 0 0 1 0 0 0 1
160 91 256.5551549261063 16.67 3 3 286 287
1 0 0 0 1 0 0 0 1
1 0 0 0 1 0 0 0 1
160 167 81.02362678290235 16.67 3 3 288 289
1 0 0 0 1 0 0 0 1
1 0 0 0 1 0 0 0 1
161 62 278.99972873658294 16.67 3 3 290 291
1 0 0 0 1 0 0 0 1
1 0 0 0 1 0 0 0 1
161 218 288.94766353923495 16.67 3 3 292 293
1 0 0 0 1 0 0 0 1
1 0 0 0 1 0 0 0 1
22 46 233.67443206179937 16.67 3 3 294 295
1 0 0 0 1 0 0 0 1
1 0 0 0 1 0 0 0 1
22 76 46.05993618113576 16.67 3 3 296 297
1 0 0 0 1 0 0 0 1
1 0 0 0 1 0 0 0 1
266 7 61.651313676897686 16.67 3 3 298 299
1 0 0 0 1 0 0 0 1
1 0 0 0 1 0 0 0 1
266 32 34.59434411050279 16.67 3 3 300 301
1 0 0 0 1 0 0 0 1
1 0 0 0 1 0 0 0 1
37 222 299.75631760986255 16.67 3 3 302 303
1 0 0 0 1 0 0 0 1
1 0 0 0 1 0 0 0 1
267 73 106.41395643135928 16.67 3 3 304 305
1 0 0 0 1 0 0 0 1
1 0 0 0 1 0 0 0 1
267 60 72.8371737614421 16.67 3 3 306 307
1 0 0 0 1 0 0 0 1
1 0 0 0 1 0 0 0 1
25 2 650.7195669669244 16.67 3 3 308 309
1 0 0 0 1 0 0 0 1
1 0 0 0 1 0 0 0 1
25 18 85.98323942788141 16.67 3 3 310 311
1 0 0 0 1 0 0 0 1
1 0 0 0 1 0 0 0 1
25 79 320.10927934931215 16.67 3 3 312 313
1 0 0 0 1 0 0 0 1
1 0 0 0 1 0 0 0 1
41 212 242.63647217943966 16.67 3 3 314 315
1 0 0 0 1 0 0 0 1
1 0 0 0 1 0 0 0 1
41 105 194.15312652568173 16.67 3 3 316 317
1 0 0 0 1 0 0 0 1
1 0 0 0 1 0 0 0 1
41 108 46.71643712212153 16.67 3 3 318 319
1 0 0 0 1 0 0 0 1
1 0 0 0 1 0 0 0 1
163 105 1446.2877148893679 16.67 3 3 320 321
1 0 0 0 1 0 0 0 1
1 0 0 0 1 0 0 0 1
163 117 1046.6011118488457 16.67 3 3 322 323
1 0 0 0 1 0 0 0 1
1 0 0 0 1 0 0 0 1
163 124 58.04839454792497 16.67 3 3 324 325
1 0 0 0 1 0 0 0 1
1 0 0 0 1 0 0 0 1
164 81 172.3226291375828 16.67 3 3 326 327
1 0 0 0 1 0 0 0 1
1 0 0 0 1 0 0 0 1
164 120 368.944253617189 16.67 3 3 328 329
1 0 0 0 1 0 0 0 1
1 0 0 0 1 0 0 0 1
164 241 46.58081643471686 16.67 3 3 330 331
1 0 0 0 1 0 0 0 1
1 0 0 0 1 0 0 0 1
164 99 185.55267422700504 16.67 3 3 332 333
1 0 0 0 1 0 0 0 1
1 0 0 0 1 0 0 0 1
166 87 327.2675545597117 16.67 3 3 334 335
1 0 0 0 1 0 0 0 1
1 0 0 0 1 0 0 0 1
166 100 48.76686747989557 16.67 3 3 336 337
1 0 0 0 1 0 0 0 1
1 0 0 0 1 0 0 0 1
166 165 21.989121595097284 16.67 3 3 338 339
1 0 0 0 1 0 0 0 1
1 0 0 0 1 0 0 0 1
167 95 239.50184804020918 16.67 3 3 340 341
1 0 0 0 1 0 0 0 1
1 0 0 0 1 0 0 0 1
167 187 307.39637734943386 16.67 3 3 342 343
1 0 0 0 1 0 0 0 1
1 0 0 0 1 0 0 0 1
167 91 239.65937634039983 16.67 3 3 344 345
1 0 0 0 1 0 0 0 1
1 0 0 0 1 0 0 0 1
168 229 635.9653071849059 16.67 3 3 346 347
1 0 0 0 1 0 0 0 1
1 0 0 0 1 0 0 0 1
168 217 169.8334682374152 16.67 3 3 348 349
1 0 0 0 1 0 0 0 1
1 0 0 0 1 0 0 0 1
169 103 87.98685585136145 16.67 3 3 350 351
1 0 0 0 1 0 0 0 1
1 0 0 0 1 0 0 0 1
169 231 261.96540910380776 16.67 3 3 352 353
1 0 0 0 1 0 0 0 1
1 0 0 0 1 0 0 0 1
170 115 257.0573974561508 16.67 3 3 354 355
1 0 0 0 1 0 0 0 1
1 0 0 0 1 0 0 0 1
170 83 192.39227851785046 16.67 3 3 356 357
1 0 0 0 1 0 0 0 1
1 0 0 0 1 0 0 0 1
170 89 68.47318759473721 16.67 3 3 358 359
1 0 0 0 1 0 0 0 1
1 0 0 0 1 0 0 0 1
171 97 44.40707401450764 16.67 3 3 360 361
1 0 0 0 1 0 0 0 1
1 0 0 0 1 0 0 0 1
171 1 97.22886760156483 16.67 3 3 362 363
1 0 0 0 1 0 0 0 1
1 0 0 0 1 0 0 0 1
172 240 262.8621760691607 16.67 3 3 364 365
1 0 0 0 1 0 0 0 1
1 0 0 0 1 0 0 0 1
172 189 39.40317497418139 16.67 3 3 366 367
1 0 0 0 1 0 0 0 1
1 0 0 0 1 0 0 0 1
172 178 50.28488835588229 16.67 3 3 368 369
1 0 0 0 1 0 0 0 1
1 0 0 0 1 0 0 0 1
173 26 528.7648558316497 16.67 3 3 370 371
1 0 0 0 1 0 0 0 1
1 0 0 0 1 0 0 0 1
173 86 296.66145978478573 16.67 3 3 372 373
1 0 0 0 1 0 0 0 1
1 0 0 0 1 0 0 0 1
173 207 672.407131484399 16.67 3 3 374 375
1 0 0 0 1 0 0 0 1
1 0 0 0 1 0 0 0 1
173 226 32.82836338166291 16.67 3 3 376 377
1 0 0 0 1 0 0 0 1
1 0 0 0 1 0 0 0 1
26 207 394.70800893042957 16.67 3 3 378 379
1 0 0 0 1 0 0 0 1
1 0 0 0 1 0 0 0 1
33 196 354.094183711631 16.67 3 3 380 381
1 0 0 0 1 0 0 0 1
1 0 0 0 1 0 0 0 1
33 229 50.99230219564668 16.67 3 3 382 383
1 0 0 0 1 0 0 0 1
1 0 0 0 1 0 0 0 1
33 215 18.457437826609418 16.67 3 3 384 385
1 0 0 0 1 0 0 0 1
1 0 0 0 1 0 0 0 1
174 118 111.14954869191939 16.67 3 3 386 387
1 0 0 0 1 0 0 0 1
1 0 0 0 1 0 0 0 1
174 236 70.28491124492736 16.67 3 3 388 389
1 0 0 0 1 0 0 0 1
1 0 0 0 1 0 0 0 1
175 10 77.8376713479487 16.67 3 3 390 391
1 0 0 0 1 0 0 0 1
1 0 0 0 1 0 0 0 1
175 189 33.35053188059175 16.67 3 3 392 393
1 0 0 0 1 0 0 0 1
1 0 0 0 1 0 0 0 1
175 178 44.07866771236213 16.67 3 3 394 395
1 0 0 0 1 0 0 0 1
1 0 0 0 1 0 0 0 1
17 86 227.25782847077778 16.67 3 3 396 397
1 0 0 0 1 0 0 0 1
1 0 0 0 1 0 0 0 1
17 226 499.22637716265336 16.67 3 3 398 399
1 0 0 0 1 0 0 0 1
1 0 0 0 1 0 0 0 1
13 112 108.65573941355649 16.67 3 3 400 401
1 0 0 0 1 0 0 0 1
1 0 0 0 1 0 0 0 1
176 40 209.9070274180599 16.67 3 3 402 403
1 0 0 0 1 0 0 0 1
1 0 0 0 1 0 0 0 1
176 117 442.2284198671446 16.67 3 3 404 405
1 0 0 0 1 0 0 0 1
1 0 0 0 1 0 0 0 1
176 125 262.78635575218215 16.67 3 3 406 407
1 0 0 0 1 0 0 0 1
1 0 0 0 1 0 0 0 1
31 181 927.4757194255777 16.67 3 3 408 409
1 0 0 0 1 0 0 0 1
1 0 0 0 1 0 0 0 1
31 9 1690.4601475736772 16.67 3 3 410 411
1 0 0 0 1 0 0 0 1
1 0 0 0 1 0 0 0 1
177 69 141.22381623457144 16.67 3 3 412 413
1 0 0 0 1 0 0 0 1
1 0 0 0 1 0 0 0 1
177 214 345.9181406735469 16.67 3 3 414 415
1 0 0 0 1 0 0 0 1
1 0 0 0 1 0 0 0 1
177 121 488.26033709966384 16.67 3 3 416 417
1 0 0 0 1 0 0 0 1
1 0 0 0 1 0 0 0 1
178 64 414.2634820043298 16.67 3 3 418 419
1 0 0 0 1 0 0 0 1
1 0 0 0 1 0 0 0 1
9 50 846.6835784749827 16.67 3 3 420 421
1 0 0 0 1 0 0 0 1
1 0 0 0 1 0 0 0 1
9 19 869.2410693380529 16.67 3 3 422 423
1 0 0 0 1 0 0 0 1
1 0 0 0 1 0 0 0 1
179 69 199.1843208431155 16.67 3 3 424 425
1 0 0 0 1 0 0 0 1
1 0 0 0 1 0 0 0 1
179 237 102.75975127230313 16.67 3 3 426 427
1 0 0 0 1 0 0 0 1
1 0 0 0 1 0 0 0 1
179 73 162.59942254684148 16.67 3 3 428 429
1 0 0 0 1 0 0 0 1
1 0 0 0 1 0 0 0 1
180 104 678.0464065744595 16.67 3 3 430 431
1 0 0 0 1 0 0 0 1
1 0 0 0 1 0 0 0 1
181 224 36.89471886486929 16.67 3 3 432 433
1 0 0 0 1 0 0 0 1
1 0 0 0 1 0 0 0 1
181 203 74.82361494319393 16.67 3 3 434 435
1 0 0 0 1 0 0 0 1
1 0 0 0 1 0 0 0 1
182 78 69.82632378144304 16.67 3 3 436 437
1 0 0 0 1 0 0 0 1
1 0 0 0 1 0 0 0 1
183 122 519.9256397225353 16.67 3 3 438 439
1 0 0 0 1 0 0 0 1
1 0 0 0 1 0 0 0 1
184 110 247.85611646349884 16.67 3 3 440 441
1 0 0 0 1 0 0 0 1
1 0 0 0 1 0 0 0 1
184 68 74.12984191456705 16.67 3 3 442 443
1 0 0 0 1 0 0 0 1
1 0 0 0 1 0 0 0 1
186 212 665.3781018325985 16.67 3 3 444 445
1 0 0 0 1 0 0 0 1
1 0 0 0 1 0 0 0 1
186 71 441.75868042715143 16.67 3 3 446 447
1 0 0 0 1 0 0 0 1
1 0 0 0 1 0 0 0 1
186 193 210.7272087037436 16.67 3 3 448 449
1 0 0 0 1 0 0 0 1
1 0 0 0 1 0 0 0 1
187 230 107.76110954809124 16.67 3 3 450 451
1 0 0 0 1 0 0 0 1
1 0 0 0 1 0 0 0 1
188 63 212.32791496407958 16.67 3 3 452 453
1 0 0 0 1 0 0 0 1
1 0 0 0 1 0 0 0 1
188 218 507.82187167288544 16.67 3 3 454 455
1 0 0 0 1 0 0 0 1
1 0 0 0 1 0 0 0 1
40 185 178.2596436383452 16.67 3 3 456 457
1 0 0 0 1 0 0 0 1
1 0 0 0 1 0 0 0 1
40 189 117.3405337655888 16.67 3 3 458 459
1 0 0 0 1 0 0 0 1
1 0 0 0 1 0 0 0 1
191 82 29.2089987199006 16.67 3 3 460 461
1 0 0 0 1 0 0 0 1
1 0 0 0 1 0 0 0 1
191 78 1113.4030227581034 16.67 3 3 462 463
1 0 0 0 1 0 0 0 1
1 0 0 0 1 0 0 0 1
192 70 126.61862094191743 16.67 3 3 464 465
1 0 0 0 1 0 0 0 1
1 0 0 0 1 0 0 0 1
192 246 58.274465147445746 16.67 3 3 466 467
1 0 0 0 1 0 0 0 1
1 0 0 0 1 0 0 0 1
192 114 27.395251530289617 16.67 3 3 468 469
1 0 0 0 1 0 0 0 1
1 0 0 0 1 0 0 0 1
193 90 141.47913047709474 16.67 3 3 470 471
1 0 0 0 1 0 0 0 1
1 0 0 0 1 0 0 0 1
193 53 371.2794837640249 16.67 3 3 472 473
1 0 0 0 1 0 0 0 1
1 0 0 0 1 0 0 0 1
194 6 49.036831359048115 16.67 3 3 474 475
1 0 0 0 1 0 0 0 1
1 0 0 0 1 0 0 0 1
195 85 222.52520635618004 16.67 3 3 476 477
1 0 0 0 1 0 0 0 1
1 0 0 0 1 0 0 0 1
1 97 87.41637816010198 16.67 3 3 478 479
1 0 0 0 1 0 0 0 1
1 0 0 0 1 0 0 0 1
1 63 140.48214060345904 16.67 3 3 480 481
1 0 0 0 1 0 0 0 1
1 0 0 0 1 0 0 0 1
34 212 87.19209314093493 16.67 3 3 482 483
1 0 0 0 1 0 0 0 1
1 0 0 0 1 0 0 0 1
34 48 106.65399500906409 16.67 3 3 484 485
1 0 0 0 1 0 0 0 1
1 0 0 0 1 0 0 0 1
196 268 272.52179526932616 16.67 3 3 486 487
1 0 0 0 1 0 0 0 1
1 0 0 0 1 0 0 0 1
196 215 348.39976825202945 16.67 3 3 488 489
1 0 0 0 1 0 0 0 1
1 0 0 0 1 0 0 0 1
196 263 275.7928068766363 16.67 3 3 490 491
1 0 0 0 1 0 0 0 1
1 0 0 0 1 0 0 0 1
198 6 142.69562129919774 16.67 3 3 492 493
1 0 0 0 1 0 0 0 1
1 0 0 0 1 0 0 0 1
198 122 283.2751149441327 16.67 3 3 494 495
1 0 0 0 1 0 0 0 1
1 0 0 0 1 0 0 0 1
198 123 148.5971296754868 16.67 3 3 496 497
1 0 0 0 1 0 0 0 1
1 0 0 0 1 0 0 0 1
199 126 53.80838696686377 16.67 3 3 498 499
1 0 0 0 1 0 0 0 1
1 0 0 0 1 0 0 0 1
2 50 588.8353285603652 16.67 3 3 500 501
1 0 0 0 1 0 0 0 1
1 0 0 0 1 0 0 0 1
2 79 330.6245227744035 16.67 3 3 502 503
1 0 0 0 1 0 0 0 1
1 0 0 0 1 0 0 0 1
3 59 220.85062010975955 16.67 3 3 504 505
1 0 0 0 1 0 0 0 1
1 0 0 0 1 0 0 0 1
3 241 45.10136138508563 16.67 3 3 506 507
1 0 0 0 1 0 0 0 1
1 0 0 0 1 0 0 0 1
3 99 140.37050864325064 16.67 3 3 508 509
1 0 0 0 1 0 0 0 1
1 0 0 0 1 0 0 0 1
200 95 179.08206166141503 16.67 3 3 510 511
1 0 0 0 1 0 0 0 1
1 0 0 0 1 0 0 0 1
200 230 75.10191386294255 16.67 3 3 512 513
1 0 0 0 1 0 0 0 1
1 0 0 0 1 0 0 0 1
200 232 156.0329727921 16.67 3 3 514 515
1 0 0 0 1 0 0 0 1
1 0 0 0 1 0 0 0 1
201 86 59.13165221659304 16.67 3 3 516 517
1 0 0 0 1 0 0 0 1
1 0 0 0 1 0 0 0 1
201 79 187.79264613282714 16.67 3 3 518 519
1 0 0 0 1 0 0 0 1
1 0 0 0 1 0 0 0 1
202 233 33.30682778030294 16.67 3 3 520 521
1 0 0 0 1 0 0 0 1
1 0 0 0 1 0 0 0 1
202 247 66.9985252769239 16.67 3 3 522 523
1 0 0 0 1 0 0 0 1
1 0 0 0 1 0 0 0 1
202 236 44.13327187501663 16.67 3 3 524 525
1 0 0 0 1 0 0 0 1
1 0 0 0 1 0 0 0 1
202 126 252.50941521303704 16.67 3 3 526 527
1 0 0 0 1 0 0 0 1
1 0 0 0 1 0 0 0 1
203 224 43.180885455676346 16.67 3 3 528 529
1 0 0 0 1 0 0 0 1
1 0 0 0 1 0 0 0 1
203 61 291.94712120357235 16.67 3 3 530 531
1 0 0 0 1 0 0 0 1
1 0 0 0 1 0 0 0 1
204 243 623.943901202833 16.67 3 3 532 533
1 0 0 0 1 0 0 0 1
1 0 0 0 1 0 0 0 1
204 104 342.1312331130608 16.67 3 3 534 535
1 0 0 0 1 0 0 0 1
1 0 0 0 1 0 0 0 1
53 67 136.54606465990918 16.67 3 3 536 537
1 0 0 0 1 0 0 0 1
1 0 0 0 1 0 0 0 1
53 246 894.7656964475343 16.67 3 3 538 539
1 0 0 0 1 0 0 0 1
1 0 0 0 1 0 0 0 1
53 71 327.7349521606556 16.67 3 3 540 541
1 0 0 0 1 0 0 0 1
1 0 0 0 1 0 0 0 1
55 93 581.1057497691853 16.67 3 3 542 543
1 0 0 0 1 0 0 0 1
1 0 0 0 1 0 0 0 1
55 66 143.88506333676625 16.67 3 3 544 545
1 0 0 0 1 0 0 0 1
1 0 0 0 1 0 0 0 1
56 225 492.7190730331352 16.67 3 3 546 547
1 0 0 0 1 0 0 0 1
1 0 0 0 1 0 0 0 1
56 70 727.1530737902106 16.67 3 3 548 549
1 0 0 0 1 0 0 0 1
1 0 0 0 1 0 0 0 1
205 233 37.378739972198694 16.67 3 3 550 551
1 0 0 0 1 0 0 0 1
1 0 0 0 1 0 0 0 1
205 64 148.04429277792536 16.67 3 3 552 553
1 0 0 0 1 0 0 0 1
1 0 0 0 1 0 0 0 1
206 60 154.6347676944081 16.67 3 3 554 555
1 0 0 0 1 0 0 0 1
1 0 0 0 1 0 0 0 1
42 5 146.31930974053097 16.67 3 3 556 557
1 0 0 0 1 0 0 0 1
1 0 0 0 1 0 0 0 1
42 213 92.5133178800879 16.67 3 3 558 559
1 0 0 0 1 0 0 0 1
1 0 0 0 1 0 0 0 1
57 109 24.164717170518767 16.67 3 3 560 561
1 0 0 0 1 0 0 0 1
1 0 0 0 1 0 0 0 1
5 210 73.94126985685106 16.67 3 3 562 563
1 0 0 0 1 0 0 0 1
1 0 0 0 1 0 0 0 1
5 124 480.5624052835693 16.67 3 3 564 565
1 0 0 0 1 0 0 0 1
1 0 0 0 1 0 0 0 1
58 81 40.067724161885515 16.67 3 3 566 567
1 0 0 0 1 0 0 0 1
1 0 0 0 1 0 0 0 1
58 121 407.97616286491484 16.67 3 3 568 569
1 0 0 0 1 0 0 0 1
1 0 0 0 1 0 0 0 1
59 109 221.18332804199727 16.67 3 3 570 571
1 0 0 0 1 0 0 0 1
1 0 0 0 1 0 0 0 1
59 231 739.4006151820141 16.67 3 3 572 573
1 0 0 0 1 0 0 0 1
1 0 0 0 1 0 0 0 1
207 70 46.28413171675474 16.67 3 3 574 575
1 0 0 0 1 0 0 0 1
1 0 0 0 1 0 0 0 1
207 226 700.7437414674724 16.67 3 3 576 577
1 0 0 0 1 0 0 0 1
1 0 0 0 1 0 0 0 1
208 8 49.24073547790105 16.67 3 3 578 579
1 0 0 0 1 0 0 0 1
1 0 0 0 1 0 0 0 1
208 47 30.029401414291797 16.67 3 3 580 581
1 0 0 0 1 0 0 0 1
1 0 0 0 1 0 0 0 1
208 106 131.6832995614289 16.67 3 3 582 583
1 0 0 0 1 0 0 0 1
1 0 0 0 1 0 0 0 1
30 95 51.40568189239109 16.67 3 3 584 585
1 0 0 0 1 0 0 0 1
1 0 0 0 1 0 0 0 1
30 44 57.72455453913329 16.67 3 3 586 587
1 0 0 0 1 0 0 0 1
1 0 0 0 1 0 0 0 1
62 52 118.40151120101876 16.67 3 3 588 589
1 0 0 0 1 0 0 0 1
1 0 0 0 1 0 0 0 1
62 197 308.54569835284275 16.67 3 3 590 591
1 0 0 0 1 0 0 0 1
1 0 0 0 1 0 0 0 1
62 78 407.50776476213565 16.67 3 3 592 593
1 0 0 0 1 0 0 0 1
1 0 0 0 1 0 0 0 1
63 44 76.10669042944502 16.67 3 3 594 595
1 0 0 0 1 0 0 0 1
1 0 0 0 1 0 0 0 1
209 119 819.2513473910025 16.67 3 3 596 597
1 0 0 0 1 0 0 0 1
1 0 0 0 1 0 0 0 1
209 122 415.7225346306676 16.67 3 3 598 599
1 0 0 0 1 0 0 0 1
1 0 0 0 1 0 0 0 1
64 65 130.0426603278281 16.67 3 3 600 601
1 0 0 0 1 0 0 0 1
1 0 0 0 1 0 0 0 1
65 233 242.3484075870234 16.67 3 3 602 603
1 0 0 0 1 0 0 0 1
1 0 0 0 1 0 0 0 1
65 110 212.7432908516261 16.67 3 3 604 605
1 0 0 0 1 0 0 0 1
1 0 0 0 1 0 0 0 1
210 213 127.51629925091382 16.67 3 3 606 607
1 0 0 0 1 0 0 0 1
1 0 0 0 1 0 0 0 1
210 227 271.3672398198812 16.67 3 3 608 609
1 0 0 0 1 0 0 0 1
1 0 0 0 1 0 0 0 1
211 233 46.64692538700047 16.67 3 3 610 611
1 0 0 0 1 0 0 0 1
1 0 0 0 1 0 0 0 1
211 247 38.99964700087108 16.67 3 3 612 613
1 0 0 0 1 0 0 0 1
1 0 0 0 1 0 0 0 1
66 90 483.6175747885807 16.67 3 3 614 615
1 0 0 0 1 0 0 0 1
1 0 0 0 1 0 0 0 1
67 90 333.3502051829828 16.67 3 3 616 617
1 0 0 0 1 0 0 0 1
1 0 0 0 1 0 0 0 1
67 225 392.4576489643928 16.67 3 3 618 619
1 0 0 0 1 0 0 0 1
1 0 0 0 1 0 0 0 1
67 70 934.0137219235496 16.67 3 3 620 621
1 0 0 0 1 0 0 0 1
1 0 0 0 1 0 0 0 1
50 114 271.36875855812764 16.67 3 3 622 623
1 0 0 0 1 0 0 0 1
1 0 0 0 1 0 0 0 1
68 240 94.98299571299103 16.67 3 3 624 625
1 0 0 0 1 0 0 0 1
1 0 0 0 1 0 0 0 1
68 223 146.1989449992694 16.67 3 3 626 627
1 0 0 0 1 0 0 0 1
1 0 0 0 1 0 0 0 1
69 237 197.2047704578816 16.67 3 3 628 629
1 0 0 0 1 0 0 0 1
1 0 0 0 1 0 0 0 1
69 119 333.414194954426 16.67 3 3 630 631
1 0 0 0 1 0 0 0 1
1 0 0 0 1 0 0 0 1
72 229 222.8384051947972 16.67 3 3 632 633
1 0 0 0 1 0 0 0 1
1 0 0 0 1 0 0 0 1
72 35 66.6113960137579 16.67 3 3 634 635
1 0 0 0 1 0 0 0 1
1 0 0 0 1 0 0 0 1
213 14 59.32336240692928 16.67 3 3 636 637
1 0 0 0 1 0 0 0 1
1 0 0 0 1 0 0 0 1
74 119 267.887203807567 16.67 3 3 638 639
1 0 0 0 1 0 0 0 1
1 0 0 0 1 0 0 0 1
214 115 278.8960321360215 16.67 3 3 640 641
1 0 0 0 1 0 0 0 1
1 0 0 0 1 0 0 0 1
214 121 212.00186916840244 16.67 3 3 642 643
1 0 0 0 1 0 0 0 1
1 0 0 0 1 0 0 0 1
47 8 70.71125114500332 16.67 3 3 644 645
1 0 0 0 1 0 0 0 1
1 0 0 0 1 0 0 0 1
47 122 256.0994274016801 16.67 3 3 646 647
1 0 0 0 1 0 0 0 1
1 0 0 0 1 0 0 0 1
75 243 547.2631277589833 16.67 3 3 648 649
1 0 0 0 1 0 0 0 1
1 0 0 0 1 0 0 0 1
75 92 547.2567521769577 16.67 3 3 650 651
1 0 0 0 1 0 0 0 1
1 0 0 0 1 0 0 0 1
75 118 538.9621230948565 16.67 3 3 652 653
1 0 0 0 1 0 0 0 1
1 0 0 0 1 0 0 0 1
19 24 569.1927875981744 16.67 3 3 654 655
1 0 0 0 1 0 0 0 1
1 0 0 0 1 0 0 0 1
215 229 56.64078573347985 16.67 3 3 656 657
1 0 0 0 1 0 0 0 1
1 0 0 0 1 0 0 0 1
24 219 313.9961731577061 16.67 3 3 658 659
1 0 0 0 1 0 0 0 1
1 0 0 0 1 0 0 0 1
78 82 1104.6341856242566 16.67 3 3 660 661
1 0 0 0 1 0 0 0 1
1 0 0 0 1 0 0 0 1
219 112 30.55669496564677 16.67 3 3 662 663
1 0 0 0 1 0 0 0 1
1 0 0 0 1 0 0 0 1
218 131 139.19114206494555 16.67 3 3 664 665
1 0 0 0 1 0 0 0 1
1 0 0 0 1 0 0 0 1
80 127 712.6017407354163 16.67 3 3 666 667
1 0 0 0 1 0 0 0 1
1 0 0 0 1 0 0 0 1
80 101 145.76316106352806 16.67 3 3 668 669
1 0 0 0 1 0 0 0 1
1 0 0 0 1 0 0 0 1
80 27 528.6864859494545 16.67 3 3 670 671
1 0 0 0 1 0 0 0 1
1 0 0 0 1 0 0 0 1
80 238 298.59960217618425 16.67 3 3 672 673
1 0 0 0 1 0 0 0 1
1 0 0 0 1 0 0 0 1
82 28 66.31110775131317 16.67 3 3 674 675
1 0 0 0 1 0 0 0 1
1 0 0 0 1 0 0 0 1
83 245 639.576244843484 16.67 3 3 676 677
1 0 0 0 1 0 0 0 1
1 0 0 0 1 0 0 0 1
83 115 393.82606143022025 16.67 3 3 678 679
1 0 0 0 1 0 0 0 1
1 0 0 0 1 0 0 0 1
221 240 202.17931620736653 16.67 3 3 680 681
1 0 0 0 1 0 0 0 1
1 0 0 0 1 0 0 0 1
221 223 78.34021269904395 16.67 3 3 682 683
1 0 0 0 1 0 0 0 1
1 0 0 0 1 0 0 0 1
221 125 94.82856950543041 16.67 3 3 684 685
1 0 0 0 1 0 0 0 1
1 0 0 0 1 0 0 0 1
84 242 135.143023485794 16.67 3 3 686 687
1 0 0 0 1 0 0 0 1
1 0 0 0 1 0 0 0 1
87 245 118.80729968903883 16.67 3 3 688 689
1 0 0 0 1 0 0 0 1
1 0 0 0 1 0 0 0 1
87 113 108.86702995964546 16.67 3 3 690 691
1 0 0 0 1 0 0 0 1
1 0 0 0 1 0 0 0 1
222 92 233.91221259884722 16.67 3 3 692 693
1 0 0 0 1 0 0 0 1
1 0 0 0 1 0 0 0 1
222 235 477.9058757673841 16.67 3 3 694 695
1 0 0 0 1 0 0 0 1
1 0 0 0 1 0 0 0 1
222 127 540.390996958256 16.67 3 3 696 697
1 0 0 0 1 0 0 0 1
1 0 0 0 1 0 0 0 1
88 8 269.41279937094106 16.67 3 3 698 699
1 0 0 0 1 0 0 0 1
1 0 0 0 1 0 0 0 1
88 237 142.9324184239698 16.67 3 3 700 701
1 0 0 0 1 0 0 0 1
1 0 0 0 1 0 0 0 1
88 106 417.02088389297455 16.67 3 3 702 703
1 0 0 0 1 0 0 0 1
1 0 0 0 1 0 0 0 1
89 120 180.7942233556905 16.67 3 3 704 705
1 0 0 0 1 0 0 0 1
1 0 0 0 1 0 0 0 1
90 98 313.31091771627763 16.67 3 3 706 707
1 0 0 0 1 0 0 0 1
1 0 0 0 1 0 0 0 1
223 105 88.61142635356923 16.67 3 3 708 709
1 0 0 0 1 0 0 0 1
1 0 0 0 1 0 0 0 1
224 239 123.86926161656284 16.67 3 3 710 711
1 0 0 0 1 0 0 0 1
1 0 0 0 1 0 0 0 1
91 15 52.861964944243084 16.67 3 3 712 713
1 0 0 0 1 0 0 0 1
1 0 0 0 1 0 0 0 1
92 104 222.2847140177356 16.67 3 3 714 715
1 0 0 0 1 0 0 0 1
1 0 0 0 1 0 0 0 1
92 238 1013.9932252159119 16.67 3 3 716 717
1 0 0 0 1 0 0 0 1
1 0 0 0 1 0 0 0 1
93 239 594.8115938247029 16.67 3 3 718 719
1 0 0 0 1 0 0 0 1
1 0 0 0 1 0 0 0 1
94 115 120.75072497185876 16.67 3 3 720 721
1 0 0 0 1 0 0 0 1
1 0 0 0 1 0 0 0 1
94 244 253.19554762081046 16.67 3 3 722 723
1 0 0 0 1 0 0 0 1
1 0 0 0 1 0 0 0 1
95 232 179.51534620316292 16.67 3 3 724 725
1 0 0 0 1 0 0 0 1
1 0 0 0 1 0 0 0 1
225 97 248.79428481041165 16.67 3 3 726 727
1 0 0 0 1 0 0 0 1
1 0 0 0 1 0 0 0 1
225 98 348.3814010380011 16.67 3 3 728 729
1 0 0 0 1 0 0 0 1
1 0 0 0 1 0 0 0 1
96 98 291.5012479308608 16.67 3 3 730 731
1 0 0 0 1 0 0 0 1
1 0 0 0 1 0 0 0 1
96 232 201.28475288216976 16.67 3 3 732 733
1 0 0 0 1 0 0 0 1
1 0 0 0 1 0 0 0 1
227 124 203.07351326675735 16.67 3 3 734 735
1 0 0 0 1 0 0 0 1
1 0 0 0 1 0 0 0 1
227 4 550.2210676921645 16.67 3 3 736 737
1 0 0 0 1 0 0 0 1
1 0 0 0 1 0 0 0 1
101 45 272.00510079400794 16.67 3 3 740 741
1 0 0 0 1 0 0 0 1
1 0 0 0 1 0 0 0 1
101 220 379.3534330889787 16.67 3 3 742 743
1 0 0 0 1 0 0 0 1
1 0 0 0 1 0 0 0 1
101 103 309.5688350128579 16.67 3 3 744 745
1 0 0 0 1 0 0 0 1
1 0 0 0 1 0 0 0 1
231 103 225.07800771344523 16.67 3 3 746 747
1 0 0 0 1 0 0 0 1
1 0 0 0 1 0 0 0 1
231 234 51.52106768636341 16.67 3 3 748 749
1 0 0 0 1 0 0 0 1
1 0 0 0 1 0 0 0 1
234 256 116.4078829145585 16.67 3 3 750 751
1 0 0 0 1 0 0 0 1
1 0 0 0 1 0 0 0 1
234 248 167.23751975662827 16.67 3 3 752 753
1 0 0 0 1 0 0 0 1
1 0 0 0 1 0 0 0 1
103 238 131.27632879160947 16.67 3 3 754 755
1 0 0 0 1 0 0 0 1
1 0 0 0 1 0 0 0 1
235 252 33.309222406109846 16.67 3 3 756 757
1 0 0 0 1 0 0 0 1
1 0 0 0 1 0 0 0 1
235 116 690.2083750072702 16.67 3 3 758 759
1 0 0 0 1 0 0 0 1
1 0 0 0 1 0 0 0 1
235 242 207.85900444265528 16.67 3 3 760 761
1 0 0 0 1 0 0 0 1
1 0 0 0 1 0 0 0 1
104 107 216.10700266194618 16.67 3 3 762 763
1 0 0 0 1 0 0 0 1
1 0 0 0 1 0 0 0 1
106 123 238.76892261037676 16.67 3 3 764 765
1 0 0 0 1 0 0 0 1
1 0 0 0 1 0 0 0 1
236 247 29.426077363145662 16.67 3 3 766 767
1 0 0 0 1 0 0 0 1
1 0 0 0 1 0 0 0 1
109 12 587.7719285592201 16.67 3 3 768 769
1 0 0 0 1 0 0 0 1
1 0 0 0 1 0 0 0 1
110 126 273.9962396063099 16.67 3 3 770 771
1 0 0 0 1 0 0 0 1
1 0 0 0 1 0 0 0 1
242 116 568.8944867993152 16.67 3 3 772 773
1 0 0 0 1 0 0 0 1
1 0 0 0 1 0 0 0 1
117 216 44.80573753692216 16.67 3 3 774 775
1 0 0 0 1 0 0 0 1
1 0 0 0 1 0 0 0 1
118 247 116.64614231415796 16.67 3 3 776 777
1 0 0 0 1 0 0 0 1
1 0 0 0 1 0 0 0 1
119 121 456.26545261495346 16.67 3 3 778 779
1 0 0 0 1 0 0 0 1
1 0 0 0 1 0 0 0 1
7 39 21.051063150208584 16.67 3 3 780 781
1 0 0 0 1 0 0 0 1
1 0 0 0 1 0 0 0 1
127 38 299.95405871367245 16.67 3 3 782 783
1 0 0 0 1 0 0 0 1
1 0 0 0 1 0 0 0 1
195
1 480 -1 478 363
2 500 -1 502 309
3 504 -1 506 508
5 562 -1 557 564
6 493 -1 475 31
7 299 67 780 -1
8 699 -1 645 579
9 411 -1 422 420
11 268 266 270 264
17 396 398 77 -1
23 -1 120 122 117
24 655 -1 658 169
25 308 312 310 -1
26 221 378 371 -1
29 168 166 164 -1
33 382 384 380 131
34 17 482 484 -1
40 458 456 403 -1
41 -1 316 314 318
47 644 -1 646 581
49 48 46 44 -1
50 421 622 501 -1
53 473 540 538 536
54 25 -1 201 195
55 542 21 544 103
56 546 548 223 163
58 566 91 -1 568
59 -1 572 505 570
61 187 -1 531 261
62 590 291 592 588
63 594 481 453 283
64 553 59 419 600
65 602 601 604 -1
67 616 537 620 618
68 443 624 626 -1
69 413 630 628 425
70 621 465 575 549
71 447 27 5 541
73 305 429 173 -1
74 89 -1 185 638
75 650 237 652 648
76 231 -1 297 167
78 437 463 660 593
79 519 503 233 313
80 668 670 666 672
81 327 217 567 -1
82 661 461 674 -1
83 676 357 678 267
84 239 686 49 -1
85 101 477 253 175
86 373 517 397 75
87 690 13 688 335
88 700 698 702 -1
89 15 -1 704 359
90 615 471 617 706
91 65 287 345 712
92 716 693 651 714
93 718 -1 543 107
94 271 720 245 722
95 724 585 341 511
96 207 730 -1 732
97 479 727 159 361
98 731 707 -1 729
99 181 509 333 -1
101 740 742 669 744
103 747 745 754 351
104 431 715 762 535
105 -1 709 321 317
106 703 583 764 97
109 768 571 183 561
110 605 -1 441 770
115 679 355 641 721
116 773 759 57 83
117 193 774 323 405
118 653 113 776 387
119 778 639 597 631
121 569 779 417 643
122 647 599 439 495
123 765 -1 497 99
124 325 735 565 29
126 123 527 771 499
127 667 782 697 -1
128 4 8 6 2
129 18 22 16 20
130 30 34 32 36
132 -1 42 40 38
133 -1 62 64 66
134 74 76 80 78
135 -1 82 86 84
136 92 -1 88 90
137 94 96 98 100
138 104 106 102 -1
139 -1 126 124 128
140 -1 116 114 118
142 134 138 136 43
143 146 140 144 142
144 158 162 160 141
145 178 -1 180 182
146 172 174 170 176
147 188 -1 192 190
148 200 202 204 198
149 218 39 93 216
150 161 222 220 157
151 171 226 224 -1
152 232 228 230 -1
153 234 -1 238 236
154 244 240 -1 242
155 248 3 250 246
156 252 254 55 227
157 263 260 262 258
158 274 243 272 -1
159 280 -1 278 23
160 288 282 284 286
161 292 145 155 290
163 322 -1 324 320
164 332 330 326 328
166 338 334 336 -1
167 342 340 289 344
169 352 350 135 -1
170 -1 358 354 356
171 362 360 147 -1
172 368 366 -1 364
173 374 376 372 370
174 386 388 -1 121
175 394 390 -1 392
176 402 191 404 406
177 414 416 412 -1
178 61 395 369 418
179 424 426 95 428
180 137 -1 430 41
181 434 115 409 432
183 438 213 257 127
186 444 -1 446 448
187 -1 450 343 63
188 285 452 143 454
189 -1 393 459 367
191 462 81 -1 460
192 466 247 468 464
193 -1 449 472 470
194 474 129 211 35
195 476 37 53 255
196 381 488 490 486
198 496 494 492 -1
200 -1 514 510 512
202 522 520 526 524
203 530 435 528 -1
204 -1 534 532 73
205 87 -1 552 550
207 574 375 576 379
208 578 580 -1 582
209 596 -1 259 598
210 608 -1 606 563
211 111 85 610 612
212 279 315 445 483
213 607 636 559 -1
214 640 642 415 241
215 656 -1 489 385
217 7 197 349 251
218 664 455 293 -1
219 659 662 -1 229
221 680 684 -1 682
222 696 694 303 692
223 627 683 -1 708
224 529 433 -1 710
225 728 619 547 726
226 577 -1 399 377
227 736 -1 609 734
229 347 633 657 383
231 748 746 353 573
232 -1 733 725 515
233 611 551 603 521
234 750 752 749 -1
235 695 756 758 760
236 -1 766 525 389
237 629 -1 701 427
238 755 673 717 139
239 -1 711 719 215
240 -1 365 681 625
241 507 -1 219 331
242 687 761 772 47
243 533 649 119 -1
246 539 249 467 -1
247 777 613 523 767
249 10 -1 14 12
250 26 28 24 -1
251 54 52 -1 50
253 56 -1 60 58
254 68 72 -1 70
255 108 -1 110 112
258 154 156 79 152
259 184 71 186 -1
260 9 194 -1 196
261 125 208 206 210
265 256 -1 105 209
266 33 -1 298 300
