251
60 62 10
4
573 505 508 181
60 62 10
5
560 571 572 746 754
60 62 10
19
652 776 613 610 603 604 441 442 626 708 317 314 445 446 5 6 349 346 657
60 62 10
6
22 278 445 446 27 24
60 62 10
10
542 718 711 529 530 187 184 89 90 566
60 62 10
3
369 364 681
60 62 10
15
96 583 580 646 599 259 260 531 435 115 116 120 388 525 522
60 62 10
18
337 334 13 14 704 329 330 219 39 40 430 715 693 303 235 238 686 47
120 122 10
3
560 571 572
120 122 10
7
744 351 135 43 38 93 88
120 122 10
4
573 505 506 331
120 122 10
16
531 435 115 116 120 388 525 520 551 552 419 395 392 459 403 191
120 122 10
16
766 523 524 389 121 117 118 533 73 70 184 89 92 218 507 504
120 122 10
3
506 219 39
120 122 10
23
458 393 394 418 553 550 521 524 389 121 117 118 533 73 70 184 89 90 566 327 328 705 15
120 122 10
4
399 77 80 460
120 122 10
20
657 385 382 347 348 251 246 464 621 616 615 545 103 104 209 210 35 36 255 252
180 182 10
20
359 354 641 415 412 628 701 702 764 497 492 31 32 298 67 62 343 289 284 454
180 182 10
8
405 406 685 682 627 443 440 770
180 182 10
18
195 9 2 246 464 621 616 615 545 542 718 711 529 530 187 184 89 90
180 182 10
2
138 673
180 182 10
7
126 213 214 711 433 409 410
180 182 10
17
506 219 93 88 185 186 531 528 710 719 543 544 614 617 620 465 468
180 182 10
18
583 580 646 439 257 105 102 544 614 617 620 465 247 250 349 346 383 380
180 182 10
11
462 437 153 156 222 548 465 247 3 8 194
180 182 10
23
672 717 651 652 776 613 610 603 604 441 442 626 708 317 314 445 446 5 6 349 346 383 380
180 182 10
14
410 420 622 469 464 621 616 615 545 103 104 256 438 647
240 242 10
26
744 754 717 651 652 776 613 610 603 604 441 442 626 708 317 318 281 23 20 544 614 617 620 575 375 376
240 242 10
16
272 554 307 304 429 424 630 639 185 71 72 532 119 116 122 771
240 242 10
19
770 123 117 118 533 73 70 184 89 90 566 327 328 705 359 356 267 268 337
240 242 10
9
195 9 2 246 464 549 223 157 154
240 242 10
16
299 33 30 493 496 765 703 700 629 413 414 640 679 676 689 13
240 242 10
18
483 17 20 542 718 711 529 530 187 184 89 90 566 327 332 181 178 560
240 242 10
12
506 219 93 88 185 71 72 532 119 116 120 388
300 302 10
23
405 402 458 393 394 418 553 550 521 524 389 121 117 118 533 73 70 184 89 92 218 507 504
300 302 10
24
322 405 402 458 393 394 418 553 550 521 524 389 121 117 118 533 73 70 184 89 90 566 327 328
300 302 10
27
166 231 232 503 500 622 469 247 3 4 447 444 315 316 709 627 443 440 605 602 611 612 777 653 650 716 673
300 302 10
10
323 324 29 24 195 196 349 346 657 385
300 302 10
14
14 704 329 330 219 39 40 430 715 693 303 235 238 686
300 302 10
13
639 185 186 531 435 409 410 422 654 658 662 401 133
300 302 10
19
720 641 642 779 639 185 71 72 532 119 116 120 388 525 520 551 552 419 369
360 362 10
28
744 754 717 651 652 776 613 610 603 604 441 442 626 708 317 314 445 446 5 2 246 468 623 501 502 233 230 167
360 362 10
21
594 587 584 724 733 207 210 474 493 496 765 703 700 629 413 414 640 679 676 689 13
360 362 10
11
186 531 435 115 116 120 388 766 613 85 82
360 362 10
8
641 642 779 597 259 260 531 528
360 362 10
6
744 747 573 570 561 179
360 362 10
9
641 642 569 566 217 39 42 138 673
360 362 10
12
393 394 369 364 625 626 708 317 314 445 446 5
360 362 10
5
771 441 442 624 681
420 422 10
12
299 33 34 129 126 213 214 711 433 115 116 122
420 422 10
14
166 231 232 503 500 622 469 247 3 4 27 28 565 557
420 422 10
15
625 626 708 317 314 445 446 5 2 246 468 623 501 502 313
420 422 10
15
574 621 616 615 545 542 718 711 529 530 187 71 72 534 715
420 422 10
6
509 506 219 39 42 138
420 422 10
10
260 531 435 409 410 422 654 658 229 230
420 422 10
19
657 385 382 347 348 251 246 464 621 616 615 545 103 104 209 210 474 493 496
420 422 10
17
580 646 439 257 105 102 21 22 280 319 316 709 627 624 365 366 459
480 482 10
16
299 33 30 493 496 765 703 700 629 413 416 569 566 327 332 181
480 482 10
26
14 704 329 326 567 91 88 185 71 72 532 119 116 120 388 525 520 551 552 419 395 392 459 403 191 192
480 482 10
19
512 451 63 66 299 33 30 493 496 765 703 700 629 413 414 640 355 358 704
480 482 10
2
746 745
480 482 10
12
705 359 354 641 642 569 566 217 39 42 138 673
540 542 10
3
350 745 669
540 542 10
8
655 423 411 408 434 530 187 184
540 542 10
28
717 651 652 776 613 610 603 604 441 442 626 708 317 318 281 23 20 544 614 706 729 547 223 157 152 436 660 461
540 542 10
7
416 779 597 259 260 531 528
540 542 10
13
172 429 424 413 416 569 566 217 39 42 134 350 747
540 542 10
10
14 704 329 330 219 39 42 134 350 747
540 542 10
13
298 67 62 450 513 514 733 207 125 126 213 214 711
540 542 10
22
272 554 307 304 429 424 630 639 185 71 72 532 119 116 120 388 525 520 551 552 419 395
600 602 10
12
533 73 70 186 261 258 598 495 492 31 32 298
600 602 10
9
700 629 413 414 640 679 676 689 13
600 602 10
11
592 437 153 156 222 548 465 247 3 8 194
660 662 10
11
129 126 213 214 711 433 115 116 120 386 653
660 662 10
18
744 754 717 651 652 776 613 610 603 604 441 442 626 708 321 324 565 562
660 662 10
11
573 505 506 219 216 567 568 643 241 244 720
660 662 10
11
573 505 506 331 328 705 359 356 267 268 337
720 722 10
17
251 3 4 447 444 315 316 709 627 443 440 605 602 611 612 777 113
720 722 10
9
573 505 506 331 328 705 359 354 679
720 722 10
10
655 423 411 408 434 530 187 184 89 90
720 722 10
3
747 573 570
720 722 10
15
442 626 708 317 318 281 23 20 544 614 706 729 547 223 157
720 722 10
19
426 701 698 645 646 439 257 105 102 544 614 617 620 465 247 250 349 346 657
720 722 10
11
424 413 416 569 566 217 39 42 138 673 668
720 722 10
15
225 171 172 429 424 413 416 569 566 217 39 42 138 673 668
780 782 10
26
744 754 717 651 652 776 613 610 603 604 441 442 626 708 317 314 445 446 5 2 246 468 623 501 502 233
780 782 10
23
266 357 358 704 329 326 567 91 88 185 71 72 532 119 116 120 388 525 520 551 552 59 60
780 782 10
13
272 554 307 304 429 426 701 698 645 646 599 259 260
780 782 10
20
337 334 13 14 704 329 326 567 91 88 185 71 72 532 119 116 120 388 525 522
780 782 10
14
689 13 14 704 329 326 567 91 88 185 186 531 528 710
780 782 10
19
345 340 724 733 730 707 615 545 21 22 280 319 316 709 627 624 365 366 393
780 782 10
16
577 574 621 616 615 545 542 718 711 529 530 187 184 89 90 566
780 782 10
8
184 89 90 566 327 328 705 15
840 842 10
16
272 554 307 304 429 424 413 416 569 566 217 39 42 134 350 747
840 842 10
24
455 285 288 342 63 66 299 33 30 493 496 765 703 700 629 413 416 569 566 217 39 42 138 755
840 842 10
20
678 641 415 412 628 701 698 645 646 439 257 105 102 21 22 278 445 446 27 24
840 842 10
8
195 9 2 246 464 575 375 370
840 842 10
19
128 474 493 496 765 703 700 629 413 416 569 566 217 39 42 134 350 745 669
840 842 10
23
195 9 2 246 464 621 616 615 545 103 104 256 438 647 644 699 700 629 413 414 640 679 676
900 902 10
10
12 688 677 678 641 415 412 628 701 698
900 902 10
4
642 779 597 259
900 902 10
4
755 747 573 570
900 902 10
8
70 186 531 528 710 719 543 21
900 902 10
12
705 359 354 641 642 569 566 217 39 42 138 755
900 902 10
13
659 655 423 411 408 434 530 187 184 89 92 39 42
960 962 10
5
771 441 442 624 681
960 962 10
26
577 574 621 616 615 545 21 22 280 319 316 709 627 443 440 605 602 611 111 108 45 48 239 234 302 696
960 962 10
12
689 13 14 704 329 330 219 39 42 138 673 668
960 962 10
16
533 73 70 186 531 528 710 719 543 544 614 617 620 575 375 376
960 962 10
9
324 29 26 541 536 618 726 479 363
960 962 10
10
656 347 348 197 194 25 28 325 322 193
960 962 10
6
744 747 573 570 561 179
1020 1022 10
15
325 320 317 318 281 23 20 103 104 209 210 35 36 476 175
1020 1022 10
8
570 183 180 333 326 567 91 88
1020 1022 10
11
455 143 146 360 727 619 537 540 27 28 735
1020 1022 10
21
272 554 307 304 429 426 701 698 645 646 439 257 105 102 21 22 278 445 446 27 24
1020 1022 10
18
482 279 23 20 103 104 256 438 647 644 699 700 629 413 414 640 355 358
1020 1022 10
10
14 704 329 330 219 39 42 134 350 747
1020 1022 10
10
493 496 765 703 700 629 413 416 569 566
1020 1022 10
11
573 505 506 331 328 705 359 356 267 268 337
1080 1082 10
22
697 303 235 238 49 44 109 112 387 121 117 114 432 710 215 212 127 128 35 32 298 67
1080 1082 10
17
535 73 70 186 261 258 598 495 492 31 32 298 67 62 343 289 284
1140 1142 10
25
455 285 288 342 63 66 299 33 30 493 496 765 703 700 629 413 416 569 566 217 39 42 138 673 668
1140 1142 10
9
655 423 411 408 434 530 187 184 89
1140 1142 10
8
661 437 153 156 222 548 465 468
1140 1142 10
9
482 279 23 20 544 614 706 731 732
1140 1142 10
16
527 524 389 121 117 118 533 73 70 184 638 631 425 428 305 306
1200 1202 10
24
410 420 622 469 464 621 616 615 545 103 104 256 438 647 644 699 700 629 413 414 640 679 267 268
1200 1202 10
9
573 505 506 331 328 705 15 12 688
1200 1202 10
16
577 574 621 616 615 545 21 22 280 319 316 709 627 443 440 770
1200 1202 10
16
493 496 765 703 700 629 413 416 569 566 217 39 42 138 673 668
1200 1202 10
17
744 754 717 651 652 776 613 610 603 604 441 442 626 708 321 324 735
1200 1202 10
16
527 524 389 121 117 118 533 73 70 184 89 90 566 327 332 181
1200 1202 10
20
657 385 382 347 348 7 4 447 444 315 316 709 627 443 440 605 602 611 111 108
1200 1202 10
11
195 9 2 246 464 621 616 615 545 103 104
3660 3662 10
9
608 734 29 24 195 196 349 346 657
3660 3662 10
10
482 279 23 20 103 104 209 210 474 493
3660 3662 10
10
261 258 596 778 643 640 679 676 689 13
3660 3662 10
12
406 685 682 708 317 318 281 23 20 544 614 617
3720 3722 10
14
654 658 229 232 503 500 622 469 247 3 4 27 28 325
3720 3722 10
6
488 656 347 348 197 194
3720 3722 10
12
607 563 564 29 26 5 2 246 464 575 375 376
3720 3722 10
11
573 505 506 331 328 705 359 356 267 268 337
3720 3722 10
9
216 567 91 92 39 42 138 673 668
3780 3782 10
16
527 524 389 121 117 118 533 73 70 184 89 90 566 327 328 705
3780 3782 10
12
524 389 121 117 118 533 73 70 184 89 92 218
3780 3782 10
11
260 187 184 89 90 566 327 332 181 178 560
3780 3782 10
12
272 554 307 304 429 426 701 698 645 646 599 259
3780 3782 10
8
642 779 597 259 260 531 435 409
3780 3782 10
15
208 256 213 214 711 433 115 116 120 386 113 108 45 46 687
3780 3782 10
6
429 424 413 416 569 566
3780 3782 10
24
14 704 329 326 567 91 88 185 71 72 532 119 116 120 388 525 520 551 552 419 395 392 459 403
3780 3782 10
4
331 328 705 15
3780 3782 10
16
262 258 598 495 492 31 32 298 67 62 343 289 284 143 144 290
3840 3842 10
5
644 699 700 427 428
3840 3842 10
26
746 754 717 651 652 776 613 610 603 604 441 442 626 708 317 314 445 446 5 2 246 468 623 501 502 313
3840 3842 10
8
704 329 326 567 91 88 185 71
3840 3842 10
18
405 402 458 393 394 418 553 550 521 524 389 121 117 114 434 530 261 258
3840 3842 10
25
190 402 458 393 394 418 553 550 521 524 389 121 117 118 533 73 70 184 89 90 566 327 332 181 178
3840 3842 10
13
686 772 57 60 395 392 459 403 404 323 324 29 24
3840 3842 10
24
40 430 715 651 652 776 613 610 603 604 441 442 626 708 317 314 445 446 5 6 349 346 383 380
3900 3902 10
18
625 443 440 770 123 117 118 533 73 70 184 89 90 566 327 328 705 15
3900 3902 10
7
573 505 506 331 328 705 359
3900 3902 10
18
464 621 616 615 545 542 718 711 529 530 187 184 89 90 566 327 332 181
3960 3962 10
21
272 554 307 304 429 426 701 698 645 646 439 257 105 102 544 614 617 620 575 375 376
3960 3962 10
18
527 524 389 121 117 118 533 73 70 184 638 631 425 428 305 306 555 273
3960 3962 10
3
573 505 506
3960 3962 10
21
14 704 329 326 567 91 88 185 71 72 532 119 116 120 388 525 520 551 552 419 395
3960 3962 10
13
254 37 34 211 208 105 102 544 614 617 620 465 468
3960 3962 10
21
771 441 442 626 708 317 318 281 23 20 544 614 706 729 547 223 157 152 436 660 461
3960 3962 10
3
573 570 561
3960 3962 10
11
718 711 529 530 187 184 89 92 218 507 508
3960 3962 10
19
392 367 364 625 626 708 317 318 281 23 20 103 104 209 210 35 36 255 252
4020 4022 10
13
331 326 567 91 88 185 186 531 435 409 410 420 501
4020 4022 10
12
195 9 2 246 464 549 163 141 142 285 288 344
4020 4022 10
19
561 179 180 333 326 567 91 88 185 186 531 435 409 410 422 654 658 229 230
4020 4022 10
20
724 733 730 707 615 545 21 22 280 319 316 709 627 443 440 605 602 611 85 86
4020 4022 10
5
744 747 573 570 561
4080 4082 10
7
195 9 4 27 28 565 557
4080 4082 10
4
20 103 104 209
4080 4082 10
15
410 420 622 469 464 621 616 615 545 103 104 256 438 647 581
4080 4082 10
14
577 574 621 616 615 545 21 22 280 319 316 709 627 443
4080 4082 10
23
654 658 229 232 519 516 373 374 574 621 616 615 545 103 104 256 438 647 644 699 700 427 95
4080 4082 10
14
539 536 616 615 545 542 718 711 529 530 187 184 89 90
4080 4082 10
6
573 505 506 331 328 705
4140 4142 10
10
642 779 639 185 71 72 534 715 693 696
4140 4142 10
18
705 359 354 641 415 412 628 701 698 645 646 439 257 105 102 21 22 280
4140 4142 10
10
528 433 115 116 120 388 766 613 85 82
4200 4202 10
10
231 232 503 500 622 469 247 3 8 194
4260 4262 10
2
352 573
4260 4262 10
21
374 574 621 616 615 545 21 22 280 319 316 709 627 443 440 605 602 611 612 777 113
4260 4262 10
4
571 572 746 754
4260 4262 10
10
195 9 2 246 464 549 223 157 152 436
4260 4262 10
15
708 317 318 281 23 20 544 614 706 729 547 223 157 152 436
4260 4262 10
7
416 779 597 259 260 531 528
4260 4262 10
7
656 347 348 251 246 464 575
4320 4322 10
17
546 728 707 615 545 542 718 711 529 530 187 184 89 92 218 507 504
4320 4322 10
15
299 33 30 493 496 765 703 700 629 413 414 640 679 267 268
4320 4322 10
16
103 104 256 438 647 644 699 700 629 413 414 640 679 676 689 13
4320 4322 10
9
358 704 329 330 219 39 42 138 673
4320 4322 10
18
462 593 291 145 142 285 288 342 63 66 299 33 30 493 496 765 583 580
4320 4322 10
6
727 728 707 471 449 446
4320 4322 10
18
48 686 47 44 109 110 610 603 604 441 442 626 708 317 318 281 23 20
4380 4382 10
10
410 420 622 469 247 3 4 27 28 325
4380 4382 10
22
744 754 717 651 652 776 613 610 603 604 441 442 626 708 317 318 281 23 20 544 614 706
4380 4382 10
13
644 699 700 629 413 416 569 566 217 39 42 138 755
4380 4382 10
2
399 77
4380 4382 10
10
429 424 630 639 185 71 72 532 119 116
4380 4382 10
14
195 9 4 447 444 315 316 709 627 443 440 605 602 521
4380 4382 10
6
639 185 186 531 528 433
4440 4442 10
24
560 183 180 333 326 567 91 88 185 186 531 528 710 719 543 544 614 617 620 465 247 250 349 346
4440 4442 10
20
266 357 358 704 329 326 567 91 88 185 71 72 532 119 116 120 388 766 613 610
4440 4442 10
17
488 656 347 348 7 4 447 444 315 316 709 627 443 440 605 602 521
4440 4442 10
18
641 642 779 639 185 71 72 532 119 116 120 388 525 520 551 552 419 395
4440 4442 10
28
663 229 232 519 516 373 374 574 621 616 615 545 103 104 256 438 647 644 699 700 629 413 414 640 679 676 689 13
4500 4502 10
15
299 33 34 129 126 213 214 711 433 115 116 120 388 766 523
4500 4502 10
13
744 754 717 651 652 776 613 610 603 604 441 442 626
4500 4502 10
16
324 29 26 447 444 279 23 20 103 104 209 210 35 36 53 50
4500 4502 10
16
272 554 307 304 429 424 413 416 569 566 217 39 42 138 673 666
4500 4502 10
11
500 421 411 408 434 530 187 184 89 90 566
4560 4562 10
21
744 754 717 651 652 776 613 610 603 604 441 442 626 708 317 314 445 448 472 538 467
4560 4562 10
2
573 505
4560 4562 10
11
383 131 132 400 663 229 232 519 516 373 376
4560 4562 10
9
573 505 506 331 328 705 15 12 688
4560 4562 10
10
744 351 135 43 38 218 331 328 705 15
4620 4622 10
2
681 684
4620 4622 10
18
654 658 229 232 503 500 421 411 408 434 530 187 184 89 92 218 507 508
4620 4622 10
20
382 347 348 251 246 464 621 616 615 545 542 718 711 529 530 187 184 89 90 566
4620 4622 10
17
272 554 307 304 429 426 701 698 645 646 599 259 260 531 435 409 410
4620 4622 10
18
506 219 93 88 185 186 531 528 710 719 543 21 22 278 445 446 27 24
4620 4622 10
13
336 269 266 678 641 415 412 628 701 698 645 646 599
4620 4622 10
11
771 441 442 626 708 317 318 281 23 20 544
4620 4622 10
6
672 717 651 652 113 108
4620 4622 10
21
345 342 63 66 299 33 30 493 496 765 703 700 629 413 416 569 566 327 332 181 178
4680 4682 10
17
546 728 707 615 545 542 718 711 529 530 187 184 89 92 218 507 504
4680 4682 10
8
535 73 70 186 261 258 598 495
4680 4682 10
3
182 571 572
4680 4682 10
26
302 694 758 83 86 550 603 604 441 442 626 708 317 314 445 446 5 2 246 468 623 501 502 233 230 167
4680 4682 10
14
14 704 329 326 567 91 88 185 71 72 532 119 116 122
4680 4682 10
16
168 655 423 411 408 434 530 187 71 72 534 431 137 134 350 754
4680 4682 10
15
577 574 621 616 615 545 21 22 280 319 316 709 627 624 365
4680 4682 10
9
652 387 121 117 114 432 710 215 212
4740 4742 10
8
630 639 89 92 39 42 138 673
4740 4742 10
11
429 424 413 416 569 566 217 39 42 138 673
4740 4742 10
9
719 543 21 22 278 445 446 27 24
4800 4802 10
6
195 9 2 248 539 473
4800 4802 10
18
299 33 34 211 208 105 102 21 22 280 319 316 709 627 624 365 366 393
4800 4802 10
6
195 9 4 447 444 483
4800 4802 10
7
771 441 442 626 708 321 324
4800 4802 10
13
655 423 411 408 434 530 187 184 89 90 566 327 328
4800 4802 10
15
645 646 599 259 260 531 435 115 116 120 388 525 520 551 87
