1254
2 4 10
14
36 205 5 2 4 204 37 34 182 121 122 131 126 214
3 5 10
15
24 101 102 117 114 227 224 159 160 185 19 20 215 212 217
4 6 10
11
189 186 209 49 44 216 213 214 21 18 184
6 8 10
7
192 95 90 139 142 79 80
25 27 10
15
131 126 214 21 18 184 161 158 225 226 115 116 103 100 75
27 29 10
14
174 231 135 113 110 271 13 10 182 121 122 131 132 189
28 30 10
14
36 205 5 2 4 204 37 34 182 121 122 131 126 214
29 31 10
7
192 95 90 139 142 79 80
30 32 10
7
192 95 90 139 142 79 80
33 35 10
8
230 175 23 24 101 102 146 289
44 46 10
13
20 191 192 252 225 226 115 116 103 87 84 33 30
46 48 10
8
227 61 62 120 183 35 36 205
54 56 10
10
271 13 10 182 121 122 131 126 212 217
67 69 10
12
145 31 32 85 86 102 117 118 240 125 120 183
74 76 10
13
20 191 192 252 225 226 115 116 103 87 84 33 30
79 81 10
8
230 175 23 24 101 102 146 289
80 82 10
12
204 37 34 11 12 270 111 112 134 230 175 23
92 94 10
10
271 13 10 182 121 122 131 126 212 217
93 95 10
15
131 126 214 21 18 184 161 158 225 226 115 116 103 100 75
118 120 10
14
174 231 135 113 110 271 13 10 182 121 122 131 132 189
125 127 10
8
227 61 62 120 183 35 36 205
125 127 10
12
204 37 34 11 12 270 111 112 134 230 175 23
127 129 10
14
36 205 5 2 4 204 37 34 182 121 122 131 126 214
127 129 10
18
134 230 175 23 24 101 87 84 33 30 144 81 78 143 140 163 164 234
141 143 10
8
230 175 23 24 101 102 146 289
143 145 10
11
46 129 130 123 124 241 119 116 103 77 27
147 149 10
11
46 129 130 123 124 241 119 116 103 77 27
151 153 10
10
271 13 10 182 121 122 131 126 212 217
161 163 10
15
131 126 214 21 18 184 161 158 225 226 115 116 103 100 75
164 166 10
12
145 31 32 85 86 100 25 22 174 231 135 113
164 166 10
8
230 175 23 24 101 102 146 289
165 167 10
15
24 101 102 117 114 227 224 159 160 185 19 20 215 212 217
168 170 10
8
230 175 23 24 101 102 146 289
170 172 10
7
192 95 90 139 142 79 80
183 185 10
8
230 175 23 24 101 102 146 289
186 188 10
12
145 31 32 85 86 100 25 22 174 231 135 113
187 189 10
12
145 31 32 85 86 102 117 118 240 125 120 183
187 189 10
13
20 191 192 252 225 226 115 116 103 87 84 33 30
191 193 10
14
36 205 5 2 4 204 37 34 182 121 122 131 126 214
200 202 10
11
189 186 209 49 44 216 213 214 21 18 184
206 208 10
18
134 230 175 23 24 101 87 84 33 30 144 81 78 143 140 163 164 234
206 208 10
21
4 204 37 34 11 12 270 111 112 134 230 175 23 24 101 87 84 33 30 144 81
207 209 10
11
46 129 130 123 124 241 119 116 103 77 27
223 225 10
12
145 31 32 85 86 100 25 22 174 231 135 113
236 238 10
8
230 175 23 24 101 102 146 289
237 239 10
13
20 191 192 252 225 226 115 116 103 87 84 33 30
239 241 10
19
31 32 85 86 100 25 22 174 231 135 113 110 271 13 10 35 36 205 5
240 242 10
14
174 231 135 113 110 271 13 10 182 121 122 131 132 189
243 245 10
11
189 186 209 49 44 216 213 214 21 18 184
245 247 10
13
20 191 192 252 225 226 115 116 103 87 84 33 30
253 255 10
8
227 61 62 120 183 35 36 205
254 256 10
13
20 191 192 252 225 226 115 116 103 87 84 33 30
255 257 10
14
94 252 225 226 115 116 103 100 25 22 174 231 135 113
266 268 10
8
230 175 23 24 101 102 146 289
267 269 10
7
192 95 90 139 142 79 80
271 273 10
15
24 101 102 117 114 227 224 159 160 185 19 20 215 212 217
276 278 10
15
131 126 214 21 18 184 161 158 225 226 115 116 103 100 75
299 301 10
14
145 31 32 85 86 102 117 114 227 224 253 95 90 139
306 308 10
8
230 175 23 24 101 102 146 289
314 316 10
15
131 126 214 21 18 184 161 158 225 226 115 116 103 100 75
324 326 10
14
174 231 135 113 110 271 13 10 182 121 122 131 132 189
327 329 10
15
24 101 102 117 114 227 224 159 160 185 19 20 215 212 217
331 333 10
14
174 231 135 113 110 271 13 10 182 121 122 131 132 189
349 351 10
13
174 231 135 113 110 271 13 10 182 121 122 131 132
358 360 10
14
174 231 135 113 110 271 13 10 182 121 122 131 132 189
369 371 10
19
104 172 190 21 18 184 161 158 225 226 115 116 103 100 25 22 174 231 135
376 378 10
12
145 31 32 85 86 102 117 118 240 125 120 183
378 380 10
8
227 61 62 120 183 35 36 205
382 384 10
12
145 31 32 85 86 102 117 118 240 125 120 183
385 387 10
7
192 95 90 139 142 79 80
386 388 10
13
20 191 192 252 225 226 115 116 103 87 84 33 30
387 389 10
12
145 31 32 85 86 102 117 118 240 125 120 183
389 391 10
8
230 175 23 24 101 102 146 289
390 392 10
11
189 186 209 49 44 216 213 214 21 18 184
393 395 10
15
24 101 102 117 114 227 224 159 160 185 19 20 215 212 217
398 400 10
13
20 191 192 252 225 226 115 116 103 87 84 33 30
406 408 10
11
189 186 209 49 44 216 213 214 21 18 184
408 410 10
21
4 204 37 34 11 12 270 111 112 134 230 175 23 24 101 87 84 33 30 144 81
416 418 10
14
94 252 225 226 115 116 103 100 25 22 174 231 135 113
431 433 10
8
227 61 62 120 183 35 36 205
437 439 10
7
192 95 90 139 142 79 80
440 442 10
8
230 175 23 24 101 102 146 289
448 450 10
10
271 13 10 182 121 122 131 126 212 217
451 453 10
13
174 231 135 113 110 271 13 10 182 121 122 131 132
452 454 10
11
46 129 130 123 124 241 119 116 103 77 27
456 458 10
11
145 31 32 85 86 102 117 114 227 224 159
482 484 10
8
230 175 23 24 101 102 146 289
490 492 10
15
24 101 102 117 114 227 224 159 160 185 19 20 215 212 217
491 493 10
15
131 126 214 21 18 184 161 158 225 226 115 116 103 100 75
495 497 10
12
145 31 32 85 86 102 117 118 240 125 120 183
497 499 10
8
230 175 23 24 101 102 146 289
499 501 10
19
204 37 34 11 12 270 111 112 134 230 175 23 24 101 87 84 33 30 144
513 515 10
14
174 231 135 113 110 271 13 10 182 121 122 131 132 189
513 515 10
15
131 126 214 21 18 184 161 158 225 226 115 116 103 100 75
532 534 10
11
46 129 130 123 124 241 119 116 103 77 27
533 535 10
14
36 205 5 2 4 204 37 34 182 121 122 131 126 214
555 557 10
8
230 175 23 24 101 102 146 289
563 565 10
8
230 175 23 24 101 102 146 289
564 566 10
8
230 175 23 24 101 102 146 289
575 577 10
15
131 126 214 21 18 184 161 158 225 226 115 116 103 100 75
589 591 10
14
94 252 225 226 115 116 103 100 25 22 174 231 135 113
589 591 10
15
131 126 214 21 18 184 161 158 225 226 115 116 103 100 75
594 596 10
12
145 31 32 85 86 102 117 118 240 125 120 183
596 598 10
12
145 31 32 85 86 100 25 22 174 231 135 113
616 618 10
11
46 129 130 123 124 241 119 116 103 77 27
617 619 10
12
145 31 32 85 86 100 25 22 174 231 135 113
635 637 10
15
24 101 102 117 114 227 224 159 160 185 19 20 215 212 217
637 639 10
15
131 126 214 21 18 184 161 158 225 226 115 116 103 100 75
647 649 10
7
192 95 90 139 142 79 80
649 651 10
12
145 31 32 85 86 102 117 118 240 125 120 183
655 657 10
12
145 31 32 85 86 100 25 22 174 231 135 113
664 666 10
8
230 175 23 24 101 102 146 289
666 668 10
19
204 37 34 11 12 270 111 112 134 230 175 23 24 101 87 84 33 30 144
681 683 10
14
94 252 225 226 115 116 103 100 25 22 174 231 135 113
681 683 10
13
174 231 135 113 110 271 13 10 182 121 122 131 132
682 684 10
14
36 205 5 2 4 204 37 34 182 121 122 131 126 214
684 686 10
15
24 101 102 117 114 227 224 159 160 185 19 20 215 212 217
686 688 10
8
230 175 23 24 101 102 146 289
687 689 10
15
131 126 214 21 18 184 161 158 225 226 115 116 103 100 75
701 703 10
14
174 231 135 113 110 271 13 10 182 121 122 131 132 189
717 719 10
11
46 129 130 123 124 241 119 116 103 77 27
721 723 10
15
131 126 214 21 18 184 161 158 225 226 115 116 103 100 75
731 733 10
8
230 175 23 24 101 102 146 289
731 733 10
15
131 126 214 21 18 184 161 158 225 226 115 116 103 100 75
735 737 10
15
131 126 214 21 18 184 161 158 225 226 115 116 103 100 75
758 760 10
13
20 191 192 252 225 226 115 116 103 87 84 33 30
761 763 10
13
174 231 135 113 110 271 13 10 182 121 122 131 132
775 777 10
11
145 31 32 85 86 102 117 114 227 224 159
788 790 10
12
145 31 32 85 86 102 117 118 240 125 120 183
794 796 10
15
24 101 102 117 114 227 224 159 160 185 19 20 215 212 217
795 797 10
15
131 126 214 21 18 184 161 158 225 226 115 116 103 100 75
801 803 10
8
230 175 23 24 101 102 146 289
801 803 10
13
20 191 192 252 225 226 115 116 103 87 84 33 30
801 803 10
21
4 204 37 34 11 12 270 111 112 134 230 175 23 24 101 87 84 33 30 144 81
816 818 10
14
36 205 5 2 4 204 37 34 182 121 122 131 126 214
822 824 10
7
192 95 90 139 142 79 80
839 841 10
15
131 126 214 21 18 184 161 158 225 226 115 116 103 100 75
848 850 10
15
24 101 102 117 114 227 224 159 160 185 19 20 215 212 217
848 850 10
11
145 31 32 85 86 102 117 114 227 224 159
855 857 10
7
192 95 90 139 142 79 80
858 860 10
8
230 175 23 24 101 102 146 289
871 873 10
11
46 129 130 123 124 241 119 116 103 77 27
872 874 10
18
134 230 175 23 24 101 87 84 33 30 144 81 78 143 140 163 164 234
893 895 10
19
104 172 190 21 18 184 161 158 225 226 115 116 103 100 25 22 174 231 135
905 907 10
14
174 231 135 113 110 271 13 10 182 121 122 131 132 189
906 908 10
14
36 205 5 2 4 204 37 34 182 121 122 131 126 214
911 913 10
12
145 31 32 85 86 102 117 118 240 125 120 183
917 919 10
12
145 31 32 85 86 100 25 22 174 231 135 113
917 919 10
11
145 31 32 85 86 102 117 114 227 224 159
922 924 10
8
230 175 23 24 101 102 146 289
937 939 10
15
131 126 214 21 18 184 161 158 225 226 115 116 103 100 75
956 958 10
12
204 37 34 11 12 270 111 112 134 230 175 23
965 967 10
15
131 126 214 21 18 184 161 158 225 226 115 116 103 100 75
981 983 10
8
227 61 62 120 183 35 36 205
986 988 10
15
131 126 214 21 18 184 161 158 225 226 115 116 103 100 75
996 998 10
8
230 175 23 24 101 102 146 289
1002 1004 10
12
145 31 32 85 86 100 25 22 174 231 135 113
1008 1010 10
8
230 175 23 24 101 102 146 289
1010 1012 10
14
36 205 5 2 4 204 37 34 182 121 122 131 126 214
1031 1033 10
12
204 37 34 11 12 270 111 112 134 230 175 23
1040 1042 10
12
145 31 32 85 86 100 25 22 174 231 135 113
1041 1043 10
15
131 126 214 21 18 184 161 158 225 226 115 116 103 100 75
1067 1069 10
14
36 205 5 2 4 204 37 34 182 121 122 131 126 214
1068 1070 10
8
230 175 23 24 101 102 146 289
1074 1076 10
8
230 175 23 24 101 102 146 289
1082 1084 10
11
189 186 209 49 44 216 213 214 21 18 184
1084 1086 10
14
174 231 135 113 110 271 13 10 182 121 122 131 132 189
1094 1096 10
10
271 13 10 182 121 122 131 126 212 217
1106 1108 10
14
94 252 225 226 115 116 103 100 25 22 174 231 135 113
1107 1109 10
8
230 175 23 24 101 102 146 289
1112 1114 10
12
145 31 32 85 86 100 25 22 174 231 135 113
1114 1116 10
11
46 129 130 123 124 241 119 116 103 77 27
1114 1116 10
15
131 126 214 21 18 184 161 158 225 226 115 116 103 100 75
1120 1122 10
14
94 252 225 226 115 116 103 100 25 22 174 231 135 113
1121 1123 10
14
94 252 225 226 115 116 103 100 25 22 174 231 135 113
1123 1125 10
14
36 205 5 2 4 204 37 34 182 121 122 131 126 214
1123 1125 10
7
192 95 90 139 142 79 80
1128 1130 10
12
145 31 32 85 86 100 25 22 174 231 135 113
1148 1150 10
15
131 126 214 21 18 184 161 158 225 226 115 116 103 100 75
1163 1165 10
11
145 31 32 85 86 102 117 114 227 224 159
1165 1167 10
15
131 126 214 21 18 184 161 158 225 226 115 116 103 100 75
1175 1177 10
10
271 13 10 182 121 122 131 126 212 217
1178 1180 10
12
145 31 32 85 86 102 117 118 240 125 120 183
1179 1181 10
13
20 191 192 252 225 226 115 116 103 87 84 33 30
1187 1189 10
8
230 175 23 24 101 102 146 289
1200 1202 10
15
271 13 10 182 121 63 60 224 253 95 90 139 142 79 80
1216 1218 10
8
207 210 129 130 123 120 183 35
1218 1220 10
12
145 31 32 85 86 102 117 118 240 125 120 183
1219 1221 10
9
171 172 192 95 90 139 142 79 80
1231 1233 10
17
270 111 112 134 230 175 23 24 101 102 117 118 240 125 122 131 128
1241 1243 10
15
271 13 10 182 121 63 60 224 253 95 90 139 142 79 80
1256 1258 10
11
98 93 90 139 142 79 80 145 31 32 85
1272 1274 10
9
171 172 192 95 90 139 142 79 80
1272 1274 10
7
145 31 32 85 86 100 75
1273 1275 10
10
146 291 115 116 103 87 84 33 30 144
1273 1275 10
7
145 31 32 85 86 100 75
1277 1279 10
7
101 102 117 114 227 224 159
1278 1280 10
8
189 186 209 206 167 53 50 243
1280 1282 10
19
205 5 2 4 204 37 34 11 12 270 111 112 134 230 175 23 24 101 87
1283 1285 10
17
270 111 112 134 230 175 23 24 101 102 117 118 240 125 122 131 128
1284 1286 10
10
146 291 115 116 103 87 84 33 30 144
1286 1288 10
17
205 5 2 4 204 37 34 182 121 63 60 224 253 95 92 99 96
1286 1288 10
7
124 241 119 116 103 77 27
1298 1300 10
7
101 102 117 114 227 224 159
1313 1315 10
7
145 31 32 85 86 100 75
1323 1325 10
19
174 231 135 113 110 271 13 10 182 121 124 241 119 116 103 87 84 33 30
1325 1327 10
7
31 32 85 86 100 25 22
1327 1329 10
7
145 31 32 85 86 100 75
1330 1332 10
11
98 93 90 139 142 79 80 145 31 32 85
1334 1336 10
7
31 32 85 86 100 25 22
1334 1336 10
7
145 31 32 85 86 100 75
1335 1337 10
19
205 5 2 4 204 37 34 11 12 270 111 112 134 230 175 23 24 101 87
1335 1337 10
19
205 5 2 4 204 37 34 11 12 270 111 112 134 230 175 23 24 101 87
1345 1347 10
7
101 102 117 114 227 224 159
1367 1369 10
7
145 31 32 85 86 100 75
1371 1373 10
12
110 271 13 10 182 121 122 131 126 171 172 190
1373 1375 10
7
31 32 85 86 100 25 22
1373 1375 10
19
205 5 2 4 204 37 34 11 12 270 111 112 134 230 175 23 24 101 87
1378 1380 10
7
31 32 85 86 100 25 22
1391 1393 10
10
146 291 115 116 103 87 84 33 30 144
1391 1393 10
4
122 131 132 189
1400 1402 10
8
207 210 129 130 123 120 183 35
1403 1405 10
7
101 102 117 114 227 224 159
1414 1416 10
7
124 241 119 116 103 77 27
1414 1416 10
15
32 85 86 102 117 114 227 224 253 95 90 139 140 163 164
1422 1424 10
7
101 102 117 114 227 224 159
1432 1434 10
4
122 131 132 189
1435 1437 10
12
240 125 63 60 224 253 95 90 139 142 79 80
1435 1437 10
11
98 93 90 139 142 79 80 145 31 32 85
1437 1439 10
7
101 102 117 114 227 224 159
1443 1445 10
11
98 93 90 139 142 79 80 145 31 32 85
1448 1450 10
8
189 186 209 206 167 53 50 243
1454 1456 10
7
101 102 117 114 227 224 159
1454 1456 10
8
189 186 209 206 167 53 50 243
1460 1462 10
7
145 31 32 85 86 100 75
1460 1462 10
8
189 186 209 206 167 53 50 243
1465 1467 10
10
207 210 129 130 123 120 183 35 36 205
1467 1469 10
17
270 111 112 134 230 175 23 24 101 102 117 118 240 125 122 131 128
1483 1485 10
12
145 31 32 85 86 102 117 118 240 125 120 183
1488 1490 10
7
145 31 32 85 86 100 75
1498 1500 10
4
122 131 132 189
1499 1501 10
7
124 241 119 116 103 77 27
1503 1505 10
15
32 85 86 102 117 114 227 224 253 95 90 139 140 163 164
1503 1505 10
19
205 5 2 4 204 37 34 11 12 270 111 112 134 230 175 23 24 101 87
1504 1506 10
12
188 292 189 186 209 49 44 216 213 214 21 18
1506 1508 10
10
146 291 115 116 103 87 84 33 30 144
1509 1511 10
12
145 31 32 85 86 102 117 118 240 125 120 183
1509 1511 10
15
32 85 86 102 117 114 227 224 253 95 90 139 140 163 164
1510 1512 10
7
145 31 32 85 86 100 75
1518 1520 10
11
4 204 37 34 182 121 63 60 224 159 160
1519 1521 10
19
205 5 2 4 204 37 34 11 12 270 111 112 134 230 175 23 24 101 87
1529 1531 10
12
188 292 189 186 209 49 44 216 213 214 21 18
1535 1537 10
10
146 291 115 116 103 87 84 33 30 144
1535 1537 10
7
145 31 32 85 86 100 75
1541 1543 10
7
31 32 85 86 100 25 22
1541 1543 10
17
31 32 85 86 102 117 114 227 224 159 160 185 19 20 215 212 217
1565 1567 10
17
205 5 2 4 204 37 34 182 121 63 60 224 253 95 92 99 96
1567 1569 10
7
101 102 117 114 227 224 159
1572 1574 10
7
145 31 32 85 86 100 75
1587 1589 10
8
189 186 209 206 167 53 50 243
1590 1592 10
8
189 186 209 206 167 53 50 243
1593 1595 10
11
98 93 90 139 142 79 80 145 31 32 85
1605 1607 10
7
31 32 85 86 100 25 22
1605 1607 10
7
124 241 119 116 103 77 27
1613 1615 10
11
98 93 90 139 142 79 80 145 31 32 85
1613 1615 10
9
171 172 192 95 90 139 142 79 80
1622 1624 10
15
271 13 10 182 121 63 60 224 253 95 90 139 142 79 80
1624 1626 10
7
124 241 119 116 103 77 27
1625 1627 10
17
205 5 2 4 204 37 34 182 121 63 60 224 253 95 92 99 96
1642 1644 10
7
124 241 119 116 103 77 27
1642 1644 10
4
122 131 132 189
1644 1646 10
12
110 271 13 10 182 121 122 131 126 171 172 190
1648 1650 10
9
171 172 192 95 90 139 142 79 80
1650 1652 10
12
110 271 13 10 182 121 122 131 126 171 172 190
1652 1654 10
7
31 32 85 86 100 25 22
1660 1662 10
17
270 111 112 134 230 175 23 24 101 102 117 118 240 125 122 131 128
1670 1672 10
4
122 131 132 189
1678 1680 10
15
271 13 10 182 121 63 60 224 253 95 90 139 142 79 80
1689 1691 10
7
145 31 32 85 86 100 75
1690 1692 10
12
240 125 63 60 224 253 95 90 139 142 79 80
1721 1723 10
7
145 31 32 85 86 100 75
1725 1727 10
7
124 241 119 116 103 77 27
1726 1728 10
19
205 5 2 4 204 37 34 11 12 270 111 112 134 230 175 23 24 101 87
1734 1736 10
12
110 271 13 10 182 121 122 131 126 171 172 190
1736 1738 10
7
145 31 32 85 86 100 75
1752 1754 10
10
146 291 115 116 103 87 84 33 30 144
1755 1757 10
12
145 31 32 85 86 102 117 118 240 125 120 183
1787 1789 10
7
145 31 32 85 86 100 75
1792 1794 10
10
146 291 115 116 103 87 84 33 30 144
1793 1795 10
8
207 210 129 130 123 120 183 35
1793 1795 10
15
271 13 10 182 121 63 60 224 253 95 90 139 142 79 80
1796 1798 10
12
145 31 32 85 86 102 117 118 240 125 120 183
1800 1802 10
12
240 125 63 60 224 253 95 90 139 142 79 80
1801 1803 10
8
189 186 209 206 167 53 50 243
1802 1804 10
19
205 5 2 4 204 37 34 11 12 270 111 112 134 230 175 23 24 101 87
1806 1808 10
8
189 186 209 206 167 53 50 243
1812 1814 10
7
101 102 117 114 227 224 159
1815 1817 10
17
270 111 112 134 230 175 23 24 101 102 117 118 240 125 122 131 128
1818 1820 10
7
101 102 117 114 227 224 159
1819 1821 10
7
101 102 117 114 227 224 159
1819 1821 10
7
145 31 32 85 86 100 75
1820 1822 10
7
145 31 32 85 86 100 75
1825 1827 10
4
122 131 132 189
1830 1832 10
7
101 102 117 114 227 224 159
1844 1846 10
17
205 5 2 4 204 37 34 182 121 63 60 224 253 95 92 99 96
1851 1853 10
9
171 172 192 95 90 139 142 79 80
1859 1861 10
9
171 172 192 95 90 139 142 79 80
1860 1862 10
9
171 172 192 95 90 139 142 79 80
1872 1874 10
7
101 102 117 114 227 224 159
1877 1879 10
12
188 292 189 186 209 49 44 216 213 214 21 18
1881 1883 10
7
145 31 32 85 86 100 75
1882 1884 10
12
145 31 32 85 86 102 117 118 240 125 120 183
1884 1886 10
7
145 31 32 85 86 100 75
1886 1888 10
11
4 204 37 34 182 121 63 60 224 159 160
1890 1892 10
7
101 102 117 114 227 224 159
1891 1893 10
12
145 31 32 85 86 102 117 118 240 125 120 183
1891 1893 10
8
189 186 209 206 167 53 50 243
1892 1894 10
10
146 291 115 116 103 87 84 33 30 144
1896 1898 10
9
171 172 192 95 90 139 142 79 80
1903 1905 10
7
101 102 117 114 227 224 159
1922 1924 10
7
145 31 32 85 86 100 75
1934 1936 10
11
98 93 90 139 142 79 80 145 31 32 85
1939 1941 10
10
207 210 129 130 123 120 183 35 36 205
1951 1953 10
17
205 5 2 4 204 37 34 182 121 63 60 224 253 95 92 99 96
1952 1954 10
16
134 230 175 23 24 101 102 117 118 240 125 122 131 128 211 206
1954 1956 10
12
110 271 13 10 182 121 122 131 126 171 172 190
1960 1962 10
8
189 186 209 206 167 53 50 243
1962 1964 10
17
205 5 2 4 204 37 34 182 121 63 60 224 253 95 92 99 96
1969 1971 10
12
145 31 32 85 86 102 117 118 240 125 120 183
1969 1971 10
7
31 32 85 86 100 25 22
1976 1978 10
19
205 5 2 4 204 37 34 11 12 270 111 112 134 230 175 23 24 101 87
1985 1987 10
7
145 31 32 85 86 100 75
1986 1988 10
7
145 31 32 85 86 100 75
1988 1990 10
8
207 210 129 130 123 120 183 35
1991 1993 10
7
145 31 32 85 86 100 75
1993 1995 10
8
189 186 209 206 167 53 50 243
1995 1997 10
15
271 13 10 182 121 63 60 224 253 95 90 139 142 79 80
2002 2004 10
8
189 186 209 206 167 53 50 243
2006 2008 10
8
207 210 129 130 123 120 183 35
2008 2010 10
10
207 210 129 130 123 120 183 35 36 205
2015 2017 10
7
124 241 119 116 103 77 27
2025 2027 10
7
101 102 117 114 227 224 159
2031 2033 10
15
32 85 86 102 117 114 227 224 253 95 90 139 140 163 164
2035 2037 10
7
145 31 32 85 86 100 75
2042 2044 10
7
145 31 32 85 86 100 75
2049 2051 10
7
101 102 117 114 227 224 159
2055 2057 10
15
271 13 10 182 121 63 60 224 253 95 90 139 142 79 80
2055 2057 10
7
145 31 32 85 86 100 75
2060 2062 10
4
122 131 132 189
2066 2068 10
12
110 271 13 10 182 121 122 131 126 171 172 190
2066 2068 10
15
32 85 86 102 117 114 227 224 253 95 90 139 140 163 164
2072 2074 10
4
122 131 132 189
2073 2075 10
7
101 102 117 114 227 224 159
2083 2085 10
11
98 93 90 139 142 79 80 145 31 32 85
2091 2093 10
17
205 5 2 4 204 37 34 182 121 63 60 224 253 95 92 99 96
2110 2112 10
8
189 186 209 206 167 53 50 243
2118 2120 10
12
110 271 13 10 182 121 122 131 126 171 172 190
2118 2120 10
12
188 292 189 186 209 49 44 216 213 214 21 18
2124 2126 10
11
98 93 90 139 142 79 80 145 31 32 85
2132 2134 10
8
189 186 209 206 167 53 50 243
2138 2140 10
7
124 241 119 116 103 77 27
2139 2141 10
17
205 5 2 4 204 37 34 182 121 63 60 224 253 95 92 99 96
2143 2145 10
12
188 292 189 186 209 49 44 216 213 214 21 18
2154 2156 10
7
145 31 32 85 86 100 75
2156 2158 10
19
174 231 135 113 110 271 13 10 182 121 124 241 119 116 103 87 84 33 30
2163 2165 10
19
205 5 2 4 204 37 34 11 12 270 111 112 134 230 175 23 24 101 87
2170 2172 10
7
101 102 117 114 227 224 159
2179 2181 10
12
240 125 63 60 224 253 95 90 139 142 79 80
2181 2183 10
7
101 102 117 114 227 224 159
2185 2187 10
7
101 102 117 114 227 224 159
2185 2187 10
7
145 31 32 85 86 100 75
2187 2189 10
15
271 13 10 182 121 63 60 224 253 95 90 139 142 79 80
2199 2201 10
15
32 85 86 102 117 114 227 224 253 95 90 139 140 163 164
2200 2202 10
12
110 271 13 10 182 121 122 131 126 171 172 190
2207 2209 10
7
145 31 32 85 86 100 75
2210 2212 10
7
145 31 32 85 86 100 75
2212 2214 10
17
205 5 2 4 204 37 34 182 121 63 60 224 253 95 92 99 96
2214 2216 10
15
32 85 86 102 117 114 227 224 253 95 90 139 140 163 164
2219 2221 10
7
101 102 117 114 227 224 159
2220 2222 10
9
171 172 192 95 90 139 142 79 80
2221 2223 10
9
171 172 192 95 90 139 142 79 80
2228 2230 10
4
122 131 132 189
2238 2240 10
7
145 31 32 85 86 100 75
2238 2240 10
4
122 131 132 189
2257 2259 10
19
205 5 2 4 204 37 34 11 12 270 111 112 134 230 175 23 24 101 87
2262 2264 10
8
207 210 129 130 123 120 183 35
2262 2264 10
8
189 186 209 206 167 53 50 243
2267 2269 10
15
32 85 86 102 117 114 227 224 253 95 90 139 140 163 164
2271 2273 10
7
101 102 117 114 227 224 159
2272 2274 10
4
122 131 132 189
2275 2277 10
9
171 172 192 95 90 139 142 79 80
2276 2278 10
11
98 93 90 139 142 79 80 145 31 32 85
2296 2298 10
15
271 13 10 182 121 63 60 224 253 95 90 139 142 79 80
2301 2303 10
17
205 5 2 4 204 37 34 182 121 63 60 224 253 95 92 99 96
2311 2313 10
9
171 172 192 95 90 139 142 79 80
2323 2325 10
10
207 210 129 130 123 120 183 35 36 205
2339 2341 10
8
207 210 129 130 123 120 183 35
2343 2345 10
17
205 5 2 4 204 37 34 182 121 63 60 224 253 95 92 99 96
2348 2350 10
7
101 102 117 114 227 224 159
2354 2356 10
15
32 85 86 102 117 114 227 224 253 95 90 139 140 163 164
2356 2358 10
7
31 32 85 86 100 25 22
2359 2361 10
4
122 131 132 189
2362 2364 10
17
205 5 2 4 204 37 34 182 121 63 60 224 253 95 92 99 96
2367 2369 10
7
145 31 32 85 86 100 75
2371 2373 10
4
122 131 132 189
2393 2395 10
19
205 5 2 4 204 37 34 11 12 270 111 112 134 230 175 23 24 101 87
2394 2396 10
10
146 291 115 116 103 87 84 33 30 144
2397 2399 10
12
110 271 13 10 182 121 122 131 126 171 172 190
2398 2400 10
12
110 271 13 10 182 121 122 131 126 171 172 190
2400 2402 10
7
225 226 115 116 103 77 27
2406 2408 10
14
271 13 10 182 121 63 60 224 253 95 90 139 142 79
2407 2409 10
13
174 231 135 113 110 271 13 10 182 121 122 131 132
2413 2415 10
13
174 231 135 113 110 271 13 10 182 121 122 131 132
2414 2416 10
14
271 13 10 182 121 63 60 224 253 95 90 139 142 79
2417 2419 10
19
4 204 37 34 11 12 270 111 112 134 230 175 23 24 101 87 84 33 30
2420 2422 10
13
174 231 135 113 110 271 13 10 182 121 122 131 132
2442 2444 10
17
99 96 235 165 162 141 142 79 80 145 31 32 85 86 100 25 22
2450 2452 10
16
205 5 2 4 204 37 34 11 12 270 111 112 134 230 175 23
2457 2459 10
5
24 101 102 117 114
2472 2474 10
9
4 204 37 34 182 121 122 131 128
2484 2486 10
13
174 231 135 113 110 271 13 10 182 121 122 131 132
2494 2496 10
17
99 96 235 165 162 141 142 79 80 145 31 32 85 86 100 25 22
2518 2520 10
14
48 210 47 44 216 107 104 172 192 95 90 139 142 79
2536 2538 10
13
174 231 135 113 110 271 13 10 182 121 122 131 132
2539 2541 10
21
145 31 32 85 86 102 117 114 227 224 159 160 185 19 20 191 173 105 71 72 245
2544 2546 10
14
271 13 10 182 121 63 60 224 253 95 90 139 142 79
2544 2546 10
21
145 31 32 85 86 102 117 114 227 224 159 160 185 19 20 191 173 105 71 72 245
2549 2551 10
17
99 96 235 165 162 141 142 79 80 145 31 32 85 86 100 25 22
2559 2561 10
17
99 96 235 165 162 141 142 79 80 145 31 32 85 86 100 25 22
2565 2567 10
11
231 135 113 110 271 13 10 182 121 122 131
2566 2568 10
13
174 231 135 113 110 271 13 10 182 121 122 131 132
2574 2576 10
9
4 204 37 34 182 121 122 131 128
2586 2588 10
12
184 161 158 225 226 115 116 103 87 84 33 30
2589 2591 10
9
213 127 130 123 120 183 35 36 205
2608 2610 10
7
225 226 115 116 103 77 27
2610 2612 10
11
231 135 113 110 271 13 10 182 121 122 131
2615 2617 10
7
189 186 209 49 44 216 107
2615 2617 10
7
145 31 32 85 86 100 75
2622 2624 10
12
184 161 158 225 226 115 116 103 87 84 33 30
2629 2631 10
12
184 161 158 225 226 115 116 103 87 84 33 30
2630 2632 10
5
24 101 102 117 114
2637 2639 10
13
174 231 135 113 110 271 13 10 182 121 122 131 132
2642 2644 10
21
145 31 32 85 86 102 117 114 227 224 159 160 185 19 20 191 173 105 71 72 245
2646 2648 10
7
189 186 209 49 44 216 107
2652 2654 10
14
271 13 10 182 121 63 60 224 253 95 90 139 142 79
2652 2654 10
7
189 186 209 49 44 216 107
2656 2658 10
13
245 69 70 104 170 127 130 123 120 183 35 36 205
2664 2666 10
7
145 31 32 85 86 100 75
2666 2668 10
5
24 101 102 117 114
2670 2672 10
17
99 96 235 165 162 141 142 79 80 145 31 32 85 86 100 25 22
2670 2672 10
12
4 204 37 34 182 121 63 60 224 253 95 92
2675 2677 10
21
145 31 32 85 86 102 117 114 227 224 159 160 185 19 20 191 173 105 71 72 245
2682 2684 10
7
189 186 209 49 44 216 107
2685 2687 10
9
291 115 116 103 87 84 33 30 144
2688 2690 10
13
174 231 135 113 110 271 13 10 182 121 122 131 132
2690 2692 10
5
24 101 102 117 114
2691 2693 10
12
4 204 37 34 182 121 63 60 224 253 95 92
2693 2695 10
14
271 13 10 182 121 63 60 224 253 95 90 139 142 79
2700 2702 10
13
245 69 70 104 170 127 130 123 120 183 35 36 205
2702 2704 10
7
145 31 32 85 86 100 75
2703 2705 10
7
145 31 32 85 86 100 75
2715 2717 10
10
216 213 127 130 123 120 183 35 36 205
2719 2721 10
9
213 127 130 123 120 183 35 36 205
2720 2722 10
13
245 69 70 104 170 127 130 123 120 183 35 36 205
2721 2723 10
7
189 186 209 49 44 216 107
2734 2736 10
21
145 31 32 85 86 102 117 114 227 224 159 160 185 19 20 191 173 105 71 72 245
2744 2746 10
7
145 31 32 85 86 100 75
2757 2759 10
10
182 121 122 131 126 171 105 71 72 245
2776 2778 10
11
231 135 113 110 271 13 10 182 121 122 131
2776 2778 10
6
101 102 117 114 227 224
2779 2781 10
12
184 161 158 225 226 115 116 103 87 84 33 30
2779 2781 10
18
234 97 98 93 94 252 225 226 115 116 103 100 25 22 174 231 135 113
2782 2784 10
5
24 101 102 117 114
2782 2784 10
7
145 31 32 85 86 100 75
2791 2793 10
7
145 31 32 85 86 100 75
2801 2803 10
9
4 204 37 34 182 121 122 131 128
2801 2803 10
7
145 31 32 85 86 100 75
2817 2819 10
12
184 161 158 225 226 115 116 103 87 84 33 30
2818 2820 10
7
145 31 32 85 86 100 75
2819 2821 10
14
271 13 10 182 121 63 60 224 253 95 90 139 142 79
2825 2827 10
14
271 13 10 182 121 63 60 224 253 95 90 139 142 79
2826 2828 10
11
231 135 113 110 271 13 10 182 121 122 131
2827 2829 10
7
145 31 32 85 86 100 75
2830 2832 10
16
174 231 135 113 110 271 13 10 182 121 122 131 126 171 105 71
2846 2848 10
9
291 115 116 103 87 84 33 30 144
2850 2852 10
7
145 31 32 85 86 100 75
2856 2858 10
13
245 69 70 104 170 127 130 123 120 183 35 36 205
2864 2866 10
13
174 231 135 113 110 271 13 10 182 121 122 131 132
2875 2877 10
7
210 129 130 123 120 183 11
2876 2878 10
5
24 101 102 117 114
2884 2886 10
13
245 69 70 104 170 127 130 123 120 183 35 36 205
2897 2899 10
13
245 69 70 104 170 127 130 123 120 183 35 36 205
2907 2909 10
10
182 121 122 131 126 171 105 71 72 245
2908 2910 10
14
48 210 47 44 216 107 104 172 192 95 90 139 142 79
2910 2912 10
21
145 31 32 85 86 102 117 114 227 224 159 160 185 19 20 191 173 105 71 72 245
2917 2919 10
7
225 226 115 116 103 77 27
2925 2927 10
7
225 226 115 116 103 77 27
2928 2930 10
5
24 101 102 117 114
2937 2939 10
21
145 31 32 85 86 102 117 114 227 224 159 160 185 19 20 191 173 105 71 72 245
2953 2955 10
13
174 231 135 113 110 271 13 10 182 121 122 131 132
2967 2969 10
12
184 161 158 225 226 115 116 103 87 84 33 30
2970 2972 10
7
189 186 209 49 44 216 107
2973 2975 10
7
210 129 130 123 120 183 11
2979 2981 10
21
145 31 32 85 86 102 117 114 227 224 159 160 185 19 20 191 173 105 71 72 245
2980 2982 10
9
4 204 37 34 182 121 122 131 128
2989 2991 10
7
145 31 32 85 86 100 75
2993 2995 10
21
145 31 32 85 86 102 117 114 227 224 159 160 185 19 20 191 173 105 71 72 245
2996 2998 10
6
101 102 117 114 227 224
2998 3000 10
7
189 186 209 49 44 216 107
2999 3001 10
11
231 135 113 110 271 13 10 182 121 122 131
2999 3001 10
13
174 231 135 113 110 271 13 10 182 121 122 131 132
3000 3002 10
14
271 13 10 182 121 63 60 224 253 95 90 139 142 79
3000 3002 10
12
184 161 158 225 226 115 116 103 87 84 33 30
3006 3008 10
11
231 135 113 110 271 13 10 182 121 122 131
3010 3012 10
12
4 204 37 34 182 121 63 60 224 253 95 92
3012 3014 10
9
291 115 116 103 87 84 33 30 144
3013 3015 10
12
4 204 37 34 182 121 63 60 224 253 95 92
3025 3027 10
21
145 31 32 85 86 102 117 114 227 224 159 160 185 19 20 191 173 105 71 72 245
3030 3032 10
10
98 93 90 139 142 79 80 145 31 32
3046 3048 10
13
245 69 70 104 170 127 130 123 120 183 35 36 205
3047 3049 10
7
145 31 32 85 86 100 75
3056 3058 10
12
184 161 158 225 226 115 116 103 87 84 33 30
3069 3071 10
11
231 135 113 110 271 13 10 182 121 122 131
3076 3078 10
7
145 31 32 85 86 100 75
3077 3079 10
7
145 31 32 85 86 100 75
3086 3088 10
11
231 135 113 110 271 13 10 182 121 122 131
3096 3098 10
21
145 31 32 85 86 102 117 114 227 224 159 160 185 19 20 191 173 105 71 72 245
3105 3107 10
5
24 101 102 117 114
3115 3117 10
7
145 31 32 85 86 100 75
3124 3126 10
9
4 204 37 34 182 121 122 131 128
3125 3127 10
9
291 115 116 103 87 84 33 30 144
3126 3128 10
12
4 204 37 34 182 121 63 60 224 253 95 92
3139 3141 10
13
174 231 135 113 110 271 13 10 182 121 122 131 132
3141 3143 10
11
231 135 113 110 271 13 10 182 121 122 131
3149 3151 10
14
271 13 10 182 121 63 60 224 253 95 90 139 142 79
3155 3157 10
14
271 13 10 182 121 63 60 224 253 95 90 139 142 79
3156 3158 10
14
48 210 47 44 216 107 104 172 192 95 90 139 142 79
3161 3163 10
12
184 161 158 225 226 115 116 103 87 84 33 30
3161 3163 10
7
189 186 209 49 44 216 107
3162 3164 10
6
101 102 117 114 227 224
3170 3172 10
14
48 210 47 44 216 107 104 172 192 95 90 139 142 79
3171 3173 10
13
245 69 70 104 170 127 130 123 120 183 35 36 205
3181 3183 10
7
189 186 209 49 44 216 107
3186 3188 10
7
145 31 32 85 86 100 75
3196 3198 10
7
145 31 32 85 86 100 75
3197 3199 10
7
145 31 32 85 86 100 75
3200 3202 10
13
174 231 135 113 110 271 13 10 182 121 122 131 132
3206 3208 10
17
99 96 235 165 162 141 142 79 80 145 31 32 85 86 100 25 22
3209 3211 10
13
174 231 135 113 110 271 13 10 182 121 122 131 132
3211 3213 10
7
225 226 115 116 103 77 27
3215 3217 10
7
225 226 115 116 103 77 27
3216 3218 10
18
234 97 98 93 94 252 225 226 115 116 103 100 25 22 174 231 135 113
3221 3223 10
9
291 115 116 103 87 84 33 30 144
3226 3228 10
7
189 186 209 49 44 216 107
3230 3232 10
7
210 129 130 123 120 183 11
3236 3238 10
14
48 210 47 44 216 107 104 172 192 95 90 139 142 79
3241 3243 10
7
189 186 209 49 44 216 107
3249 3251 10
21
145 31 32 85 86 102 117 114 227 224 159 160 185 19 20 191 173 105 71 72 245
3250 3252 10
9
291 115 116 103 87 84 33 30 144
3253 3255 10
12
4 204 37 34 182 121 63 60 224 253 95 92
3254 3256 10
19
4 204 37 34 11 12 270 111 112 134 230 175 23 24 101 87 84 33 30
3259 3261 10
17
99 96 235 165 162 141 142 79 80 145 31 32 85 86 100 25 22
3260 3262 10
12
4 204 37 34 182 121 63 60 224 253 95 92
3263 3265 10
10
182 121 122 131 126 171 105 71 72 245
3263 3265 10
7
145 31 32 85 86 100 75
3264 3266 10
12
4 204 37 34 182 121 63 60 224 253 95 92
3268 3270 10
9
213 127 130 123 120 183 35 36 205
3275 3277 10
7
145 31 32 85 86 100 75
3284 3286 10
10
182 121 122 131 126 171 105 71 72 245
3288 3290 10
7
145 31 32 85 86 100 75
3291 3293 10
7
145 31 32 85 86 100 75
3299 3301 10
7
145 31 32 85 86 100 75
3303 3305 10
12
184 161 158 225 226 115 116 103 87 84 33 30
3305 3307 10
7
189 186 209 49 44 216 107
3309 3311 10
7
145 31 32 85 86 100 75
3310 3312 10
14
48 210 47 44 216 107 104 172 192 95 90 139 142 79
3310 3312 10
7
225 226 115 116 103 77 27
3313 3315 10
18
234 97 98 93 94 252 225 226 115 116 103 100 25 22 174 231 135 113
3316 3318 10
7
145 31 32 85 86 100 75
3328 3330 10
10
182 121 122 131 126 171 105 71 72 245
3329 3331 10
5
24 101 102 117 114
3343 3345 10
7
145 31 32 85 86 100 75
3358 3360 10
9
291 115 116 103 87 84 33 30 144
3364 3366 10
12
184 161 158 225 226 115 116 103 87 84 33 30
3365 3367 10
9
213 127 130 123 120 183 35 36 205
3365 3367 10
13
174 231 135 113 110 271 13 10 182 121 122 131 132
3368 3370 10
9
291 115 116 103 87 84 33 30 144
3369 3371 10
11
231 135 113 110 271 13 10 182 121 122 131
3376 3378 10
5
24 101 102 117 114
3376 3378 10
9
291 115 116 103 87 84 33 30 144
3401 3403 10
9
291 115 116 103 87 84 33 30 144
3407 3409 10
7
145 31 32 85 86 100 75
3419 3421 10
7
210 129 130 123 120 183 11
3427 3429 10
9
291 115 116 103 87 84 33 30 144
3441 3443 10
13
245 69 70 104 170 127 130 123 120 183 35 36 205
3464 3466 10
21
145 31 32 85 86 102 117 114 227 224 159 160 185 19 20 191 173 105 71 72 245
3471 3473 10
16
174 231 135 113 110 271 13 10 182 121 122 131 126 171 105 71
3473 3475 10
7
145 31 32 85 86 100 75
3477 3479 10
7
225 226 115 116 103 77 27
3478 3480 10
13
174 231 135 113 110 271 13 10 182 121 122 131 132
3483 3485 10
14
48 210 47 44 216 107 104 172 192 95 90 139 142 79
3485 3487 10
21
145 31 32 85 86 102 117 114 227 224 159 160 185 19 20 191 173 105 71 72 245
3488 3490 10
16
174 231 135 113 110 271 13 10 182 121 122 131 126 171 105 71
3492 3494 10
11
231 135 113 110 271 13 10 182 121 122 131
3492 3494 10
21
145 31 32 85 86 102 117 114 227 224 159 160 185 19 20 191 173 105 71 72 245
3513 3515 10
7
210 129 130 123 120 183 11
3513 3515 10
7
189 186 209 49 44 216 107
3516 3518 10
9
213 127 130 123 120 183 35 36 205
3527 3529 10
12
4 204 37 34 182 121 63 60 224 253 95 92
3532 3534 10
11
231 135 113 110 271 13 10 182 121 122 131
3543 3545 10
10
216 213 127 130 123 120 183 35 36 205
3546 3548 10
9
291 115 116 103 87 84 33 30 144
3563 3565 10
7
189 186 209 49 44 216 107
3573 3575 10
13
174 231 135 113 110 271 13 10 182 121 122 131 132
3575 3577 10
16
174 231 135 113 110 271 13 10 182 121 122 131 126 171 105 71
3589 3591 10
11
231 135 113 110 271 13 10 182 121 122 131
3591 3593 10
7
225 226 115 116 103 77 27
3606 3608 10
14
276 129 130 123 124 241 119 116 103 87 84 33 30 144
3613 3615 10
14
31 32 85 86 102 117 118 240 125 122 131 128 211 208
3618 3620 10
16
189 186 209 49 44 216 107 104 172 192 95 90 139 142 79 80
3619 3621 10
14
213 214 21 18 184 161 158 225 226 115 116 103 100 75
3625 3627 10
1
132
3625 3627 10
14
213 214 21 18 184 161 158 225 226 115 116 103 100 75
3630 3632 10
17
145 31 32 85 86 102 117 114 227 224 253 95 90 139 140 163 164
3631 3633 10
14
163 164 234 97 98 93 94 252 225 61 62 120 183 35
3633 3635 10
14
174 231 135 113 110 271 13 10 182 121 63 60 224 159
3634 3636 10
18
24 101 102 117 114 227 224 159 160 185 19 20 191 173 105 71 72 245
3645 3647 10
13
271 13 10 182 121 63 60 224 253 95 90 139 140
3650 3652 10
13
271 13 10 182 121 63 60 224 253 95 90 139 140
3651 3653 10
14
163 164 234 97 98 93 94 252 225 61 62 120 183 35
3653 3655 10
1
132
3659 3661 10
15
174 231 135 113 110 271 13 10 182 121 63 60 224 253 95
3678 3680 10
13
145 31 32 85 86 102 117 114 227 224 253 95 90
3680 3682 10
16
145 31 32 85 86 102 117 114 227 224 159 160 185 19 20 191
3685 3687 10
14
213 214 21 18 184 161 158 225 226 115 116 103 100 75
3690 3692 10
15
174 231 135 113 110 271 13 10 182 121 63 60 224 253 95
3691 3693 10
16
189 186 209 49 44 216 107 104 172 192 95 90 139 142 79 80
3692 3694 10
14
213 214 21 18 184 161 158 225 226 115 116 103 100 75
3697 3699 10
16
189 186 209 49 44 216 107 104 172 192 95 90 139 142 79 80
3701 3703 10
14
31 32 85 86 102 117 118 240 125 122 131 128 211 208
3719 3721 10
13
271 13 10 182 121 63 60 224 253 95 90 139 140
3721 3723 10
13
145 31 32 85 86 102 117 114 227 224 253 95 90
3725 3727 10
13
271 13 10 182 121 63 60 224 253 95 90 139 140
3727 3729 10
14
213 214 21 18 184 161 158 225 226 115 116 103 100 75
3732 3734 10
10
94 252 225 61 62 120 183 11 12 270
3736 3738 10
14
213 214 21 18 184 161 158 225 226 115 116 103 100 75
3748 3750 10
16
189 186 209 49 44 216 107 104 172 192 95 90 139 142 79 80
3756 3758 10
8
116 103 100 25 22 174 231 135
3757 3759 10
8
225 226 115 116 103 100 25 22
3761 3763 10
10
142 79 80 145 31 32 85 86 77 27
3764 3766 10
15
174 231 135 113 110 271 13 10 182 121 63 60 224 253 95
3766 3768 10
8
225 226 115 116 103 100 25 22
3775 3777 10
10
146 291 115 116 103 87 84 33 30 144
3775 3777 10
16
189 186 209 49 44 216 107 104 172 192 95 90 139 142 79 80
3802 3804 10
8
225 226 115 116 103 100 25 22
3802 3804 10
14
174 231 135 113 110 271 13 10 182 121 63 60 224 159
3809 3811 10
10
146 291 115 116 103 87 84 33 30 144
3819 3821 10
14
174 231 135 113 110 271 13 10 182 121 63 60 224 159
3821 3823 10
1
132
3841 3843 10
16
189 186 209 49 44 216 107 104 172 192 95 90 139 142 79 80
3842 3844 10
10
94 252 225 61 62 120 183 11 12 270
3843 3845 10
14
174 231 135 113 110 271 13 10 182 121 63 60 224 159
3849 3851 10
14
31 32 85 86 102 117 118 240 125 122 131 128 211 208
3851 3853 10
14
213 214 21 18 184 161 158 225 226 115 116 103 100 75
3862 3864 10
16
145 31 32 85 86 102 117 114 227 224 159 160 185 19 20 191
3865 3867 10
14
163 164 234 97 98 93 94 252 225 61 62 120 183 35
3870 3872 10
8
104 170 127 130 123 120 183 35
3871 3873 10
1
132
3877 3879 10
8
104 170 127 130 123 120 183 35
3878 3880 10
14
213 214 21 18 184 161 158 225 226 115 116 103 100 75
3881 3883 10
14
163 164 234 97 98 93 94 252 225 61 62 120 183 35
3881 3883 10
10
142 79 80 145 31 32 85 86 77 27
3883 3885 10
14
174 231 135 113 110 271 13 10 182 121 122 131 132 189
3890 3892 10
14
213 214 21 18 184 161 158 225 226 115 116 103 100 75
3909 3911 10
13
271 13 10 182 121 63 60 224 253 95 90 139 140
3914 3916 10
8
225 226 115 116 103 100 25 22
3917 3919 10
8
116 103 100 25 22 174 231 135
3932 3934 10
18
24 101 102 117 114 227 224 159 160 185 19 20 191 173 105 71 72 245
3932 3934 10
17
145 31 32 85 86 102 117 114 227 224 253 95 90 139 140 163 164
3933 3935 10
10
142 79 80 145 31 32 85 86 77 27
3950 3952 10
14
163 164 234 97 98 93 94 252 225 61 62 120 183 35
3950 3952 10
14
276 129 130 123 124 241 119 116 103 87 84 33 30 144
3953 3955 10
14
174 231 135 113 110 271 13 10 182 121 63 60 224 159
3962 3964 10
8
116 103 100 25 22 174 231 135
3962 3964 10
14
213 214 21 18 184 161 158 225 226 115 116 103 100 75
3969 3971 10
16
145 31 32 85 86 102 117 114 227 224 159 160 185 19 20 191
3984 3986 10
8
204 37 34 182 121 122 131 126
3989 3991 10
15
174 231 135 113 110 271 13 10 182 121 63 60 224 253 95
3991 3993 10
10
142 79 80 145 31 32 85 86 77 27
4012 4014 10
8
204 37 34 182 121 122 131 126
4012 4014 10
14
174 231 135 113 110 271 13 10 182 121 63 60 224 159
4022 4024 10
8
104 170 127 130 123 120 183 35
4027 4029 10
13
145 31 32 85 86 102 117 114 227 224 253 95 90
4029 4031 10
8
204 37 34 182 121 122 131 126
4037 4039 10
8
225 226 115 116 103 100 25 22
4037 4039 10
8
104 170 127 130 123 120 183 35
4043 4045 10
14
213 214 21 18 184 161 158 225 226 115 116 103 100 75
4046 4048 10
14
31 32 85 86 102 117 118 240 125 122 131 128 211 208
4050 4052 10
16
145 31 32 85 86 102 117 114 227 224 159 160 185 19 20 191
4050 4052 10
1
132
4053 4055 10
10
94 252 225 61 62 120 183 11 12 270
4062 4064 10
4
26 74 25 22
4062 4064 10
14
213 214 21 18 184 161 158 225 226 115 116 103 100 75
4070 4072 10
10
94 252 225 61 62 120 183 11 12 270
4074 4076 10
14
174 231 135 113 110 271 13 10 182 121 63 60 224 159
4078 4080 10
18
174 231 135 113 110 271 13 10 182 121 63 60 224 253 95 92 99 96
4078 4080 10
8
104 170 127 130 123 120 183 35
4081 4083 10
8
104 170 127 130 123 120 183 35
4083 4085 10
17
145 31 32 85 86 102 117 114 227 224 253 95 90 139 140 163 164
4091 4093 10
16
189 186 209 49 44 216 107 104 172 192 95 90 139 142 79 80
4091 4093 10
10
94 252 225 61 62 120 183 11 12 270
4093 4095 10
8
225 226 115 116 103 100 25 22
4094 4096 10
13
271 13 10 182 121 63 60 224 253 95 90 139 140
4109 4111 10
7
182 121 122 131 126 212 217
4111 4113 10
16
145 31 32 85 86 102 117 114 227 224 159 160 185 19 20 191
4111 4113 10
9
204 37 34 182 121 122 131 128 211
4114 4116 10
8
204 37 34 182 121 122 131 126
4121 4123 10
8
204 37 34 182 121 122 131 126
4123 4125 10
15
174 231 135 113 110 271 13 10 182 121 63 60 224 253 95
4130 4132 10
10
142 79 80 145 31 32 85 86 77 27
4132 4134 10
18
24 101 102 117 114 227 224 159 160 185 19 20 191 173 105 71 72 245
4134 4136 10
14
174 231 135 113 110 271 13 10 182 121 63 60 224 159
4140 4142 10
14
213 214 21 18 184 161 158 225 226 115 116 103 100 75
4152 4154 10
17
145 31 32 85 86 102 117 114 227 224 253 95 90 139 140 163 164
4158 4160 10
14
174 231 135 113 110 271 13 10 182 121 63 60 224 159
4158 4160 10
10
94 252 225 61 62 120 183 11 12 270
4171 4173 10
16
145 31 32 85 86 102 117 114 227 224 159 160 185 19 20 191
4177 4179 10
10
94 252 225 61 62 120 183 11 12 270
4182 4184 10
14
31 32 85 86 102 117 118 240 125 122 131 128 211 208
4184 4186 10
14
174 231 135 113 110 271 13 10 182 121 63 60 224 159
4187 4189 10
14
163 164 234 97 98 93 94 252 225 61 62 120 183 35
4190 4192 10
17
145 31 32 85 86 102 117 114 227 224 253 95 90 139 140 163 164
4197 4199 10
13
145 31 32 85 86 102 117 114 227 224 253 95 90
4207 4209 10
14
174 231 135 113 110 271 13 10 182 121 63 60 224 159
4217 4219 10
8
204 37 34 182 121 122 131 126
4224 4226 10
18
24 101 102 117 114 227 224 159 160 185 19 20 191 173 105 71 72 245
4226 4228 10
16
189 186 209 49 44 216 107 104 172 192 95 90 139 142 79 80
4229 4231 10
18
174 231 135 113 110 271 13 10 182 121 63 60 224 253 95 92 99 96
4232 4234 10
1
132
4236 4238 10
17
145 31 32 85 86 102 117 114 227 224 253 95 90 139 140 163 164
4238 4240 10
14
213 214 21 18 184 161 158 225 226 115 116 103 100 75
4239 4241 10
8
204 37 34 182 121 122 131 126
4242 4244 10
10
142 79 80 145 31 32 85 86 77 27
4245 4247 10
13
145 31 32 85 86 102 117 114 227 224 253 95 90
4248 4250 10
10
142 79 80 145 31 32 85 86 77 27
4253 4255 10
10
146 291 115 116 103 87 84 33 30 144
4254 4256 10
14
174 231 135 113 110 271 13 10 182 121 63 60 224 159
4261 4263 10
10
146 291 115 116 103 87 84 33 30 144
4265 4267 10
15
174 231 135 113 110 271 13 10 182 121 63 60 224 253 95
4269 4271 10
14
213 214 21 18 184 161 158 225 226 115 116 103 100 75
4270 4272 10
18
174 231 135 113 110 271 13 10 182 121 63 60 224 253 95 92 99 96
4271 4273 10
14
163 164 234 97 98 93 94 252 225 61 62 120 183 35
4273 4275 10
14
213 214 21 18 184 161 158 225 226 115 116 103 100 75
4291 4293 10
17
145 31 32 85 86 102 117 114 227 224 253 95 90 139 140 163 164
4295 4297 10
10
146 291 115 116 103 87 84 33 30 144
4302 4304 10
4
26 74 25 22
4304 4306 10
8
204 37 34 182 121 122 131 126
4304 4306 10
18
24 101 102 117 114 227 224 159 160 185 19 20 191 173 105 71 72 245
4306 4308 10
14
213 214 21 18 184 161 158 225 226 115 116 103 100 75
4308 4310 10
8
204 37 34 182 121 122 131 126
4321 4323 10
14
174 231 135 113 110 271 13 10 182 121 63 60 224 159
4323 4325 10
8
104 170 127 130 123 120 183 35
4323 4325 10
13
271 13 10 182 121 63 60 224 253 95 90 139 140
4328 4330 10
17
145 31 32 85 86 102 117 114 227 224 253 95 90 139 140 163 164
4329 4331 10
18
24 101 102 117 114 227 224 159 160 185 19 20 191 173 105 71 72 245
4333 4335 10
14
213 214 21 18 184 161 158 225 226 115 116 103 100 75
4334 4336 10
1
132
4335 4337 10
10
94 252 225 61 62 120 183 11 12 270
4351 4353 10
14
163 164 234 97 98 93 94 252 225 61 62 120 183 35
4355 4357 10
15
174 231 135 113 110 271 13 10 182 121 63 60 224 253 95
4364 4366 10
14
163 164 234 97 98 93 94 252 225 61 62 120 183 35
4383 4385 10
14
213 214 21 18 184 161 158 225 226 115 116 103 100 75
4386 4388 10
13
145 31 32 85 86 102 117 114 227 224 253 95 90
4387 4389 10
8
204 37 34 182 121 122 131 126
4387 4389 10
14
31 32 85 86 102 117 118 240 125 122 131 128 211 208
4387 4389 10
8
104 170 127 130 123 120 183 35
4399 4401 10
14
213 214 21 18 184 161 158 225 226 115 116 103 100 75
4404 4406 10
17
145 31 32 85 86 102 117 114 227 224 253 95 90 139 140 163 164
4407 4409 10
8
225 226 115 116 103 100 25 22
4410 4412 10
8
116 103 100 25 22 174 231 135
4422 4424 10
10
142 79 80 145 31 32 85 86 77 27
4428 4430 10
17
145 31 32 85 86 102 117 114 227 224 253 95 90 139 140 163 164
4436 4438 10
14
213 214 21 18 184 161 158 225 226 115 116 103 100 75
4437 4439 10
14
213 214 21 18 184 161 158 225 226 115 116 103 100 75
4438 4440 10
14
213 214 21 18 184 161 158 225 226 115 116 103 100 75
4444 4446 10
16
189 186 209 49 44 216 107 104 172 192 95 90 139 142 79 80
4447 4449 10
8
225 226 115 116 103 100 25 22
4449 4451 10
7
182 121 122 131 126 212 217
4465 4467 10
14
213 214 21 18 184 161 158 225 226 115 116 103 100 75
4474 4476 10
8
225 226 115 116 103 100 25 22
4477 4479 10
14
31 32 85 86 102 117 118 240 125 122 131 128 211 208
4490 4492 10
14
174 231 135 113 110 271 13 10 182 121 63 60 224 159
4491 4493 10
14
213 214 21 18 184 161 158 225 226 115 116 103 100 75
4497 4499 10
16
189 186 209 49 44 216 107 104 172 192 95 90 139 142 79 80
4501 4503 10
16
189 186 209 49 44 216 107 104 172 192 95 90 139 142 79 80
4502 4504 10
8
225 226 115 116 103 100 25 22
4503 4505 10
4
26 74 25 22
4504 4506 10
14
174 231 135 113 110 271 13 10 182 121 63 60 224 159
4519 4521 10
14
213 214 21 18 184 161 158 225 226 115 116 103 100 75
4533 4535 10
15
174 231 135 113 110 271 13 10 182 121 63 60 224 253 95
4533 4535 10
1
132
4538 4540 10
17
145 31 32 85 86 102 117 114 227 224 253 95 90 139 140 163 164
4543 4545 10
3
116 103 87
4543 4545 10
16
189 186 209 49 44 216 107 104 172 192 95 90 139 142 79 80
4546 4548 10
14
174 231 135 113 110 271 13 10 182 121 63 60 224 159
4547 4549 10
14
213 214 21 18 184 161 158 225 226 115 116 103 100 75
4583 4585 10
14
163 164 234 97 98 93 94 252 225 61 62 120 183 35
4584 4586 10
10
142 79 80 145 31 32 85 86 77 27
4587 4589 10
8
204 37 34 182 121 122 131 126
4601 4603 10
1
132
4603 4605 10
16
145 31 32 85 86 102 117 114 227 224 159 160 185 19 20 191
4605 4607 10
13
271 13 10 182 121 63 60 224 253 95 90 139 140
4608 4610 10
17
145 31 32 85 86 102 117 114 227 224 253 95 90 139 140 163 164
4610 4612 10
16
189 186 209 49 44 216 107 104 172 192 95 90 139 142 79 80
4613 4615 10
10
142 79 80 145 31 32 85 86 77 27
4614 4616 10
16
189 186 209 49 44 216 107 104 172 192 95 90 139 142 79 80
4617 4619 10
8
104 170 127 130 123 120 183 35
4620 4622 10
1
132
4625 4627 10
14
276 129 130 123 124 241 119 116 103 87 84 33 30 144
4633 4635 10
14
163 164 234 97 98 93 94 252 225 61 62 120 183 35
4639 4641 10
17
145 31 32 85 86 102 117 114 227 224 253 95 90 139 140 163 164
4645 4647 10
8
116 103 100 25 22 174 231 135
4652 4654 10
14
174 231 135 113 110 271 13 10 182 121 63 60 224 159
4655 4657 10
14
31 32 85 86 102 117 118 240 125 122 131 128 211 208
4658 4660 10
8
204 37 34 182 121 122 131 126
4661 4663 10
10
94 252 225 61 62 120 183 11 12 270
4669 4671 10
15
174 231 135 113 110 271 13 10 182 121 63 60 224 253 95
4674 4676 10
8
204 37 34 182 121 122 131 126
4678 4680 10
1
132
4686 4688 10
17
145 31 32 85 86 102 117 114 227 224 253 95 90 139 140 163 164
4688 4690 10
14
213 214 21 18 184 161 158 225 226 115 116 103 100 75
4693 4695 10
14
213 214 21 18 184 161 158 225 226 115 116 103 100 75
4696 4698 10
14
31 32 85 86 102 117 118 240 125 122 131 128 211 208
4697 4699 10
10
146 291 115 116 103 87 84 33 30 144
4698 4700 10
14
174 231 135 113 110 271 13 10 182 121 63 60 224 159
4704 4706 10
13
271 13 10 182 121 63 60 224 253 95 90 139 140
4708 4710 10
14
174 231 135 113 110 271 13 10 182 121 63 60 224 159
4718 4720 10
10
142 79 80 145 31 32 85 86 77 27
4719 4721 10
10
94 252 225 61 62 120 183 11 12 270
4730 4732 10
16
189 186 209 49 44 216 107 104 172 192 95 90 139 142 79 80
4732 4734 10
14
163 164 234 97 98 93 94 252 225 61 62 120 183 35
4737 4739 10
10
142 79 80 145 31 32 85 86 77 27
4740 4742 10
14
174 231 135 113 110 271 13 10 182 121 63 60 224 159
4744 4746 10
8
225 226 115 116 103 100 25 22
4756 4758 10
10
94 252 225 61 62 120 183 11 12 270
4756 4758 10
14
213 214 21 18 184 161 158 225 226 115 116 103 100 75
4766 4768 10
8
104 170 127 130 123 120 183 35
4774 4776 10
13
271 13 10 182 121 63 60 224 253 95 90 139 140
4792 4794 10
14
163 164 234 97 98 93 94 252 225 61 62 120 183 35
4798 4800 10
14
163 164 234 97 98 93 94 252 225 61 62 120 183 35
4802 4804 10
12
129 130 123 124 241 119 116 103 87 84 33 30
4805 4807 10
13
145 31 32 85 86 102 117 114 227 224 159 39 42
4812 4814 10
9
86 102 117 118 240 125 122 131 128
4818 4820 10
7
252 225 61 62 120 183 35
4819 4821 10
13
230 175 23 24 101 102 117 118 240 125 122 131 128
4822 4824 10
7
24 101 102 117 114 227 61
4827 4829 10
5
290 147 103 77 27
4839 4841 10
10
161 158 225 226 115 116 103 100 25 22
4851 4853 10
14
230 175 23 24 101 102 117 118 240 125 122 131 132 189
4861 4863 10
8
146 291 115 116 103 100 25 22
4869 4871 10
18
244 73 70 104 172 190 21 18 184 161 158 225 226 115 116 103 100 75
4878 4880 10
7
24 101 102 117 114 227 61
4879 4881 10
18
244 73 70 104 172 190 21 18 184 161 158 225 226 115 116 103 100 75
4888 4890 10
14
230 175 23 24 101 102 117 118 240 125 122 131 132 189
4889 4891 10
13
230 175 23 24 101 102 117 118 240 125 122 131 128
4904 4906 10
7
252 225 61 62 120 183 35
4917 4919 10
18
244 73 70 104 172 190 21 18 184 161 158 225 226 115 116 103 100 75
4922 4924 10
15
134 230 175 23 24 101 102 117 118 240 125 122 131 132 189
4929 4931 10
16
166 207 210 129 130 123 124 241 119 116 103 87 84 33 30 144
4933 4935 10
19
204 37 34 11 12 270 111 112 134 230 175 23 24 101 87 84 33 30 144
4942 4944 10
9
230 175 23 24 101 87 84 33 30
4943 4945 10
13
230 175 23 24 101 102 117 118 240 125 122 131 128
4946 4948 10
18
244 73 70 104 172 190 21 18 184 161 158 225 226 115 116 103 100 75
4959 4961 10
10
161 158 225 226 115 116 103 100 25 22
4963 4965 10
13
145 31 32 85 86 102 117 114 227 224 159 39 42
4965 4967 10
7
98 93 90 139 142 79 80
4968 4970 10
18
244 73 70 104 172 190 21 18 184 161 158 225 226 115 116 103 100 75
4969 4971 10
7
98 93 90 139 142 79 80
4985 4987 10
8
146 291 115 116 103 100 25 22
5005 5007 10
15
31 32 85 86 102 117 118 240 125 122 131 128 211 206 167
5012 5014 10
13
145 31 32 85 86 102 117 114 227 224 159 39 42
5025 5027 10
16
166 207 210 129 130 123 124 241 119 116 103 87 84 33 30 144
5026 5028 10
14
230 175 23 24 101 102 117 118 240 125 122 131 132 189
5037 5039 10
5
31 32 85 86 100
5043 5045 10
13
145 31 32 85 86 102 117 114 227 224 159 39 42
5056 5058 10
14
230 175 23 24 101 102 117 118 240 125 122 131 132 189
5057 5059 10
13
230 175 23 24 101 102 117 118 240 125 122 131 128
5059 5061 10
7
24 101 102 117 114 227 61
5076 5078 10
18
244 73 70 104 172 190 21 18 184 161 158 225 226 115 116 103 100 75
5078 5080 10
13
145 31 32 85 86 102 117 114 227 224 159 39 42
5088 5090 10
13
230 175 23 24 101 102 117 118 240 125 122 131 128
5090 5092 10
9
86 102 117 118 240 125 122 131 128
5091 5093 10
15
134 230 175 23 24 101 102 117 118 240 125 122 131 132 189
5102 5104 10
15
134 230 175 23 24 101 102 117 118 240 125 122 131 132 189
5112 5114 10
18
244 73 70 104 172 190 21 18 184 161 158 225 226 115 116 103 100 75
5113 5115 10
7
252 225 61 62 120 183 35
5117 5119 10
18
244 73 70 104 172 190 21 18 184 161 158 225 226 115 116 103 100 75
5119 5121 10
7
252 225 61 62 120 183 35
5122 5124 10
16
166 207 210 129 130 123 124 241 119 116 103 87 84 33 30 144
5124 5126 10
10
145 31 32 85 86 102 117 114 227 61
5126 5128 10
18
244 73 70 104 172 190 21 18 184 161 158 225 226 115 116 103 100 75
5132 5134 10
7
252 225 61 62 120 183 35
5136 5138 10
19
204 37 34 11 12 270 111 112 134 230 175 23 24 101 87 84 33 30 144
5147 5149 10
16
166 207 210 129 130 123 124 241 119 116 103 87 84 33 30 144
5148 5150 10
12
129 130 123 124 241 119 116 103 87 84 33 30
5156 5158 10
12
271 13 10 182 121 63 60 224 253 95 92 99
5157 5159 10
7
98 93 90 139 142 79 80
5162 5164 10
18
244 73 70 104 172 190 21 18 184 161 158 225 226 115 116 103 100 75
5179 5181 10
10
161 158 225 226 115 116 103 100 25 22
5184 5186 10
13
230 175 23 24 101 102 117 118 240 125 122 131 128
5185 5187 10
15
31 32 85 86 102 117 118 240 125 122 131 128 211 206 167
5189 5191 10
9
86 102 117 118 240 125 122 131 128
5190 5192 10
14
230 175 23 24 101 102 117 118 240 125 122 131 132 189
5195 5197 10
18
244 73 70 104 172 190 21 18 184 161 158 225 226 115 116 103 100 75
5198 5200 10
10
145 31 32 85 86 102 117 114 227 61
5212 5214 10
7
98 93 90 139 142 79 80
5215 5217 10
7
24 101 102 117 114 227 61
5227 5229 10
5
31 32 85 86 100
5284 5286 10
15
31 32 85 86 102 117 118 240 125 122 131 128 211 206 167
5288 5290 10
18
244 73 70 104 172 190 21 18 184 161 158 225 226 115 116 103 100 75
5295 5297 10
10
161 158 225 226 115 116 103 100 25 22
5296 5298 10
5
31 32 85 86 100
5310 5312 10
10
161 158 225 226 115 116 103 100 25 22
5313 5315 10
5
31 32 85 86 100
5313 5315 10
7
24 101 102 117 114 227 61
5317 5319 10
12
234 97 98 93 94 252 225 61 62 120 183 35
5319 5321 10
7
98 93 90 139 142 79 80
5327 5329 10
13
230 175 23 24 101 102 117 118 240 125 122 131 128
5328 5330 10
5
290 147 103 77 27
5330 5332 10
7
98 93 90 139 142 79 80
5334 5336 10
7
98 93 90 139 142 79 80
5343 5345 10
7
98 93 90 139 142 79 80
5344 5346 10
15
271 13 10 182 121 63 60 224 253 95 90 139 142 79 80
5356 5358 10
19
204 37 34 11 12 270 111 112 134 230 175 23 24 101 87 84 33 30 144
5362 5364 10
10
161 158 225 226 115 116 103 100 25 22
5363 5365 10
14
230 175 23 24 101 102 117 118 240 125 122 131 132 189
5370 5372 10
13
230 175 23 24 101 102 117 118 240 125 122 131 128
5374 5376 10
5
290 147 103 77 27
5383 5385 10
15
271 13 10 182 121 63 60 224 253 95 90 139 142 79 80
5396 5398 10
12
129 130 123 124 241 119 116 103 87 84 33 30
5400 5402 10
12
129 130 123 124 241 119 116 103 87 84 33 30
5426 5428 10
15
134 230 175 23 24 101 102 117 118 240 125 122 131 132 189
5428 5430 10
8
146 291 115 116 103 100 25 22
5437 5439 10
15
271 13 10 182 121 63 60 224 253 95 90 139 142 79 80
5444 5446 10
14
230 175 23 24 101 102 117 118 240 125 122 131 132 189
5444 5446 10
14
230 175 23 24 101 102 117 118 240 125 122 131 132 189
5447 5449 10
18
244 73 70 104 172 190 21 18 184 161 158 225 226 115 116 103 100 75
5451 5453 10
8
290 147 103 87 84 33 30 144
5461 5463 10
12
129 130 123 124 241 119 116 103 87 84 33 30
5471 5473 10
8
146 291 115 116 103 100 25 22
5471 5473 10
7
98 93 90 139 142 79 80
5474 5476 10
5
31 32 85 86 100
5477 5479 10
7
252 225 61 62 120 183 35
5483 5485 10
18
244 73 70 104 172 190 21 18 184 161 158 225 226 115 116 103 100 75
5487 5489 10
13
145 31 32 85 86 102 117 114 227 224 159 39 42
5499 5501 10
13
230 175 23 24 101 102 117 118 240 125 122 131 128
5500 5502 10
9
86 102 117 118 240 125 122 131 128
5503 5505 10
18
244 73 70 104 172 190 21 18 184 161 158 225 226 115 116 103 100 75
5505 5507 10
7
252 225 61 62 120 183 35
5521 5523 10
13
145 31 32 85 86 102 117 114 227 224 159 39 42
5523 5525 10
7
252 225 61 62 120 183 35
5525 5527 10
10
145 31 32 85 86 102 117 114 227 61
5526 5528 10
7
24 101 102 117 114 227 61
5529 5531 10
12
234 97 98 93 94 252 225 61 62 120 183 35
5541 5543 10
10
145 31 32 85 86 102 117 114 227 61
5541 5543 10
13
145 31 32 85 86 102 117 114 227 224 159 39 42
5543 5545 10
7
252 225 61 62 120 183 35
5574 5576 10
13
145 31 32 85 86 102 117 114 227 224 159 39 42
5587 5589 10
15
271 13 10 182 121 63 60 224 253 95 90 139 142 79 80
5590 5592 10
5
31 32 85 86 100
5591 5593 10
7
24 101 102 117 114 227 61
5597 5599 10
7
24 101 102 117 114 227 61
5604 5606 10
14
230 175 23 24 101 102 117 118 240 125 122 131 132 189
5608 5610 10
19
204 37 34 11 12 270 111 112 134 230 175 23 24 101 87 84 33 30 144
5614 5616 10
7
24 101 102 117 114 227 61
5626 5628 10
12
129 130 123 124 241 119 116 103 87 84 33 30
5627 5629 10
15
134 230 175 23 24 101 102 117 118 240 125 122 131 132 189
5632 5634 10
15
134 230 175 23 24 101 102 117 118 240 125 122 131 132 189
5660 5662 10
10
161 158 225 226 115 116 103 100 25 22
5668 5670 10
13
230 175 23 24 101 102 117 118 240 125 122 131 128
5673 5675 10
19
204 37 34 11 12 270 111 112 134 230 175 23 24 101 87 84 33 30 144
5675 5677 10
13
145 31 32 85 86 102 117 114 227 224 159 39 42
5677 5679 10
5
290 147 103 77 27
5682 5684 10
12
129 130 123 124 241 119 116 103 87 84 33 30
5684 5686 10
9
86 102 117 118 240 125 122 131 128
5690 5692 10
15
271 13 10 182 121 63 60 224 253 95 90 139 142 79 80
5692 5694 10
7
24 101 102 117 114 227 61
5695 5697 10
12
234 97 98 93 94 252 225 61 62 120 183 35
5702 5704 10
19
204 37 34 11 12 270 111 112 134 230 175 23 24 101 87 84 33 30 144
5704 5706 10
13
230 175 23 24 101 102 117 118 240 125 122 131 128
5717 5719 10
10
161 158 225 226 115 116 103 100 25 22
5719 5721 10
18
244 73 70 104 172 190 21 18 184 161 158 225 226 115 116 103 100 75
5720 5722 10
15
31 32 85 86 102 117 118 240 125 122 131 128 211 206 167
5724 5726 10
13
145 31 32 85 86 102 117 114 227 224 159 39 42
5734 5736 10
18
244 73 70 104 172 190 21 18 184 161 158 225 226 115 116 103 100 75
5735 5737 10
18
244 73 70 104 172 190 21 18 184 161 158 225 226 115 116 103 100 75
5739 5741 10
18
244 73 70 104 172 190 21 18 184 161 158 225 226 115 116 103 100 75
5752 5754 10
7
24 101 102 117 114 227 61
5764 5766 10
14
230 175 23 24 101 102 117 118 240 125 122 131 132 189
5775 5777 10
18
244 73 70 104 172 190 21 18 184 161 158 225 226 115 116 103 100 75
5783 5785 10
13
230 175 23 24 101 102 117 118 240 125 122 131 128
5808 5810 10
7
24 101 102 117 114 227 61
5813 5815 10
12
129 130 123 124 241 119 116 103 87 84 33 30
5817 5819 10
10
161 158 225 226 115 116 103 100 25 22
5832 5834 10
16
166 207 210 129 130 123 124 241 119 116 103 87 84 33 30 144
5842 5844 10
15
31 32 85 86 102 117 118 240 125 122 131 128 211 206 167
5847 5849 10
15
134 230 175 23 24 101 102 117 118 240 125 122 131 132 189
5849 5851 10
18
244 73 70 104 172 190 21 18 184 161 158 225 226 115 116 103 100 75
5849 5851 10
13
145 31 32 85 86 102 117 114 227 224 159 39 42
5859 5861 10
18
244 73 70 104 172 190 21 18 184 161 158 225 226 115 116 103 100 75
5860 5862 10
18
244 73 70 104 172 190 21 18 184 161 158 225 226 115 116 103 100 75
5869 5871 10
18
244 73 70 104 172 190 21 18 184 161 158 225 226 115 116 103 100 75
5879 5881 10
19
204 37 34 11 12 270 111 112 134 230 175 23 24 101 87 84 33 30 144
5883 5885 10
10
145 31 32 85 86 102 117 114 227 61
5884 5886 10
12
271 13 10 182 121 63 60 224 253 95 92 99
5891 5893 10
5
31 32 85 86 100
5901 5903 10
5
290 147 103 77 27
5907 5909 10
14
230 175 23 24 101 102 117 118 240 125 122 131 132 189
5912 5914 10
15
271 13 10 182 121 63 60 224 253 95 90 139 142 79 80
5912 5914 10
18
244 73 70 104 172 190 21 18 184 161 158 225 226 115 116 103 100 75
5924 5926 10
13
230 175 23 24 101 102 117 118 240 125 122 131 128
5931 5933 10
18
244 73 70 104 172 190 21 18 184 161 158 225 226 115 116 103 100 75
5935 5937 10
8
290 147 103 87 84 33 30 144
5938 5940 10
18
244 73 70 104 172 190 21 18 184 161 158 225 226 115 116 103 100 75
5946 5948 10
7
98 93 90 139 142 79 80
5955 5957 10
7
24 101 102 117 114 227 61
5956 5958 10
7
252 225 61 62 120 183 35
5959 5961 10
5
31 32 85 86 100
5964 5966 10
13
230 175 23 24 101 102 117 118 240 125 122 131 128
5964 5966 10
7
24 101 102 117 114 227 61
5967 5969 10
13
145 31 32 85 86 102 117 114 227 224 159 39 42
5970 5972 10
10
161 158 225 226 115 116 103 100 25 22
5973 5975 10
10
161 158 225 226 115 116 103 100 25 22
5987 5989 10
16
166 207 210 129 130 123 124 241 119 116 103 87 84 33 30 144
5993 5995 10
7
24 101 102 117 114 227 61
5997 5999 10
7
252 225 61 62 120 183 35
5999 6001 10
7
98 93 90 139 142 79 80
5999 6001 10
18
244 73 70 104 172 190 21 18 184 161 158 225 226 115 116 103 100 75
6001 6003 10
8
182 121 124 241 119 116 146 289
6010 6012 10
14
270 111 112 134 230 175 23 24 101 87 84 33 30 144
6011 6013 10
5
101 87 84 33 30
6021 6023 10
14
174 231 135 113 110 271 13 10 182 121 122 131 132 189
6027 6029 10
12
31 32 85 86 102 117 114 227 224 159 160 41
6027 6029 10
5
101 87 84 33 30
6039 6041 10
5
101 87 84 33 30
6043 6045 10
12
101 87 84 33 30 144 81 78 143 140 163 164
6044 6046 10
8
146 291 115 116 103 87 84 33
6048 6050 10
8
182 121 124 241 119 116 146 289
6051 6053 10
5
101 87 84 33 30
6053 6055 10
12
101 87 84 33 30 144 81 78 143 140 163 164
6054 6056 10
14
174 231 135 113 110 271 13 10 182 121 122 131 132 189
6056 6058 10
12
31 32 85 86 102 117 118 240 125 122 131 132
6062 6064 10
15
190 21 18 184 161 158 225 226 115 116 103 87 84 33 30
6063 6065 10
13
214 21 18 184 161 158 225 226 115 116 103 100 75
6067 6069 10
11
231 135 113 110 271 13 10 182 121 122 131
6071 6073 10
13
214 21 18 184 161 158 225 226 115 116 103 100 75
6073 6075 10
13
145 31 32 85 86 100 25 22 174 231 135 113 110
6075 6077 10
8
182 121 124 241 119 116 146 289
6082 6084 10
8
146 291 115 116 103 87 84 33
6084 6086 10
13
214 21 18 184 161 158 225 226 115 116 103 100 75
6090 6092 10
8
227 61 62 120 183 35 36 205
6099 6101 10
8
146 291 115 116 103 87 84 33
6105 6107 10
12
31 32 85 86 102 117 114 227 224 159 160 41
6110 6112 10
18
172 190 21 18 184 161 158 225 226 115 116 103 100 25 22 174 231 135
6131 6133 10
15
190 21 18 184 161 158 225 226 115 116 103 87 84 33 30
6141 6143 10
8
146 291 115 116 103 87 84 33
6149 6151 10
6
182 121 122 131 126 214
6155 6157 10
13
214 21 18 184 161 158 225 226 115 116 103 100 75
6159 6161 10
13
214 21 18 184 161 158 225 226 115 116 103 100 75
6164 6166 10
12
31 32 85 86 102 117 114 227 224 159 160 41
6164 6166 10
11
231 135 113 110 271 13 10 182 121 122 131
6174 6176 10
13
145 31 32 85 86 100 25 22 174 231 135 113 110
6196 6198 10
11
231 135 113 110 271 13 10 182 121 122 131
6197 6199 10
15
190 21 18 184 161 158 225 226 115 116 103 87 84 33 30
6197 6199 10
6
182 121 122 131 126 214
6200 6202 10
14
270 111 112 134 230 175 23 24 101 87 84 33 30 144
6201 6203 10
11
231 135 113 110 271 13 10 182 121 122 131
6214 6216 10
8
204 37 34 182 121 63 60 224
6218 6220 10
8
146 291 115 116 103 87 84 33
6218 6220 10
13
145 31 32 85 86 100 25 22 174 231 135 113 110
6221 6223 10
14
174 231 135 113 110 271 13 10 182 121 122 131 132 189
6225 6227 10
13
214 21 18 184 161 158 225 226 115 116 103 100 75
6227 6229 10
13
145 31 32 85 86 100 25 22 174 231 135 113 110
6230 6232 10
10
256 73 70 104 170 127 130 123 120 183
6236 6238 10
14
174 231 135 113 110 271 13 10 182 121 122 131 132 189
6252 6254 10
15
190 21 18 184 161 158 225 226 115 116 103 87 84 33 30
6265 6267 10
6
182 121 122 131 126 214
6270 6272 10
13
214 21 18 184 161 158 225 226 115 116 103 100 75
6274 6276 10
13
214 21 18 184 161 158 225 226 115 116 103 100 75
6282 6284 10
20
145 31 32 85 86 100 25 22 174 231 135 113 110 271 13 10 35 36 205 5
6282 6284 10
20
174 231 135 113 110 271 13 10 182 121 63 60 224 253 95 90 139 142 79 80
6283 6285 10
13
214 21 18 184 161 158 225 226 115 116 103 100 75
6292 6294 10
10
256 73 70 104 170 127 130 123 120 183
6295 6297 10
8
146 291 115 116 103 87 84 33
6300 6302 10
8
182 121 124 241 119 116 146 289
6302 6304 10
14
270 111 112 134 230 175 23 24 101 87 84 33 30 144
6304 6306 10
5
101 87 84 33 30
6313 6315 10
13
214 21 18 184 161 158 225 226 115 116 103 100 75
6315 6317 10
11
231 135 113 110 271 13 10 182 121 122 131
6315 6317 10
14
270 111 112 134 230 175 23 24 101 87 84 33 30 144
6321 6323 10
8
182 121 124 241 119 116 146 289
6325 6327 10
8
182 121 124 241 119 116 146 289
6325 6327 10
8
204 37 34 182 121 63 60 224
6325 6327 10
14
174 231 135 113 110 271 13 10 182 121 122 131 132 189
6328 6330 10
8
182 121 124 241 119 116 146 289
6330 6332 10
8
204 37 34 182 121 63 60 224
6332 6334 10
5
101 87 84 33 30
6335 6337 10
20
145 31 32 85 86 100 25 22 174 231 135 113 110 271 13 10 35 36 205 5
6339 6341 10
13
214 21 18 184 161 158 225 226 115 116 103 100 75
6345 6347 10
13
145 31 32 85 86 100 25 22 174 231 135 113 110
6346 6348 10
13
214 21 18 184 161 158 225 226 115 116 103 100 75
6347 6349 10
8
204 37 34 182 121 63 60 224
6348 6350 10
8
227 61 62 120 183 35 36 205
6352 6354 10
5
101 87 84 33 30
6357 6359 10
8
182 121 124 241 119 116 146 289
6362 6364 10
17
174 231 135 113 110 271 13 10 182 121 63 60 224 253 95 90 139
6362 6364 10
14
210 129 130 123 124 241 119 116 103 87 84 33 30 144
6390 6392 10
15
190 21 18 184 161 158 225 226 115 116 103 87 84 33 30
6400 6402 10
14
210 129 130 123 124 241 119 116 103 87 84 33 30 144
6419 6421 10
13
145 31 32 85 86 100 25 22 174 231 135 113 110
6424 6426 10
13
214 21 18 184 161 158 225 226 115 116 103 100 75
6426 6428 10
13
214 21 18 184 161 158 225 226 115 116 103 100 75
6443 6445 10
5
24 101 102 117 118
6460 6462 10
19
145 31 32 85 86 102 117 114 227 224 159 160 185 19 20 215 212 217 45
6462 6464 10
20
145 31 32 85 86 100 25 22 174 231 135 113 110 271 13 10 35 36 205 5
6463 6465 10
8
227 61 62 120 183 35 36 205
6468 6470 10
14
174 231 135 113 110 271 13 10 182 121 122 131 132 189
6485 6487 10
8
146 291 115 116 103 87 84 33
6487 6489 10
8
227 61 62 120 183 35 36 205
6491 6493 10
8
146 291 115 116 103 87 84 33
6492 6494 10
8
227 61 62 120 183 35 36 205
6496 6498 10
8
182 121 124 241 119 116 146 289
6503 6505 10
19
145 31 32 85 86 102 117 114 227 224 159 160 185 19 20 215 212 217 45
6507 6509 10
14
174 231 135 113 110 271 13 10 182 121 122 131 132 189
6516 6518 10
8
146 291 115 116 103 87 84 33
6519 6521 10
14
174 231 135 113 110 271 13 10 182 121 122 131 132 189
6527 6529 10
14
210 129 130 123 124 241 119 116 103 87 84 33 30 144
6537 6539 10
12
31 32 85 86 102 117 118 240 125 122 131 132
6540 6542 10
15
190 21 18 184 161 158 225 226 115 116 103 87 84 33 30
6546 6548 10
13
145 31 32 85 86 100 25 22 174 231 135 113 110
6551 6553 10
13
214 21 18 184 161 158 225 226 115 116 103 100 75
6564 6566 10
8
146 291 115 116 103 87 84 33
6565 6567 10
8
146 291 115 116 103 87 84 33
6576 6578 10
8
227 61 62 120 183 35 36 205
6581 6583 10
8
204 37 34 182 121 63 60 224
6587 6589 10
8
182 121 124 241 119 116 146 289
6596 6598 10
13
214 21 18 184 161 158 225 226 115 116 103 100 75
6627 6629 10
14
270 111 112 134 230 175 23 24 101 87 84 33 30 144
6651 6653 10
14
174 231 135 113 110 271 13 10 182 121 122 131 132 189
6658 6660 10
8
146 291 115 116 103 87 84 33
6661 6663 10
12
31 32 85 86 102 117 114 227 224 159 160 41
6664 6666 10
14
210 129 130 123 124 241 119 116 103 87 84 33 30 144
6672 6674 10
8
182 121 124 241 119 116 146 289
6672 6674 10
8
227 61 62 120 183 35 36 205
6681 6683 10
14
174 231 135 113 110 271 13 10 182 121 122 131 132 189
6683 6685 10
11
231 135 113 110 271 13 10 182 121 122 131
6691 6693 10
8
182 121 124 241 119 116 146 289
6697 6699 10
8
204 37 34 182 121 63 60 224
6707 6709 10
10
256 73 70 104 170 127 130 123 120 183
6709 6711 10
14
270 111 112 134 230 175 23 24 101 87 84 33 30 144
6710 6712 10
13
214 21 18 184 161 158 225 226 115 116 103 100 75
6718 6720 10
12
101 87 84 33 30 144 81 78 143 140 163 164
6718 6720 10
6
182 121 122 131 126 214
6721 6723 10
8
227 61 62 120 183 35 36 205
6731 6733 10
13
214 21 18 184 161 158 225 226 115 116 103 100 75
6732 6734 10
15
190 21 18 184 161 158 225 226 115 116 103 87 84 33 30
6732 6734 10
18
172 190 21 18 184 161 158 225 226 115 116 103 100 25 22 174 231 135
6734 6736 10
11
231 135 113 110 271 13 10 182 121 122 131
6741 6743 10
14
174 231 135 113 110 271 13 10 182 121 122 131 132 189
6744 6746 10
20
145 31 32 85 86 100 25 22 174 231 135 113 110 271 13 10 35 36 205 5
6745 6747 10
20
174 231 135 113 110 271 13 10 182 121 63 60 224 253 95 90 139 142 79 80
6754 6756 10
10
256 73 70 104 170 127 130 123 120 183
6755 6757 10
14
174 231 135 113 110 271 13 10 182 121 122 131 132 189
6761 6763 10
8
146 291 115 116 103 87 84 33
6768 6770 10
13
214 21 18 184 161 158 225 226 115 116 103 100 75
6769 6771 10
13
145 31 32 85 86 100 25 22 174 231 135 113 110
6771 6773 10
8
182 121 124 241 119 116 146 289
6775 6777 10
14
270 111 112 134 230 175 23 24 101 87 84 33 30 144
6777 6779 10
14
174 231 135 113 110 271 13 10 182 121 122 131 132 189
6778 6780 10
13
214 21 18 184 161 158 225 226 115 116 103 100 75
6781 6783 10
19
145 31 32 85 86 102 117 114 227 224 159 160 185 19 20 215 212 217 45
6791 6793 10
5
101 87 84 33 30
6793 6795 10
15
190 21 18 184 161 158 225 226 115 116 103 87 84 33 30
6798 6800 10
5
101 87 84 33 30
6799 6801 10
14
270 111 112 134 230 175 23 24 101 87 84 33 30 144
6800 6802 10
8
146 291 115 116 103 87 84 33
6805 6807 10
8
204 37 34 182 121 63 60 224
6808 6810 10
8
146 291 115 116 103 87 84 33
6813 6815 10
8
146 291 115 116 103 87 84 33
6815 6817 10
8
227 61 62 120 183 35 36 205
6815 6817 10
13
214 21 18 184 161 158 225 226 115 116 103 100 75
6823 6825 10
12
31 32 85 86 102 117 118 240 125 122 131 132
6826 6828 10
17
174 231 135 113 110 271 13 10 182 121 63 60 224 253 95 90 139
6832 6834 10
14
270 111 112 134 230 175 23 24 101 87 84 33 30 144
6835 6837 10
6
182 121 122 131 126 214
6839 6841 10
14
270 111 112 134 230 175 23 24 101 87 84 33 30 144
6840 6842 10
13
214 21 18 184 161 158 225 226 115 116 103 100 75
6841 6843 10
8
204 37 34 182 121 63 60 224
6857 6859 10
14
174 231 135 113 110 271 13 10 182 121 122 131 132 189
6861 6863 10
20
145 31 32 85 86 100 25 22 174 231 135 113 110 271 13 10 35 36 205 5
6871 6873 10
13
214 21 18 184 161 158 225 226 115 116 103 100 75
6881 6883 10
13
214 21 18 184 161 158 225 226 115 116 103 100 75
6883 6885 10
6
182 121 122 131 126 214
6883 6885 10
13
214 21 18 184 161 158 225 226 115 116 103 100 75
6886 6888 10
8
204 37 34 182 121 63 60 224
6893 6895 10
14
174 231 135 113 110 271 13 10 182 121 122 131 132 189
6893 6895 10
19
145 31 32 85 86 102 117 114 227 224 159 160 185 19 20 215 212 217 45
6926 6928 10
14
174 231 135 113 110 271 13 10 182 121 122 131 132 189
6929 6931 10
15
190 21 18 184 161 158 225 226 115 116 103 87 84 33 30
6934 6936 10
12
31 32 85 86 102 117 114 227 224 159 160 41
6943 6945 10
8
204 37 34 182 121 63 60 224
6946 6948 10
8
204 37 34 182 121 63 60 224
6948 6950 10
20
145 31 32 85 86 100 25 22 174 231 135 113 110 271 13 10 35 36 205 5
6949 6951 10
13
214 21 18 184 161 158 225 226 115 116 103 100 75
6964 6966 10
19
145 31 32 85 86 102 117 114 227 224 159 160 185 19 20 215 212 217 45
6965 6967 10
11
231 135 113 110 271 13 10 182 121 122 131
6965 6967 10
14
270 111 112 134 230 175 23 24 101 87 84 33 30 144
6968 6970 10
18
172 190 21 18 184 161 158 225 226 115 116 103 100 25 22 174 231 135
6971 6973 10
8
146 291 115 116 103 87 84 33
6971 6973 10
8
204 37 34 182 121 63 60 224
6975 6977 10
12
31 32 85 86 102 117 114 227 224 159 160 41
6984 6986 10
14
174 231 135 113 110 271 13 10 182 121 122 131 132 189
6985 6987 10
8
146 291 115 116 103 87 84 33
6989 6991 10
8
227 61 62 120 183 35 36 205
6996 6998 10
14
174 231 135 113 110 271 13 10 182 121 122 131 132 189
7015 7017 10
12
31 32 85 86 102 117 114 227 224 159 160 41
7031 7033 10
10
256 73 70 104 170 127 130 123 120 183
7044 7046 10
20
174 231 135 113 110 271 13 10 182 121 63 60 224 253 95 90 139 142 79 80
7047 7049 10
14
270 111 112 134 230 175 23 24 101 87 84 33 30 144
7051 7053 10
13
145 31 32 85 86 100 25 22 174 231 135 113 110
7056 7058 10
12
31 32 85 86 102 117 118 240 125 122 131 132
7057 7059 10
11
231 135 113 110 271 13 10 182 121 122 131
7059 7061 10
13
145 31 32 85 86 100 25 22 174 231 135 113 110
7062 7064 10
18
172 190 21 18 184 161 158 225 226 115 116 103 100 25 22 174 231 135
7078 7080 10
8
146 291 115 116 103 87 84 33
7092 7094 10
12
12 270 111 112 134 230 175 23 24 101 102 146
7094 7096 10
8
146 291 115 116 103 87 84 33
7096 7098 10
12
31 32 85 86 102 117 114 227 224 159 160 41
7110 7112 10
8
146 291 115 116 103 87 84 33
7115 7117 10
13
214 21 18 184 161 158 225 226 115 116 103 100 75
7122 7124 10
8
182 121 124 241 119 116 146 289
7129 7131 10
13
214 21 18 184 161 158 225 226 115 116 103 100 75
7134 7136 10
12
31 32 85 86 102 117 114 227 224 159 160 41
7134 7136 10
13
214 21 18 184 161 158 225 226 115 116 103 100 75
7156 7158 10
5
101 87 84 33 30
7157 7159 10
20
145 31 32 85 86 100 25 22 174 231 135 113 110 271 13 10 35 36 205 5
7159 7161 10
6
182 121 122 131 126 214
7163 7165 10
14
174 231 135 113 110 271 13 10 182 121 122 131 132 189
7181 7183 10
13
214 21 18 184 161 158 225 226 115 116 103 100 75
7190 7192 10
8
146 291 115 116 103 87 84 33
7194 7196 10
14
270 111 112 134 230 175 23 24 101 87 84 33 30 144
7195 7197 10
5
101 87 84 33 30
7195 7197 10
14
210 129 130 123 124 241 119 116 103 87 84 33 30 144
7196 7198 10
14
174 231 135 113 110 271 13 10 182 121 122 131 132 189
