124
53.2192955 6.5422964 1 1
53.2337723 6.5641975 2 1
53.2058487 6.5820618 3 1
53.2127113 6.542079 4 1
53.2079697 6.5942297 5 1
53.2058563 6.563046 6 1
53.2299232 6.5422001 7 1
53.2147026 6.5770068 8 1
53.2061844 6.562696 9 1
53.2286644 6.5422163 10 1
53.2352524 6.5652046 11 1
53.2324829 6.5604343 12 1
53.2308922 6.5425854 13 1
53.2058411 6.5876527 14 1
53.2081223 6.5614762 15 1
53.2081985 6.5618587 16 1
53.2297859 6.5424418 17 1
53.2295036 6.5575676 18 1
53.2332573 6.5553608 19 1
53.211731 6.5879831 20 1
53.2118721 6.5881686 21 1
53.2081032 6.5915308 22 1
53.2099571 6.5468955 23 1
53.2058258 6.5839677 24 1
53.2241211 6.5644636 25 1
53.2138329 6.5974531 26 1
53.2307587 6.5421233 27 1
53.2090874 6.5428262 28 1
53.214695 6.5511293 29 1
53.2099953 6.5481076 30 1
53.21278 6.559195 31 1
53.2134056 6.5970988 32 1
53.2186699 6.5938439 33 1
53.2225151 6.5659781 34 1
53.2145007 6.5775583 35 1
53.2183657 6.5562192 36 1
53.21709 6.5501104 37 1
53.2156974 6.5818447 38 1
53.2281443 6.5600246 39 1
53.2136221 6.5945744 40 1
53.2205411 6.5773969 41 1
53.2195378 6.596865 42 1
53.2265501 6.5717491 43 1
53.2297256 6.5674219 44 1
53.21285 6.5949344 45 1
53.2147313 6.551953 46 1
53.2121976 6.5705145 47 1
53.2189331 6.5784148 48 1
53.2061455 6.573796 49 1
53.211129 6.5562754 50 1
53.2225414 6.5665119 51 1
53.2314784 6.5964252 52 1
53.2146335 6.550607 53 1
53.2334626 6.5563433 54 1
53.2266846 6.5608618 55 1
53.2087015 6.5928102 56 1
53.217186 6.5505399 57 1
53.2222144 6.589176 58 1
53.2231688 6.5655914 59 1
53.2068405 6.597307 60 1
53.2261304 6.5612012 61 1
53.2287697 6.5429538 62 1
53.2294935 6.5927069 63 1
53.2319517 6.5628882 64 1
53.2269471 6.561487 65 1
53.2289594 6.5607543 66 1
53.2106385 6.5494187 67 1
53.2099045 6.5475515 68 1
53.2234772 6.5700338 69 1
53.2103661 6.5957232 70 1
53.2162811 6.5574654 71 1
53.2147832 6.5495641 72 1
53.2212477 6.578638 73 1
53.2310969 6.5538543 74 1
53.213902 6.5558667 75 1
53.2220709 6.5652597 76 1
53.2327521 6.5531454 77 1
53.2285891 6.5605825 78 1
53.2120636 6.5555573 79 1
53.2195009 6.5483762 80 1
53.2114889 6.5437595 81 1
53.2220345 6.5684498 82 1
53.2313228 6.545332 83 1
53.2193518 6.5558596 84 1
53.2190675 6.591234 85 1
53.2261431 6.5618311 86 1
53.2163876 6.547528 87 1
53.2209068 6.5475883 88 1
53.2121696 6.5615673 89 1
53.2317134 6.5631704 90 1
53.2097874 6.5935134 91 1
53.218298 6.5926267 92 1
53.2066889 6.5581936 93 1
53.2094517 6.5479164 94 1
53.227184 6.570888 95 1
53.2058093 6.5740552 96 1
53.2170486 6.5744624 97 1
53.2202581 6.5758499 98 1
53.2067706 6.5972705 99 1
53.2360086 6.5656745 100 1
53.226165 6.5948499 101 1
53.2226931 6.5661892 102 1
53.2181698 6.5772497 103 1
53.2205486 6.5834446 104 1
53.2372437 6.554529 105 1
53.2310524 6.5540892 106 1
53.2075435 6.561733 107 1
53.2059174 6.5581104 108 1
53.2261009 6.5723526 109 1
53.2358297 6.5922224 110 1
53.2094803 6.5478031 111 1
53.2118263 6.5707592 112 1
53.2196739 6.5907424 113 1
53.2133618 6.5424504 114 1
53.2101509 6.5493389 115 1
53.211132 6.5891804 116 1
53.2124316 6.5711807 117 1
53.2308464 6.5421066 118 1
53.2132263 6.5422574 119 1
53.2254491 6.5930603 120 1
53.2301426 6.5616501 121 1
53.2128124 6.5422124 122 1
53.2246151 6.5678051 123 1
53.2059212 6.5582312 124 1
147
110 110 0.0 16.67 3 3 2 3
1 0 0 0 1 0 0 0 1
1 0 0 0 1 0 0 0 1
110 63 425.1448508573202 16.67 3 3 4 5
1 0 0 0 1 0 0 0 1
1 0 0 0 1 0 0 0 1
112 47 36.76733992000907 16.67 3 3 6 7
1 0 0 0 1 0 0 0 1
1 0 0 0 1 0 0 0 1
112 49 507.10598370733965 16.67 3 3 8 9
1 0 0 0 1 0 0 0 1
1 0 0 0 1 0 0 0 1
113 58 242.80261477934448 16.67 3 3 10 11
1 0 0 0 1 0 0 0 1
1 0 0 0 1 0 0 0 1
113 85 67.9604405553294 16.67 3 3 12 13
1 0 0 0 1 0 0 0 1
1 0 0 0 1 0 0 0 1
115 30 137.31431914720028 16.67 3 3 14 15
1 0 0 0 1 0 0 0 1
1 0 0 0 1 0 0 0 1
115 67 33.66323307435186 16.67 3 3 16 17
1 0 0 0 1 0 0 0 1
1 0 0 0 1 0 0 0 1
25 59 140.52755961868576 16.67 3 3 18 19
1 0 0 0 1 0 0 0 1
1 0 0 0 1 0 0 0 1
25 86 322.20653624917253 16.67 3 3 20 21
1 0 0 0 1 0 0 0 1
1 0 0 0 1 0 0 0 1
116 56 434.8838696692359 16.67 3 3 22 23
1 0 0 0 1 0 0 0 1
1 0 0 0 1 0 0 0 1
116 21 122.83570799916752 16.67 3 3 24 25
1 0 0 0 1 0 0 0 1
1 0 0 0 1 0 0 0 1
116 20 138.98927529445916 16.67 3 3 26 27
1 0 0 0 1 0 0 0 1
1 0 0 0 1 0 0 0 1
30 68 62.13426508807268 16.67 3 3 28 29
1 0 0 0 1 0 0 0 1
1 0 0 0 1 0 0 0 1
117 47 75.70376312759278 16.67 3 3 30 31
1 0 0 0 1 0 0 0 1
1 0 0 0 1 0 0 0 1
117 8 665.2897982733072 16.67 3 3 32 33
1 0 0 0 1 0 0 0 1
1 0 0 0 1 0 0 0 1
120 58 482.64471939264604 16.67 3 3 34 35
1 0 0 0 1 0 0 0 1
1 0 0 0 1 0 0 0 1
120 101 204.6340811176603 16.67 3 3 36 37
1 0 0 0 1 0 0 0 1
1 0 0 0 1 0 0 0 1
34 51 59.38533298245253 16.67 3 3 38 39
1 0 0 0 1 0 0 0 1
1 0 0 0 1 0 0 0 1
34 102 26.29643955209011 16.67 3 3 40 41
1 0 0 0 1 0 0 0 1
1 0 0 0 1 0 0 0 1
34 76 85.18565575954665 16.67 3 3 42 43
1 0 0 0 1 0 0 0 1
1 0 0 0 1 0 0 0 1
121 66 126.98925727101224 16.67 3 3 44 45
1 0 0 0 1 0 0 0 1
1 0 0 0 1 0 0 0 1
121 90 198.78223272480727 16.67 3 3 46 47
1 0 0 0 1 0 0 0 1
1 0 0 0 1 0 0 0 1
121 64 182.91365101982421 16.67 3 3 48 49
1 0 0 0 1 0 0 0 1
1 0 0 0 1 0 0 0 1
19 77 248.64077740968037 16.67 3 3 50 51
1 0 0 0 1 0 0 0 1
1 0 0 0 1 0 0 0 1
19 54 110.10699460332366 16.67 3 3 52 53
1 0 0 0 1 0 0 0 1
1 0 0 0 1 0 0 0 1
13 118 53.33062468672324 16.67 3 3 54 55
1 0 0 0 1 0 0 0 1
1 0 0 0 1 0 0 0 1
13 27 52.1490538966619 16.67 3 3 56 57
1 0 0 0 1 0 0 0 1
1 0 0 0 1 0 0 0 1
13 83 306.76879499335735 16.67 3 3 58 59
1 0 0 0 1 0 0 0 1
1 0 0 0 1 0 0 0 1
123 69 259.1547572953636 16.67 3 3 60 61
1 0 0 0 1 0 0 0 1
1 0 0 0 1 0 0 0 1
123 43 457.1073894445148 16.67 3 3 62 63
1 0 0 0 1 0 0 0 1
1 0 0 0 1 0 0 0 1
22 56 147.74626644030897 16.67 3 3 64 65
1 0 0 0 1 0 0 0 1
1 0 0 0 1 0 0 0 1
22 14 456.8096997581802 16.67 3 3 66 67
1 0 0 0 1 0 0 0 1
1 0 0 0 1 0 0 0 1
18 74 426.3289791501784 16.67 3 3 68 69
1 0 0 0 1 0 0 0 1
1 0 0 0 1 0 0 0 1
18 39 287.81600121299005 16.67 3 3 70 71
1 0 0 0 1 0 0 0 1
1 0 0 0 1 0 0 0 1
18 106 400.3084319109622 16.67 3 3 72 73
1 0 0 0 1 0 0 0 1
1 0 0 0 1 0 0 0 1
20 21 22.667263318141167 16.67 3 3 74 75
1 0 0 0 1 0 0 0 1
1 0 0 0 1 0 0 0 1
20 38 731.924754725147 16.67 3 3 76 77
1 0 0 0 1 0 0 0 1
1 0 0 0 1 0 0 0 1
31 75 377.5793709405093 16.67 3 3 78 79
1 0 0 0 1 0 0 0 1
1 0 0 0 1 0 0 0 1
31 89 266.9172530461587 16.67 3 3 80 81
1 0 0 0 1 0 0 0 1
1 0 0 0 1 0 0 0 1
35 24 917.4345299688312 16.67 3 3 82 83
1 0 0 0 1 0 0 0 1
1 0 0 0 1 0 0 0 1
35 8 62.7841708089348 16.67 3 3 84 85
1 0 0 0 1 0 0 0 1
1 0 0 0 1 0 0 0 1
35 38 483.2706460680007 16.67 3 3 86 87
1 0 0 0 1 0 0 0 1
1 0 0 0 1 0 0 0 1
36 84 76.87706263344894 16.67 3 3 88 89
1 0 0 0 1 0 0 0 1
1 0 0 0 1 0 0 0 1
36 71 196.1377405436155 16.67 3 3 90 91
1 0 0 0 1 0 0 0 1
1 0 0 0 1 0 0 0 1
36 57 636.4143433364164 16.67 3 3 92 93
1 0 0 0 1 0 0 0 1
1 0 0 0 1 0 0 0 1
36 76 1035.148325807783 16.67 3 3 94 95
1 0 0 0 1 0 0 0 1
1 0 0 0 1 0 0 0 1
37 87 290.95119392069444 16.67 3 3 96 97
1 0 0 0 1 0 0 0 1
1 0 0 0 1 0 0 0 1
37 57 48.187030678161385 16.67 3 3 98 99
1 0 0 0 1 0 0 0 1
1 0 0 0 1 0 0 0 1
38 21 747.939158001797 16.67 3 3 100 101
1 0 0 0 1 0 0 0 1
1 0 0 0 1 0 0 0 1
38 48 438.06047509089575 16.67 3 3 102 103
1 0 0 0 1 0 0 0 1
1 0 0 0 1 0 0 0 1
39 55 134.570982808513 16.67 3 3 104 105
1 0 0 0 1 0 0 0 1
1 0 0 0 1 0 0 0 1
39 78 68.74325867766824 16.67 3 3 106 107
1 0 0 0 1 0 0 0 1
1 0 0 0 1 0 0 0 1
40 26 320.42421146422856 16.67 3 3 108 109
1 0 0 0 1 0 0 0 1
1 0 0 0 1 0 0 0 1
40 92 379.29438887971037 16.67 3 3 110 111
1 0 0 0 1 0 0 0 1
1 0 0 0 1 0 0 0 1
40 45 65.16234455751571 16.67 3 3 112 113
1 0 0 0 1 0 0 0 1
1 0 0 0 1 0 0 0 1
41 98 173.05798183143216 16.67 3 3 114 115
1 0 0 0 1 0 0 0 1
1 0 0 0 1 0 0 0 1
41 48 155.80331221328598 16.67 3 3 116 117
1 0 0 0 1 0 0 0 1
1 0 0 0 1 0 0 0 1
41 73 145.8107340821973 16.67 3 3 118 119
1 0 0 0 1 0 0 0 1
1 0 0 0 1 0 0 0 1
43 104 1360.5438502210968 16.67 3 3 120 121
1 0 0 0 1 0 0 0 1
1 0 0 0 1 0 0 0 1
43 95 104.64216205500324 16.67 3 3 122 123
1 0 0 0 1 0 0 0 1
1 0 0 0 1 0 0 0 1
43 109 73.47126173876836 16.67 3 3 124 125
1 0 0 0 1 0 0 0 1
1 0 0 0 1 0 0 0 1
44 65 685.3980556795983 16.67 3 3 126 127
1 0 0 0 1 0 0 0 1
1 0 0 0 1 0 0 0 1
44 90 490.94229031379103 16.67 3 3 128 129
1 0 0 0 1 0 0 0 1
1 0 0 0 1 0 0 0 1
44 95 420.9332802440872 16.67 3 3 130 131
1 0 0 0 1 0 0 0 1
1 0 0 0 1 0 0 0 1
44 100 461.17163358755414 16.67 3 3 132 133
1 0 0 0 1 0 0 0 1
1 0 0 0 1 0 0 0 1
45 70 187.22789130500468 16.67 3 3 134 135
1 0 0 0 1 0 0 0 1
1 0 0 0 1 0 0 0 1
45 32 243.5123214452107 16.67 3 3 136 137
1 0 0 0 1 0 0 0 1
1 0 0 0 1 0 0 0 1
46 71 621.6152596888242 16.67 3 3 138 139
1 0 0 0 1 0 0 0 1
1 0 0 0 1 0 0 0 1
46 29 91.62879985995437 16.67 3 3 140 141
1 0 0 0 1 0 0 0 1
1 0 0 0 1 0 0 0 1
46 75 438.6999772697621 16.67 3 3 142 143
1 0 0 0 1 0 0 0 1
1 0 0 0 1 0 0 0 1
47 89 994.9463650404458 16.67 3 3 144 145
1 0 0 0 1 0 0 0 1
1 0 0 0 1 0 0 0 1
48 103 139.1727964221035 16.67 3 3 146 147
1 0 0 0 1 0 0 0 1
1 0 0 0 1 0 0 0 1
48 97 457.0740371294796 16.67 3 3 148 149
1 0 0 0 1 0 0 0 1
1 0 0 0 1 0 0 0 1
49 3 919.3842595499917 16.67 3 3 150 151
1 0 0 0 1 0 0 0 1
1 0 0 0 1 0 0 0 1
49 96 36.499204429069124 16.67 3 3 152 153
1 0 0 0 1 0 0 0 1
1 0 0 0 1 0 0 0 1
50 79 101.24457156492929 16.67 3 3 154 155
1 0 0 0 1 0 0 0 1
1 0 0 0 1 0 0 0 1
50 93 364.598645520478 16.67 3 3 156 157
1 0 0 0 1 0 0 0 1
1 0 0 0 1 0 0 0 1
51 82 218.12450017838398 16.67 3 3 158 159
1 0 0 0 1 0 0 0 1
1 0 0 0 1 0 0 0 1
51 102 37.27902902184326 16.67 3 3 160 161
1 0 0 0 1 0 0 0 1
1 0 0 0 1 0 0 0 1
53 29 58.22489244131324 16.67 3 3 162 163
1 0 0 0 1 0 0 0 1
1 0 0 0 1 0 0 0 1
53 72 116.39997811843261 16.67 3 3 164 165
1 0 0 0 1 0 0 0 1
1 0 0 0 1 0 0 0 1
54 12 459.57630322070275 16.67 3 3 166 167
1 0 0 0 1 0 0 0 1
1 0 0 0 1 0 0 0 1
54 105 322.55719232740296 16.67 3 3 168 169
1 0 0 0 1 0 0 0 1
1 0 0 0 1 0 0 0 1
55 65 71.6859047458446 16.67 3 3 170 171
1 0 0 0 1 0 0 0 1
1 0 0 0 1 0 0 0 1
55 61 52.77870701970619 16.67 3 3 172 173
1 0 0 0 1 0 0 0 1
1 0 0 0 1 0 0 0 1
56 91 106.51263964521706 16.67 3 3 174 175
1 0 0 0 1 0 0 0 1
1 0 0 0 1 0 0 0 1
56 5 165.2035869671361 16.67 3 3 176 177
1 0 0 0 1 0 0 0 1
1 0 0 0 1 0 0 0 1
23 68 73.03243068990372 16.67 3 3 178 179
1 0 0 0 1 0 0 0 1
1 0 0 0 1 0 0 0 1
23 28 456.20506526289984 16.67 3 3 180 181
1 0 0 0 1 0 0 0 1
1 0 0 0 1 0 0 0 1
58 104 646.9194411467859 16.67 3 3 182 183
1 0 0 0 1 0 0 0 1
1 0 0 0 1 0 0 0 1
59 102 73.63512554937752 16.67 3 3 184 185
1 0 0 0 1 0 0 0 1
1 0 0 0 1 0 0 0 1
11 2 149.1532049971685 16.67 3 3 186 187
1 0 0 0 1 0 0 0 1
1 0 0 0 1 0 0 0 1
11 100 72.55104163731401 16.67 3 3 188 189
1 0 0 0 1 0 0 0 1
1 0 0 0 1 0 0 0 1
61 86 70.05110709634214 16.67 3 3 190 191
1 0 0 0 1 0 0 0 1
1 0 0 0 1 0 0 0 1
61 76 526.0391601714671 16.67 3 3 192 193
1 0 0 0 1 0 0 0 1
1 0 0 0 1 0 0 0 1
62 7 113.66908930719383 16.67 3 3 194 195
1 0 0 0 1 0 0 0 1
1 0 0 0 1 0 0 0 1
62 83 314.3621524390073 16.67 3 3 196 197
1 0 0 0 1 0 0 0 1
1 0 0 0 1 0 0 0 1
62 10 82.31033000012579 16.67 3 3 198 199
1 0 0 0 1 0 0 0 1
1 0 0 0 1 0 0 0 1
62 17 88.41738916012982 16.67 3 3 200 201
1 0 0 0 1 0 0 0 1
1 0 0 0 1 0 0 0 1
63 52 434.07934723834825 16.67 3 3 202 203
1 0 0 0 1 0 0 0 1
1 0 0 0 1 0 0 0 1
63 101 325.3943041777076 16.67 3 3 204 205
1 0 0 0 1 0 0 0 1
1 0 0 0 1 0 0 0 1
64 12 275.1592943658554 16.67 3 3 206 207
1 0 0 0 1 0 0 0 1
1 0 0 0 1 0 0 0 1
64 2 189.43064957601882 16.67 3 3 208 209
1 0 0 0 1 0 0 0 1
1 0 0 0 1 0 0 0 1
64 90 35.16214954090503 16.67 3 3 210 211
1 0 0 0 1 0 0 0 1
1 0 0 0 1 0 0 0 1
65 78 148.54354885180192 16.67 3 3 212 213
1 0 0 0 1 0 0 0 1
1 0 0 0 1 0 0 0 1
65 86 65.79408340089502 16.67 3 3 214 215
1 0 0 0 1 0 0 0 1
1 0 0 0 1 0 0 0 1
66 78 31.186536922954744 16.67 3 3 216 217
1 0 0 0 1 0 0 0 1
1 0 0 0 1 0 0 0 1
67 79 689.1891436215127 16.67 3 3 218 219
1 0 0 0 1 0 0 0 1
1 0 0 0 1 0 0 0 1
68 94 50.555614666636366 16.67 3 3 220 221
1 0 0 0 1 0 0 0 1
1 0 0 0 1 0 0 0 1
68 111 39.76027331221609 16.67 3 3 222 223
1 0 0 0 1 0 0 0 1
1 0 0 0 1 0 0 0 1
69 82 200.62907704160173 16.67 3 3 224 225
1 0 0 0 1 0 0 0 1
1 0 0 0 1 0 0 0 1
69 98 681.3444423021613 16.67 3 3 226 227
1 0 0 0 1 0 0 0 1
1 0 0 0 1 0 0 0 1
70 99 294.8567769355256 16.67 3 3 228 229
1 0 0 0 1 0 0 0 1
1 0 0 0 1 0 0 0 1
70 91 248.73748027064832 16.67 3 3 230 231
1 0 0 0 1 0 0 0 1
1 0 0 0 1 0 0 0 1
70 60 293.506599988063 16.67 3 3 232 233
1 0 0 0 1 0 0 0 1
1 0 0 0 1 0 0 0 1
72 87 250.35788192081324 16.67 3 3 234 235
1 0 0 0 1 0 0 0 1
1 0 0 0 1 0 0 0 1
72 114 796.6985057718692 16.67 3 3 236 237
1 0 0 0 1 0 0 0 1
1 0 0 0 1 0 0 0 1
72 119 819.1054755706931 16.67 3 3 238 239
1 0 0 0 1 0 0 0 1
1 0 0 0 1 0 0 0 1
73 109 770.0238142432358 16.67 3 3 240 241
1 0 0 0 1 0 0 0 1
1 0 0 0 1 0 0 0 1
74 77 135.47430622847526 16.67 3 3 242 243
1 0 0 0 1 0 0 0 1
1 0 0 0 1 0 0 0 1
74 106 26.288711502963263 16.67 3 3 244 245
1 0 0 0 1 0 0 0 1
1 0 0 0 1 0 0 0 1
33 92 137.6012418824644 16.67 3 3 246 247
1 0 0 0 1 0 0 0 1
1 0 0 0 1 0 0 0 1
33 42 340.88558857796556 16.67 3 3 248 249
1 0 0 0 1 0 0 0 1
1 0 0 0 1 0 0 0 1
75 79 127.16361831298158 16.67 3 3 250 251
1 0 0 0 1 0 0 0 1
1 0 0 0 1 0 0 0 1
76 82 354.75309465664856 16.67 3 3 252 253
1 0 0 0 1 0 0 0 1
1 0 0 0 1 0 0 0 1
77 83 874.0570096398695 16.67 3 3 254 255
1 0 0 0 1 0 0 0 1
1 0 0 0 1 0 0 0 1
77 106 154.31927748967092 16.67 3 3 256 257
1 0 0 0 1 0 0 0 1
1 0 0 0 1 0 0 0 1
80 88 128.2145902950782 16.67 3 3 258 259
1 0 0 0 1 0 0 0 1
1 0 0 0 1 0 0 0 1
80 84 832.226656514282 16.67 3 3 260 261
1 0 0 0 1 0 0 0 1
1 0 0 0 1 0 0 0 1
81 81 0.0 16.67 3 3 262 263
1 0 0 0 1 0 0 0 1
1 0 0 0 1 0 0 0 1
81 4 203.83556354422007 16.67 3 3 264 265
1 0 0 0 1 0 0 0 1
1 0 0 0 1 0 0 0 1
81 122 193.30330181284057 16.67 3 3 266 267
1 0 0 0 1 0 0 0 1
1 0 0 0 1 0 0 0 1
82 97 746.4812525321929 16.67 3 3 268 269
1 0 0 0 1 0 0 0 1
1 0 0 0 1 0 0 0 1
85 92 163.1257780885593 16.67 3 3 270 271
1 0 0 0 1 0 0 0 1
1 0 0 0 1 0 0 0 1
87 1 613.1398314816416 16.67 3 3 274 275
1 0 0 0 1 0 0 0 1
1 0 0 0 1 0 0 0 1
2 90 178.3962229622061 16.67 3 3 276 277
1 0 0 0 1 0 0 0 1
1 0 0 0 1 0 0 0 1
89 6 451.4376536714295 16.67 3 3 278 279
1 0 0 0 1 0 0 0 1
1 0 0 0 1 0 0 0 1
89 9 417.8712365950556 16.67 3 3 280 281
1 0 0 0 1 0 0 0 1
1 0 0 0 1 0 0 0 1
93 107 397.6818772895293 16.67 3 3 282 283
1 0 0 0 1 0 0 0 1
1 0 0 0 1 0 0 0 1
93 124 51.30110413075833 16.67 3 3 284 285
1 0 0 0 1 0 0 0 1
1 0 0 0 1 0 0 0 1
93 108 52.20981995292124 16.67 3 3 286 287
1 0 0 0 1 0 0 0 1
1 0 0 0 1 0 0 0 1
97 103 318.81695449834615 16.67 3 3 288 289
1 0 0 0 1 0 0 0 1
1 0 0 0 1 0 0 0 1
98 103 208.71643096935125 16.67 3 3 290 291
1 0 0 0 1 0 0 0 1
1 0 0 0 1 0 0 0 1
100 100 0.0 16.67 3 3 292 293
1 0 0 0 1 0 0 0 1
1 0 0 0 1 0 0 0 1
107 15 47.97363128477572 16.67 3 3 294 295
1 0 0 0 1 0 0 0 1
1 0 0 0 1 0 0 0 1
107 16 45.80825711789498 16.67 3 3 296 297
1 0 0 0 1 0 0 0 1
1 0 0 0 1 0 0 0 1
124
1 275 -1 -1 -1
2 -1 187 209 276
3 -1 -1 151 -1
4 265 -1 -1 -1
5 -1 -1 177 -1
6 -1 279 -1 -1
7 -1 -1 -1 195
8 85 -1 33 -1
9 -1 281 -1 -1
10 199 -1 -1 -1
11 -1 188 -1 186
12 207 -1 167 -1
13 58 -1 54 56
14 67 -1 -1 -1
15 -1 -1 -1 295
16 -1 -1 -1 297
17 -1 -1 -1 201
18 70 72 68 -1
19 52 -1 50 -1
20 27 74 76 -1
21 25 -1 101 75
22 64 -1 66 -1
23 178 -1 180 -1
24 -1 83 -1 -1
25 18 -1 20 -1
26 -1 -1 109 -1
27 57 -1 -1 -1
28 181 -1 -1 -1
29 141 -1 163 -1
30 15 -1 28 -1
31 80 -1 78 -1
32 -1 -1 137 -1
33 248 -1 246 -1
34 38 40 42 -1
35 86 -1 84 82
36 94 88 92 90
37 98 -1 96 -1
38 100 102 87 77
39 106 -1 71 104
40 108 110 -1 112
41 118 -1 114 116
42 -1 -1 249 -1
43 120 122 63 124
44 130 132 128 126
45 136 113 -1 134
46 142 138 140 -1
47 31 -1 144 7
48 103 117 148 146
49 150 9 -1 152
50 -1 154 -1 156
51 158 160 39 -1
52 -1 -1 203 -1
53 162 -1 164 -1
54 166 168 53 -1
55 170 105 -1 172
56 176 174 23 65
57 93 -1 99 -1
58 35 -1 182 11
59 184 -1 19 -1
60 -1 233 -1 -1
61 190 173 -1 192
62 196 200 194 198
63 202 5 -1 204
64 210 208 206 49
65 127 212 171 214
66 -1 45 -1 216
67 218 -1 -1 17
68 220 29 179 222
69 226 -1 61 224
70 232 135 230 228
71 -1 91 139 -1
72 165 234 236 238
73 -1 240 119 -1
74 244 242 -1 69
75 79 -1 143 250
76 252 43 193 95
77 256 51 254 243
78 -1 217 107 213
79 -1 251 219 155
80 260 258 -1 -1
81 263 266 262 264
82 225 159 253 268
83 255 -1 59 197
84 -1 -1 261 89
85 270 13 -1 -1
86 21 215 -1 191
87 97 -1 274 235
88 -1 -1 -1 259
89 145 81 278 280
90 129 277 211 47
91 231 -1 -1 175
92 247 -1 271 111
93 282 157 286 284
94 -1 221 -1 -1
95 123 -1 131 -1
96 -1 153 -1 -1
97 288 149 269 -1
98 115 -1 227 290
99 -1 229 -1 -1
100 293 189 292 133
101 -1 205 37 -1
102 161 -1 185 41
103 147 291 289 -1
104 183 -1 121 -1
105 -1 -1 -1 169
106 73 257 245 -1
107 296 294 283 -1
108 -1 287 -1 -1
109 241 -1 125 -1
110 3 -1 2 4
111 -1 223 -1 -1
112 -1 6 -1 8
113 -1 10 -1 12
114 237 -1 -1 -1
115 -1 16 14 -1
116 22 24 26 -1
117 32 -1 30 -1
118 55 -1 -1 -1
119 239 -1 -1 -1
120 36 -1 34 -1
121 46 48 -1 44
122 267 -1 -1 -1
123 62 -1 -1 60
124 -1 285 -1 -1
