950
60 62 10
14
36 205 5 2 4 204 37 34 182 121 122 131 126 214
60 62 10
15
24 101 102 117 114 227 224 159 160 185 19 20 215 212 217
60 62 10
11
189 186 209 49 44 216 213 214 21 18 184
60 62 10
7
192 95 90 139 142 79 80
60 62 10
15
131 126 214 21 18 184 161 158 225 226 115 116 103 100 75
60 62 10
14
174 231 135 113 110 271 13 10 182 121 122 131 132 189
60 62 10
8
230 175 23 24 101 102 146 289
60 62 10
13
20 191 192 252 225 226 115 116 103 87 84 33 30
60 62 10
8
227 61 62 120 183 35 36 205
60 62 10
10
271 13 10 182 121 122 131 126 212 217
120 122 10
12
145 31 32 85 86 102 117 118 240 125 120 183
120 122 10
13
20 191 192 252 225 226 115 116 103 87 84 33 30
120 122 10
8
230 175 23 24 101 102 146 289
120 122 10
12
204 37 34 11 12 270 111 112 134 230 175 23
120 122 10
10
271 13 10 182 121 122 131 126 212 217
120 122 10
15
131 126 214 21 18 184 161 158 225 226 115 116 103 100 75
120 122 10
14
174 231 135 113 110 271 13 10 182 121 122 131 132 189
180 182 10
8
227 61 62 120 183 35 36 205
180 182 10
12
204 37 34 11 12 270 111 112 134 230 175 23
180 182 10
14
36 205 5 2 4 204 37 34 182 121 122 131 126 214
180 182 10
18
134 230 175 23 24 101 87 84 33 30 144 81 78 143 140 163 164 234
180 182 10
8
230 175 23 24 101 102 146 289
180 182 10
11
46 129 130 123 124 241 119 116 103 77 27
180 182 10
10
271 13 10 182 121 122 131 126 212 217
180 182 10
15
131 126 214 21 18 184 161 158 225 226 115 116 103 100 75
180 182 10
12
145 31 32 85 86 100 25 22 174 231 135 113
180 182 10
15
24 101 102 117 114 227 224 159 160 185 19 20 215 212 217
180 182 10
7
192 95 90 139 142 79 80
240 242 10
8
230 175 23 24 101 102 146 289
240 242 10
12
145 31 32 85 86 100 25 22 174 231 135 113
240 242 10
12
145 31 32 85 86 102 117 118 240 125 120 183
240 242 10
13
20 191 192 252 225 226 115 116 103 87 84 33 30
240 242 10
14
36 205 5 2 4 204 37 34 182 121 122 131 126 214
240 242 10
11
189 186 209 49 44 216 213 214 21 18 184
240 242 10
18
134 230 175 23 24 101 87 84 33 30 144 81 78 143 140 163 164 234
240 242 10
21
4 204 37 34 11 12 270 111 112 134 230 175 23 24 101 87 84 33 30 144 81
240 242 10
11
46 129 130 123 124 241 119 116 103 77 27
240 242 10
19
31 32 85 86 100 25 22 174 231 135 113 110 271 13 10 35 36 205 5
300 302 10
14
174 231 135 113 110 271 13 10 182 121 122 131 132 189
300 302 10
11
189 186 209 49 44 216 213 214 21 18 184
300 302 10
13
20 191 192 252 225 226 115 116 103 87 84 33 30
300 302 10
8
227 61 62 120 183 35 36 205
300 302 10
14
94 252 225 226 115 116 103 100 25 22 174 231 135 113
300 302 10
8
230 175 23 24 101 102 146 289
300 302 10
7
192 95 90 139 142 79 80
300 302 10
15
24 101 102 117 114 227 224 159 160 185 19 20 215 212 217
300 302 10
15
131 126 214 21 18 184 161 158 225 226 115 116 103 100 75
300 302 10
14
145 31 32 85 86 102 117 114 227 224 253 95 90 139
360 362 10
8
230 175 23 24 101 102 146 289
360 362 10
15
131 126 214 21 18 184 161 158 225 226 115 116 103 100 75
360 362 10
22
174 231 135 113 110 271 13 10 182 121 122 131 132 189 186 276 211 208 187 188 292 189
360 362 10
15
24 101 102 117 114 227 224 159 160 185 19 20 215 212 217
420 422 10
19
104 172 190 21 18 184 161 158 225 226 115 116 103 100 25 22 174 231 135
420 422 10
12
145 31 32 85 86 102 117 118 240 125 120 183
420 422 10
8
227 61 62 120 183 35 36 205
420 422 10
7
192 95 90 139 142 79 80
420 422 10
13
20 191 192 252 225 226 115 116 103 87 84 33 30
420 422 10
8
230 175 23 24 101 102 146 289
420 422 10
11
189 186 209 49 44 216 213 214 21 18 184
420 422 10
15
24 101 102 117 114 227 224 159 160 185 19 20 215 212 217
420 422 10
21
4 204 37 34 11 12 270 111 112 134 230 175 23 24 101 87 84 33 30 144 81
420 422 10
14
94 252 225 226 115 116 103 100 25 22 174 231 135 113
480 482 10
8
227 61 62 120 183 35 36 205
480 482 10
7
192 95 90 139 142 79 80
480 482 10
8
230 175 23 24 101 102 146 289
480 482 10
10
271 13 10 182 121 122 131 126 212 217
480 482 10
13
174 231 135 113 110 271 13 10 182 121 122 131 132
480 482 10
11
46 129 130 123 124 241 119 116 103 77 27
480 482 10
11
145 31 32 85 86 102 117 114 227 224 159
540 542 10
8
230 175 23 24 101 102 146 289
540 542 10
15
24 101 102 117 114 227 224 159 160 185 19 20 215 212 217
540 542 10
15
131 126 214 21 18 184 161 158 225 226 115 116 103 100 75
540 542 10
12
145 31 32 85 86 102 117 118 240 125 120 183
540 542 10
19
204 37 34 11 12 270 111 112 134 230 175 23 24 101 87 84 33 30 144
540 542 10
14
174 231 135 113 110 271 13 10 182 121 122 131 132 189
540 542 10
11
46 129 130 123 124 241 119 116 103 77 27
540 542 10
14
36 205 5 2 4 204 37 34 182 121 122 131 126 214
600 602 10
8
230 175 23 24 101 102 146 289
600 602 10
15
131 126 214 21 18 184 161 158 225 226 115 116 103 100 75
600 602 10
14
94 252 225 226 115 116 103 100 25 22 174 231 135 113
600 602 10
12
145 31 32 85 86 102 117 118 240 125 120 183
600 602 10
12
145 31 32 85 86 100 25 22 174 231 135 113
660 662 10
11
46 129 130 123 124 241 119 116 103 77 27
660 662 10
12
145 31 32 85 86 100 25 22 174 231 135 113
660 662 10
15
24 101 102 117 114 227 224 159 160 185 19 20 215 212 217
660 662 10
15
131 126 214 21 18 184 161 158 225 226 115 116 103 100 75
660 662 10
7
192 95 90 139 142 79 80
660 662 10
12
145 31 32 85 86 102 117 118 240 125 120 183
720 722 10
8
230 175 23 24 101 102 146 289
720 722 10
19
204 37 34 11 12 270 111 112 134 230 175 23 24 101 87 84 33 30 144
720 722 10
14
94 252 225 226 115 116 103 100 25 22 174 231 135 113
720 722 10
14
174 231 135 113 110 271 13 10 182 121 122 131 132 189
720 722 10
14
36 205 5 2 4 204 37 34 182 121 122 131 126 214
720 722 10
15
24 101 102 117 114 227 224 159 160 185 19 20 215 212 217
720 722 10
15
131 126 214 21 18 184 161 158 225 226 115 116 103 100 75
720 722 10
11
46 129 130 123 124 241 119 116 103 77 27
780 782 10
15
131 126 214 21 18 184 161 158 225 226 115 116 103 100 75
780 782 10
8
230 175 23 24 101 102 146 289
780 782 10
13
20 191 192 252 225 226 115 116 103 87 84 33 30
780 782 10
13
174 231 135 113 110 271 13 10 182 121 122 131 132
780 782 10
11
145 31 32 85 86 102 117 114 227 224 159
840 842 10
12
145 31 32 85 86 102 117 118 240 125 120 183
840 842 10
15
24 101 102 117 114 227 224 159 160 185 19 20 215 212 217
840 842 10
15
131 126 214 21 18 184 161 158 225 226 115 116 103 100 75
840 842 10
8
230 175 23 24 101 102 146 289
840 842 10
13
20 191 192 252 225 226 115 116 103 87 84 33 30
840 842 10
21
4 204 37 34 11 12 270 111 112 134 230 175 23 24 101 87 84 33 30 144 81
840 842 10
14
36 205 5 2 4 204 37 34 182 121 122 131 126 214
840 842 10
7
192 95 90 139 142 79 80
900 902 10
15
24 101 102 117 114 227 224 159 160 185 19 20 215 212 217
900 902 10
11
145 31 32 85 86 102 117 114 227 224 159
900 902 10
7
192 95 90 139 142 79 80
900 902 10
8
230 175 23 24 101 102 146 289
900 902 10
11
46 129 130 123 124 241 119 116 103 77 27
900 902 10
18
134 230 175 23 24 101 87 84 33 30 144 81 78 143 140 163 164 234
900 902 10
19
104 172 190 21 18 184 161 158 225 226 115 116 103 100 25 22 174 231 135
960 962 10
14
174 231 135 113 110 271 13 10 182 121 122 131 132 189
960 962 10
14
36 205 5 2 4 204 37 34 182 121 122 131 126 214
960 962 10
12
145 31 32 85 86 102 117 118 240 125 120 183
960 962 10
12
145 31 32 85 86 100 25 22 174 231 135 113
960 962 10
11
145 31 32 85 86 102 117 114 227 224 159
960 962 10
8
230 175 23 24 101 102 146 289
960 962 10
15
131 126 214 21 18 184 161 158 225 226 115 116 103 100 75
960 962 10
12
204 37 34 11 12 270 111 112 134 230 175 23
1020 1022 10
15
131 126 214 21 18 184 161 158 225 226 115 116 103 100 75
1020 1022 10
8
227 61 62 120 183 35 36 205
1020 1022 10
8
230 175 23 24 101 102 146 289
1020 1022 10
12
145 31 32 85 86 100 25 22 174 231 135 113
1020 1022 10
14
36 205 5 2 4 204 37 34 182 121 122 131 126 214
1080 1082 10
12
204 37 34 11 12 270 111 112 134 230 175 23
1080 1082 10
12
145 31 32 85 86 100 25 22 174 231 135 113
1080 1082 10
15
131 126 214 21 18 184 161 158 225 226 115 116 103 100 75
1080 1082 10
14
36 205 5 2 4 204 37 34 182 121 122 131 126 214
1080 1082 10
8
230 175 23 24 101 102 146 289
1140 1142 10
11
189 186 209 49 44 216 213 214 21 18 184
1140 1142 10
14
174 231 135 113 110 271 13 10 182 121 122 131 132 189
1140 1142 10
10
271 13 10 182 121 122 131 126 212 217
1140 1142 10
14
94 252 225 226 115 116 103 100 25 22 174 231 135 113
1140 1142 10
8
230 175 23 24 101 102 146 289
1140 1142 10
12
145 31 32 85 86 100 25 22 174 231 135 113
1140 1142 10
11
46 129 130 123 124 241 119 116 103 77 27
1140 1142 10
15
131 126 214 21 18 184 161 158 225 226 115 116 103 100 75
1140 1142 10
14
36 205 5 2 4 204 37 34 182 121 122 131 126 214
1140 1142 10
7
192 95 90 139 142 79 80
1200 1202 10
15
131 126 214 21 18 184 161 158 225 226 115 116 103 100 75
1200 1202 10
11
145 31 32 85 86 102 117 114 227 224 159
1200 1202 10
10
271 13 10 182 121 122 131 126 212 217
1200 1202 10
12
145 31 32 85 86 102 117 118 240 125 120 183
1200 1202 10
13
20 191 192 252 225 226 115 116 103 87 84 33 30
1200 1202 10
8
230 175 23 24 101 102 146 289
1260 1262 10
15
271 13 10 182 121 63 60 224 253 95 90 139 142 79 80
1260 1262 10
8
207 210 129 130 123 120 183 35
1260 1262 10
12
145 31 32 85 86 102 117 118 240 125 120 183
1260 1262 10
9
171 172 192 95 90 139 142 79 80
1260 1262 10
17
270 111 112 134 230 175 23 24 101 102 117 118 240 125 122 131 128
1260 1262 10
11
98 93 90 139 142 79 80 145 31 32 85
1320 1322 10
9
171 172 192 95 90 139 142 79 80
1320 1322 10
7
145 31 32 85 86 100 75
1320 1322 10
10
146 291 115 116 103 87 84 33 30 144
1320 1322 10
7
101 102 117 114 227 224 159
1320 1322 10
8
189 186 209 206 167 53 50 243
1320 1322 10
19
205 5 2 4 204 37 34 11 12 270 111 112 134 230 175 23 24 101 87
1320 1322 10
17
270 111 112 134 230 175 23 24 101 102 117 118 240 125 122 131 128
1320 1322 10
17
205 5 2 4 204 37 34 182 121 63 60 224 253 95 92 99 96
1320 1322 10
7
124 241 119 116 103 77 27
1380 1382 10
19
174 231 135 113 110 271 13 10 182 121 124 241 119 116 103 87 84 33 30
1380 1382 10
7
31 32 85 86 100 25 22
1380 1382 10
7
145 31 32 85 86 100 75
1380 1382 10
11
98 93 90 139 142 79 80 145 31 32 85
1380 1382 10
19
205 5 2 4 204 37 34 11 12 270 111 112 134 230 175 23 24 101 87
1380 1382 10
7
101 102 117 114 227 224 159
1380 1382 10
12
110 271 13 10 182 121 122 131 126 171 172 190
1440 1442 10
10
146 291 115 116 103 87 84 33 30 144
1440 1442 10
4
122 131 132 189
1440 1442 10
8
207 210 129 130 123 120 183 35
1440 1442 10
7
101 102 117 114 227 224 159
1440 1442 10
7
124 241 119 116 103 77 27
1440 1442 10
15
32 85 86 102 117 114 227 224 253 95 90 139 140 163 164
1440 1442 10
12
240 125 63 60 224 253 95 90 139 142 79 80
1440 1442 10
11
98 93 90 139 142 79 80 145 31 32 85
1500 1502 10
11
98 93 90 139 142 79 80 145 31 32 85
1500 1502 10
8
189 186 209 206 167 53 50 243
1500 1502 10
7
101 102 117 114 227 224 159
1500 1502 10
7
145 31 32 85 86 100 75
1500 1502 10
10
207 210 129 130 123 120 183 35 36 205
1500 1502 10
17
270 111 112 134 230 175 23 24 101 102 117 118 240 125 122 131 128
1500 1502 10
12
145 31 32 85 86 102 117 118 240 125 120 183
1500 1502 10
4
122 131 132 189
1500 1502 10
7
124 241 119 116 103 77 27
1560 1562 10
15
32 85 86 102 117 114 227 224 253 95 90 139 140 163 164
1560 1562 10
19
205 5 2 4 204 37 34 11 12 270 111 112 134 230 175 23 24 101 87
1560 1562 10
12
188 292 189 186 209 49 44 216 213 214 21 18
1560 1562 10
10
146 291 115 116 103 87 84 33 30 144
1560 1562 10
12
145 31 32 85 86 102 117 118 240 125 120 183
1560 1562 10
7
145 31 32 85 86 100 75
1560 1562 10
11
4 204 37 34 182 121 63 60 224 159 160
1560 1562 10
7
31 32 85 86 100 25 22
1560 1562 10
17
31 32 85 86 102 117 114 227 224 159 160 185 19 20 215 212 217
1620 1622 10
17
205 5 2 4 204 37 34 182 121 63 60 224 253 95 92 99 96
1620 1622 10
7
101 102 117 114 227 224 159
1620 1622 10
7
145 31 32 85 86 100 75
1620 1622 10
8
189 186 209 206 167 53 50 243
1620 1622 10
11
98 93 90 139 142 79 80 145 31 32 85
1620 1622 10
7
31 32 85 86 100 25 22
1620 1622 10
7
124 241 119 116 103 77 27
1620 1622 10
9
171 172 192 95 90 139 142 79 80
1680 1682 10
15
271 13 10 182 121 63 60 224 253 95 90 139 142 79 80
1680 1682 10
7
124 241 119 116 103 77 27
1680 1682 10
17
205 5 2 4 204 37 34 182 121 63 60 224 253 95 92 99 96
1680 1682 10
4
122 131 132 189
1680 1682 10
12
110 271 13 10 182 121 122 131 126 171 172 190
1680 1682 10
9
171 172 192 95 90 139 142 79 80
1680 1682 10
7
31 32 85 86 100 25 22
1680 1682 10
17
270 111 112 134 230 175 23 24 101 102 117 118 240 125 122 131 128
1740 1742 10
7
145 31 32 85 86 100 75
1740 1742 10
12
240 125 63 60 224 253 95 90 139 142 79 80
1740 1742 10
7
124 241 119 116 103 77 27
1740 1742 10
19
205 5 2 4 204 37 34 11 12 270 111 112 134 230 175 23 24 101 87
1740 1742 10
12
110 271 13 10 182 121 122 131 126 171 172 190
1800 1802 10
10
146 291 115 116 103 87 84 33 30 144
1800 1802 10
12
145 31 32 85 86 102 117 118 240 125 120 183
1800 1802 10
7
145 31 32 85 86 100 75
1800 1802 10
8
207 210 129 130 123 120 183 35
1800 1802 10
15
271 13 10 182 121 63 60 224 253 95 90 139 142 79 80
1860 1862 10
12
240 125 63 60 224 253 95 90 139 142 79 80
1860 1862 10
8
189 186 209 206 167 53 50 243
1860 1862 10
19
205 5 2 4 204 37 34 11 12 270 111 112 134 230 175 23 24 101 87
1860 1862 10
7
101 102 117 114 227 224 159
1860 1862 10
17
270 111 112 134 230 175 23 24 101 102 117 118 240 125 122 131 128
1860 1862 10
7
145 31 32 85 86 100 75
1860 1862 10
4
122 131 132 189
1860 1862 10
17
205 5 2 4 204 37 34 182 121 63 60 224 253 95 92 99 96
1860 1862 10
9
171 172 192 95 90 139 142 79 80
1920 1922 10
9
171 172 192 95 90 139 142 79 80
1920 1922 10
7
101 102 117 114 227 224 159
1920 1922 10
12
188 292 189 186 209 49 44 216 213 214 21 18
1920 1922 10
7
145 31 32 85 86 100 75
1920 1922 10
12
145 31 32 85 86 102 117 118 240 125 120 183
1920 1922 10
11
4 204 37 34 182 121 63 60 224 159 160
1920 1922 10
8
189 186 209 206 167 53 50 243
1920 1922 10
10
146 291 115 116 103 87 84 33 30 144
1980 1982 10
7
145 31 32 85 86 100 75
1980 1982 10
11
98 93 90 139 142 79 80 145 31 32 85
1980 1982 10
10
207 210 129 130 123 120 183 35 36 205
1980 1982 10
17
205 5 2 4 204 37 34 182 121 63 60 224 253 95 92 99 96
1980 1982 10
16
134 230 175 23 24 101 102 117 118 240 125 122 131 128 211 206
1980 1982 10
12
110 271 13 10 182 121 122 131 126 171 172 190
1980 1982 10
8
189 186 209 206 167 53 50 243
1980 1982 10
12
145 31 32 85 86 102 117 118 240 125 120 183
1980 1982 10
7
31 32 85 86 100 25 22
1980 1982 10
19
205 5 2 4 204 37 34 11 12 270 111 112 134 230 175 23 24 101 87
2040 2042 10
7
145 31 32 85 86 100 75
2040 2042 10
8
207 210 129 130 123 120 183 35
2040 2042 10
8
189 186 209 206 167 53 50 243
2040 2042 10
15
271 13 10 182 121 63 60 224 253 95 90 139 142 79 80
2040 2042 10
10
207 210 129 130 123 120 183 35 36 205
2040 2042 10
7
124 241 119 116 103 77 27
2040 2042 10
7
101 102 117 114 227 224 159
2040 2042 10
15
32 85 86 102 117 114 227 224 253 95 90 139 140 163 164
2100 2102 10
7
145 31 32 85 86 100 75
2100 2102 10
7
101 102 117 114 227 224 159
2100 2102 10
15
271 13 10 182 121 63 60 224 253 95 90 139 142 79 80
2100 2102 10
4
122 131 132 189
2100 2102 10
12
110 271 13 10 182 121 122 131 126 171 172 190
2100 2102 10
15
32 85 86 102 117 114 227 224 253 95 90 139 140 163 164
2100 2102 10
11
98 93 90 139 142 79 80 145 31 32 85
2100 2102 10
17
205 5 2 4 204 37 34 182 121 63 60 224 253 95 92 99 96
2160 2162 10
8
189 186 209 206 167 53 50 243
2160 2162 10
12
110 271 13 10 182 121 122 131 126 171 172 190
2160 2162 10
12
188 292 189 186 209 49 44 216 213 214 21 18
2160 2162 10
11
98 93 90 139 142 79 80 145 31 32 85
2160 2162 10
7
124 241 119 116 103 77 27
2160 2162 10
17
205 5 2 4 204 37 34 182 121 63 60 224 253 95 92 99 96
2160 2162 10
7
145 31 32 85 86 100 75
2160 2162 10
19
174 231 135 113 110 271 13 10 182 121 124 241 119 116 103 87 84 33 30
2220 2222 10
19
205 5 2 4 204 37 34 11 12 270 111 112 134 230 175 23 24 101 87
2220 2222 10
7
101 102 117 114 227 224 159
2220 2222 10
12
240 125 63 60 224 253 95 90 139 142 79 80
2220 2222 10
7
145 31 32 85 86 100 75
2220 2222 10
15
271 13 10 182 121 63 60 224 253 95 90 139 142 79 80
2220 2222 10
15
32 85 86 102 117 114 227 224 253 95 90 139 140 163 164
2220 2222 10
12
110 271 13 10 182 121 122 131 126 171 172 190
2220 2222 10
17
205 5 2 4 204 37 34 182 121 63 60 224 253 95 92 99 96
2280 2282 10
9
171 172 192 95 90 139 142 79 80
2280 2282 10
4
122 131 132 189
2280 2282 10
7
145 31 32 85 86 100 75
2280 2282 10
19
205 5 2 4 204 37 34 11 12 270 111 112 134 230 175 23 24 101 87
2280 2282 10
8
207 210 129 130 123 120 183 35
2280 2282 10
8
189 186 209 206 167 53 50 243
2280 2282 10
15
32 85 86 102 117 114 227 224 253 95 90 139 140 163 164
2280 2282 10
7
101 102 117 114 227 224 159
2280 2282 10
11
98 93 90 139 142 79 80 145 31 32 85
2340 2342 10
15
271 13 10 182 121 63 60 224 253 95 90 139 142 79 80
2340 2342 10
17
205 5 2 4 204 37 34 182 121 63 60 224 253 95 92 99 96
2340 2342 10
9
171 172 192 95 90 139 142 79 80
2340 2342 10
10
207 210 129 130 123 120 183 35 36 205
2340 2342 10
8
207 210 129 130 123 120 183 35
2400 2402 10
17
205 5 2 4 204 37 34 182 121 63 60 224 253 95 92 99 96
2400 2402 10
7
101 102 117 114 227 224 159
2400 2402 10
15
32 85 86 102 117 114 227 224 253 95 90 139 140 163 164
2400 2402 10
7
31 32 85 86 100 25 22
2400 2402 10
4
122 131 132 189
2400 2402 10
7
145 31 32 85 86 100 75
2400 2402 10
19
205 5 2 4 204 37 34 11 12 270 111 112 134 230 175 23 24 101 87
2400 2402 10
10
146 291 115 116 103 87 84 33 30 144
2400 2402 10
12
110 271 13 10 182 121 122 131 126 171 172 190
2460 2462 10
7
225 226 115 116 103 77 27
2460 2462 10
14
271 13 10 182 121 63 60 224 253 95 90 139 142 79
2460 2462 10
13
174 231 135 113 110 271 13 10 182 121 122 131 132
2460 2462 10
19
4 204 37 34 11 12 270 111 112 134 230 175 23 24 101 87 84 33 30
2460 2462 10
17
99 96 235 165 162 141 142 79 80 145 31 32 85 86 100 25 22
2460 2462 10
16
205 5 2 4 204 37 34 11 12 270 111 112 134 230 175 23
2460 2462 10
5
24 101 102 117 114
2520 2522 10
9
4 204 37 34 182 121 122 131 128
2520 2522 10
13
174 231 135 113 110 271 13 10 182 121 122 131 132
2520 2522 10
17
99 96 235 165 162 141 142 79 80 145 31 32 85 86 100 25 22
2520 2522 10
14
48 210 47 44 216 107 104 172 192 95 90 139 142 79
2580 2582 10
13
174 231 135 113 110 271 13 10 182 121 122 131 132
2580 2582 10
21
145 31 32 85 86 102 117 114 227 224 159 160 185 19 20 191 173 105 71 72 245
2580 2582 10
14
271 13 10 182 121 63 60 224 253 95 90 139 142 79
2580 2582 10
17
99 96 235 165 162 141 142 79 80 145 31 32 85 86 100 25 22
2580 2582 10
11
231 135 113 110 271 13 10 182 121 122 131
2580 2582 10
9
4 204 37 34 182 121 122 131 128
2640 2642 10
12
184 161 158 225 226 115 116 103 87 84 33 30
2640 2642 10
9
213 127 130 123 120 183 35 36 205
2640 2642 10
7
225 226 115 116 103 77 27
2640 2642 10
11
231 135 113 110 271 13 10 182 121 122 131
2640 2642 10
7
189 186 209 49 44 216 107
2640 2642 10
7
145 31 32 85 86 100 75
2640 2642 10
5
24 101 102 117 114
2640 2642 10
13
174 231 135 113 110 271 13 10 182 121 122 131 132
2700 2702 10
21
145 31 32 85 86 102 117 114 227 224 159 160 185 19 20 191 173 105 71 72 245
2700 2702 10
7
189 186 209 49 44 216 107
2700 2702 10
14
271 13 10 182 121 63 60 224 253 95 90 139 142 79
2700 2702 10
13
245 69 70 104 170 127 130 123 120 183 35 36 205
2700 2702 10
7
145 31 32 85 86 100 75
2700 2702 10
5
24 101 102 117 114
2700 2702 10
17
99 96 235 165 162 141 142 79 80 145 31 32 85 86 100 25 22
2700 2702 10
12
4 204 37 34 182 121 63 60 224 253 95 92
2700 2702 10
9
291 115 116 103 87 84 33 30 144
2700 2702 10
13
174 231 135 113 110 271 13 10 182 121 122 131 132
2760 2762 10
13
245 69 70 104 170 127 130 123 120 183 35 36 205
2760 2762 10
7
145 31 32 85 86 100 75
2760 2762 10
10
216 213 127 130 123 120 183 35 36 205
2760 2762 10
7
189 186 209 49 44 216 107
2760 2762 10
21
145 31 32 85 86 102 117 114 227 224 159 160 185 19 20 191 173 105 71 72 245
2760 2762 10
10
182 121 122 131 126 171 105 71 72 245
2820 2822 10
11
231 135 113 110 271 13 10 182 121 122 131
2820 2822 10
6
101 102 117 114 227 224
2820 2822 10
12
184 161 158 225 226 115 116 103 87 84 33 30
2820 2822 10
18
234 97 98 93 94 252 225 226 115 116 103 100 25 22 174 231 135 113
2820 2822 10
5
24 101 102 117 114
2820 2822 10
7
145 31 32 85 86 100 75
2820 2822 10
9
4 204 37 34 182 121 122 131 128
2820 2822 10
14
271 13 10 182 121 63 60 224 253 95 90 139 142 79
2880 2882 10
14
271 13 10 182 121 63 60 224 253 95 90 139 142 79
2880 2882 10
11
231 135 113 110 271 13 10 182 121 122 131
2880 2882 10
7
145 31 32 85 86 100 75
2880 2882 10
16
174 231 135 113 110 271 13 10 182 121 122 131 126 171 105 71
2880 2882 10
9
291 115 116 103 87 84 33 30 144
2880 2882 10
13
245 69 70 104 170 127 130 123 120 183 35 36 205
2880 2882 10
13
174 231 135 113 110 271 13 10 182 121 122 131 132
2880 2882 10
7
210 129 130 123 120 183 11
2880 2882 10
5
24 101 102 117 114
2940 2942 10
13
245 69 70 104 170 127 130 123 120 183 35 36 205
2940 2942 10
10
182 121 122 131 126 171 105 71 72 245
2940 2942 10
14
48 210 47 44 216 107 104 172 192 95 90 139 142 79
2940 2942 10
21
145 31 32 85 86 102 117 114 227 224 159 160 185 19 20 191 173 105 71 72 245
2940 2942 10
7
225 226 115 116 103 77 27
2940 2942 10
5
24 101 102 117 114
3000 3002 10
13
174 231 135 113 110 271 13 10 182 121 122 131 132
3000 3002 10
12
184 161 158 225 226 115 116 103 87 84 33 30
3000 3002 10
7
189 186 209 49 44 216 107
3000 3002 10
7
210 129 130 123 120 183 11
3000 3002 10
21
145 31 32 85 86 102 117 114 227 224 159 160 185 19 20 191 173 105 71 72 245
3000 3002 10
9
4 204 37 34 182 121 122 131 128
3000 3002 10
7
145 31 32 85 86 100 75
3000 3002 10
6
101 102 117 114 227 224
3000 3002 10
11
231 135 113 110 271 13 10 182 121 122 131
3060 3062 10
14
271 13 10 182 121 63 60 224 253 95 90 139 142 79
3060 3062 10
12
184 161 158 225 226 115 116 103 87 84 33 30
3060 3062 10
11
231 135 113 110 271 13 10 182 121 122 131
3060 3062 10
12
4 204 37 34 182 121 63 60 224 253 95 92
3060 3062 10
9
291 115 116 103 87 84 33 30 144
3060 3062 10
21
145 31 32 85 86 102 117 114 227 224 159 160 185 19 20 191 173 105 71 72 245
3060 3062 10
10
98 93 90 139 142 79 80 145 31 32
3060 3062 10
13
245 69 70 104 170 127 130 123 120 183 35 36 205
3060 3062 10
7
145 31 32 85 86 100 75
3120 3122 10
11
231 135 113 110 271 13 10 182 121 122 131
3120 3122 10
7
145 31 32 85 86 100 75
3120 3122 10
21
145 31 32 85 86 102 117 114 227 224 159 160 185 19 20 191 173 105 71 72 245
3120 3122 10
5
24 101 102 117 114
3180 3182 10
9
4 204 37 34 182 121 122 131 128
3180 3182 10
9
291 115 116 103 87 84 33 30 144
3180 3182 10
12
4 204 37 34 182 121 63 60 224 253 95 92
3180 3182 10
13
174 231 135 113 110 271 13 10 182 121 122 131 132
3180 3182 10
11
231 135 113 110 271 13 10 182 121 122 131
3180 3182 10
14
271 13 10 182 121 63 60 224 253 95 90 139 142 79
3180 3182 10
14
48 210 47 44 216 107 104 172 192 95 90 139 142 79
3180 3182 10
12
184 161 158 225 226 115 116 103 87 84 33 30
3180 3182 10
7
189 186 209 49 44 216 107
3180 3182 10
6
101 102 117 114 227 224
3180 3182 10
13
245 69 70 104 170 127 130 123 120 183 35 36 205
3240 3242 10
7
189 186 209 49 44 216 107
3240 3242 10
7
145 31 32 85 86 100 75
3240 3242 10
13
174 231 135 113 110 271 13 10 182 121 122 131 132
3240 3242 10
17
99 96 235 165 162 141 142 79 80 145 31 32 85 86 100 25 22
3240 3242 10
7
225 226 115 116 103 77 27
3240 3242 10
18
234 97 98 93 94 252 225 226 115 116 103 100 25 22 174 231 135 113
3240 3242 10
9
291 115 116 103 87 84 33 30 144
3240 3242 10
7
210 129 130 123 120 183 11
3240 3242 10
14
48 210 47 44 216 107 104 172 192 95 90 139 142 79
3300 3302 10
7
189 186 209 49 44 216 107
3300 3302 10
21
145 31 32 85 86 102 117 114 227 224 159 160 185 19 20 191 173 105 71 72 245
3300 3302 10
9
291 115 116 103 87 84 33 30 144
3300 3302 10
12
4 204 37 34 182 121 63 60 224 253 95 92
3300 3302 10
19
4 204 37 34 11 12 270 111 112 134 230 175 23 24 101 87 84 33 30
3300 3302 10
17
99 96 235 165 162 141 142 79 80 145 31 32 85 86 100 25 22
3300 3302 10
10
182 121 122 131 126 171 105 71 72 245
3300 3302 10
7
145 31 32 85 86 100 75
3300 3302 10
9
213 127 130 123 120 183 35 36 205
3300 3302 10
7
145 31 32 85 86 100 75
3360 3362 10
12
184 161 158 225 226 115 116 103 87 84 33 30
3360 3362 10
7
189 186 209 49 44 216 107
3360 3362 10
7
145 31 32 85 86 100 75
3360 3362 10
14
48 210 47 44 216 107 104 172 192 95 90 139 142 79
3360 3362 10
7
225 226 115 116 103 77 27
3360 3362 10
18
234 97 98 93 94 252 225 226 115 116 103 100 25 22 174 231 135 113
3360 3362 10
10
182 121 122 131 126 171 105 71 72 245
3360 3362 10
5
24 101 102 117 114
3360 3362 10
9
291 115 116 103 87 84 33 30 144
3420 3422 10
12
184 161 158 225 226 115 116 103 87 84 33 30
3420 3422 10
9
213 127 130 123 120 183 35 36 205
3420 3422 10
13
174 231 135 113 110 271 13 10 182 121 122 131 132
3420 3422 10
9
291 115 116 103 87 84 33 30 144
3420 3422 10
11
231 135 113 110 271 13 10 182 121 122 131
3420 3422 10
5
24 101 102 117 114
3420 3422 10
7
145 31 32 85 86 100 75
3420 3422 10
7
210 129 130 123 120 183 11
3480 3482 10
9
291 115 116 103 87 84 33 30 144
3480 3482 10
13
245 69 70 104 170 127 130 123 120 183 35 36 205
3480 3482 10
21
145 31 32 85 86 102 117 114 227 224 159 160 185 19 20 191 173 105 71 72 245
3480 3482 10
16
174 231 135 113 110 271 13 10 182 121 122 131 126 171 105 71
3480 3482 10
7
145 31 32 85 86 100 75
3480 3482 10
7
225 226 115 116 103 77 27
3480 3482 10
13
174 231 135 113 110 271 13 10 182 121 122 131 132
3540 3542 10
14
48 210 47 44 216 107 104 172 192 95 90 139 142 79
3540 3542 10
21
145 31 32 85 86 102 117 114 227 224 159 160 185 19 20 191 173 105 71 72 245
3540 3542 10
16
174 231 135 113 110 271 13 10 182 121 122 131 126 171 105 71
3540 3542 10
11
231 135 113 110 271 13 10 182 121 122 131
3540 3542 10
7
210 129 130 123 120 183 11
3540 3542 10
7
189 186 209 49 44 216 107
3540 3542 10
9
213 127 130 123 120 183 35 36 205
3540 3542 10
12
4 204 37 34 182 121 63 60 224 253 95 92
3600 3602 10
10
216 213 127 130 123 120 183 35 36 205
3600 3602 10
9
291 115 116 103 87 84 33 30 144
3600 3602 10
7
189 186 209 49 44 216 107
3600 3602 10
13
174 231 135 113 110 271 13 10 182 121 122 131 132
3600 3602 10
16
174 231 135 113 110 271 13 10 182 121 122 131 126 171 105 71
3600 3602 10
11
231 135 113 110 271 13 10 182 121 122 131
3600 3602 10
7
225 226 115 116 103 77 27
3660 3662 10
14
276 129 130 123 124 241 119 116 103 87 84 33 30 144
3660 3662 10
14
31 32 85 86 102 117 118 240 125 122 131 128 211 208
3660 3662 10
16
189 186 209 49 44 216 107 104 172 192 95 90 139 142 79 80
3660 3662 10
14
213 214 21 18 184 161 158 225 226 115 116 103 100 75
3660 3662 10
1
132
3660 3662 10
17
145 31 32 85 86 102 117 114 227 224 253 95 90 139 140 163 164
3660 3662 10
14
163 164 234 97 98 93 94 252 225 61 62 120 183 35
3660 3662 10
14
174 231 135 113 110 271 13 10 182 121 63 60 224 159
3660 3662 10
18
24 101 102 117 114 227 224 159 160 185 19 20 191 173 105 71 72 245
3660 3662 10
13
271 13 10 182 121 63 60 224 253 95 90 139 140
3660 3662 10
15
174 231 135 113 110 271 13 10 182 121 63 60 224 253 95
3720 3722 10
13
145 31 32 85 86 102 117 114 227 224 253 95 90
3720 3722 10
16
145 31 32 85 86 102 117 114 227 224 159 160 185 19 20 191
3720 3722 10
14
213 214 21 18 184 161 158 225 226 115 116 103 100 75
3720 3722 10
15
174 231 135 113 110 271 13 10 182 121 63 60 224 253 95
3720 3722 10
16
189 186 209 49 44 216 107 104 172 192 95 90 139 142 79 80
3720 3722 10
14
31 32 85 86 102 117 118 240 125 122 131 128 211 208
3720 3722 10
13
271 13 10 182 121 63 60 224 253 95 90 139 140
3780 3782 10
13
145 31 32 85 86 102 117 114 227 224 253 95 90
3780 3782 10
13
271 13 10 182 121 63 60 224 253 95 90 139 140
3780 3782 10
14
213 214 21 18 184 161 158 225 226 115 116 103 100 75
3780 3782 10
10
94 252 225 61 62 120 183 11 12 270
3780 3782 10
16
189 186 209 49 44 216 107 104 172 192 95 90 139 142 79 80
3780 3782 10
8
116 103 100 25 22 174 231 135
3780 3782 10
8
225 226 115 116 103 100 25 22
3780 3782 10
10
142 79 80 145 31 32 85 86 77 27
3780 3782 10
15
174 231 135 113 110 271 13 10 182 121 63 60 224 253 95
3780 3782 10
10
146 291 115 116 103 87 84 33 30 144
3840 3842 10
8
225 226 115 116 103 100 25 22
3840 3842 10
14
174 231 135 113 110 271 13 10 182 121 63 60 224 159
3840 3842 10
10
146 291 115 116 103 87 84 33 30 144
3840 3842 10
1
132
3900 3902 10
16
189 186 209 49 44 216 107 104 172 192 95 90 139 142 79 80
3900 3902 10
10
94 252 225 61 62 120 183 11 12 270
3900 3902 10
14
174 231 135 113 110 271 13 10 182 121 63 60 224 159
3900 3902 10
14
31 32 85 86 102 117 118 240 125 122 131 128 211 208
3900 3902 10
14
213 214 21 18 184 161 158 225 226 115 116 103 100 75
3900 3902 10
16
145 31 32 85 86 102 117 114 227 224 159 160 185 19 20 191
3900 3902 10
14
163 164 234 97 98 93 94 252 225 61 62 120 183 35
3900 3902 10
8
104 170 127 130 123 120 183 35
3900 3902 10
1
132
3900 3902 10
10
142 79 80 145 31 32 85 86 77 27
3900 3902 10
14
174 231 135 113 110 271 13 10 182 121 122 131 132 189
3960 3962 10
13
271 13 10 182 121 63 60 224 253 95 90 139 140
3960 3962 10
8
225 226 115 116 103 100 25 22
3960 3962 10
8
116 103 100 25 22 174 231 135
3960 3962 10
18
24 101 102 117 114 227 224 159 160 185 19 20 191 173 105 71 72 245
3960 3962 10
17
145 31 32 85 86 102 117 114 227 224 253 95 90 139 140 163 164
3960 3962 10
10
142 79 80 145 31 32 85 86 77 27
3960 3962 10
14
163 164 234 97 98 93 94 252 225 61 62 120 183 35
3960 3962 10
14
276 129 130 123 124 241 119 116 103 87 84 33 30 144
3960 3962 10
14
174 231 135 113 110 271 13 10 182 121 63 60 224 159
4020 4022 10
8
116 103 100 25 22 174 231 135
4020 4022 10
14
213 214 21 18 184 161 158 225 226 115 116 103 100 75
4020 4022 10
16
145 31 32 85 86 102 117 114 227 224 159 160 185 19 20 191
4020 4022 10
8
204 37 34 182 121 122 131 126
4020 4022 10
15
174 231 135 113 110 271 13 10 182 121 63 60 224 253 95
4020 4022 10
10
142 79 80 145 31 32 85 86 77 27
4020 4022 10
14
174 231 135 113 110 271 13 10 182 121 63 60 224 159
4080 4082 10
8
104 170 127 130 123 120 183 35
4080 4082 10
13
145 31 32 85 86 102 117 114 227 224 253 95 90
4080 4082 10
8
204 37 34 182 121 122 131 126
4080 4082 10
8
225 226 115 116 103 100 25 22
4080 4082 10
14
213 214 21 18 184 161 158 225 226 115 116 103 100 75
4080 4082 10
14
31 32 85 86 102 117 118 240 125 122 131 128 211 208
4080 4082 10
16
145 31 32 85 86 102 117 114 227 224 159 160 185 19 20 191
4080 4082 10
1
132
4080 4082 10
10
94 252 225 61 62 120 183 11 12 270
4080 4082 10
4
26 74 25 22
4080 4082 10
14
174 231 135 113 110 271 13 10 182 121 63 60 224 159
4080 4082 10
18
174 231 135 113 110 271 13 10 182 121 63 60 224 253 95 92 99 96
4140 4142 10
8
104 170 127 130 123 120 183 35
4140 4142 10
17
145 31 32 85 86 102 117 114 227 224 253 95 90 139 140 163 164
4140 4142 10
16
189 186 209 49 44 216 107 104 172 192 95 90 139 142 79 80
4140 4142 10
10
94 252 225 61 62 120 183 11 12 270
4140 4142 10
8
225 226 115 116 103 100 25 22
4140 4142 10
13
271 13 10 182 121 63 60 224 253 95 90 139 140
4140 4142 10
7
182 121 122 131 126 212 217
4140 4142 10
16
145 31 32 85 86 102 117 114 227 224 159 160 185 19 20 191
4140 4142 10
9
204 37 34 182 121 122 131 128 211
4140 4142 10
8
204 37 34 182 121 122 131 126
4140 4142 10
15
174 231 135 113 110 271 13 10 182 121 63 60 224 253 95
4140 4142 10
10
142 79 80 145 31 32 85 86 77 27
4140 4142 10
18
24 101 102 117 114 227 224 159 160 185 19 20 191 173 105 71 72 245
4140 4142 10
14
174 231 135 113 110 271 13 10 182 121 63 60 224 159
4200 4202 10
14
213 214 21 18 184 161 158 225 226 115 116 103 100 75
4200 4202 10
17
145 31 32 85 86 102 117 114 227 224 253 95 90 139 140 163 164
4200 4202 10
14
174 231 135 113 110 271 13 10 182 121 63 60 224 159
4200 4202 10
10
94 252 225 61 62 120 183 11 12 270
4200 4202 10
16
145 31 32 85 86 102 117 114 227 224 159 160 185 19 20 191
4200 4202 10
14
31 32 85 86 102 117 118 240 125 122 131 128 211 208
4200 4202 10
14
163 164 234 97 98 93 94 252 225 61 62 120 183 35
4200 4202 10
13
145 31 32 85 86 102 117 114 227 224 253 95 90
4260 4262 10
14
174 231 135 113 110 271 13 10 182 121 63 60 224 159
4260 4262 10
8
204 37 34 182 121 122 131 126
4260 4262 10
18
24 101 102 117 114 227 224 159 160 185 19 20 191 173 105 71 72 245
4260 4262 10
16
189 186 209 49 44 216 107 104 172 192 95 90 139 142 79 80
4260 4262 10
18
174 231 135 113 110 271 13 10 182 121 63 60 224 253 95 92 99 96
4260 4262 10
1
132
4260 4262 10
17
145 31 32 85 86 102 117 114 227 224 253 95 90 139 140 163 164
4260 4262 10
14
213 214 21 18 184 161 158 225 226 115 116 103 100 75
4260 4262 10
10
142 79 80 145 31 32 85 86 77 27
4260 4262 10
13
145 31 32 85 86 102 117 114 227 224 253 95 90
4260 4262 10
10
146 291 115 116 103 87 84 33 30 144
4320 4322 10
10
146 291 115 116 103 87 84 33 30 144
4320 4322 10
15
174 231 135 113 110 271 13 10 182 121 63 60 224 253 95
4320 4322 10
14
213 214 21 18 184 161 158 225 226 115 116 103 100 75
4320 4322 10
18
174 231 135 113 110 271 13 10 182 121 63 60 224 253 95 92 99 96
4320 4322 10
14
163 164 234 97 98 93 94 252 225 61 62 120 183 35
4320 4322 10
17
145 31 32 85 86 102 117 114 227 224 253 95 90 139 140 163 164
4320 4322 10
4
26 74 25 22
4320 4322 10
8
204 37 34 182 121 122 131 126
4320 4322 10
18
24 101 102 117 114 227 224 159 160 185 19 20 191 173 105 71 72 245
4380 4382 10
14
174 231 135 113 110 271 13 10 182 121 63 60 224 159
4380 4382 10
8
104 170 127 130 123 120 183 35
4380 4382 10
13
271 13 10 182 121 63 60 224 253 95 90 139 140
4380 4382 10
17
145 31 32 85 86 102 117 114 227 224 253 95 90 139 140 163 164
4380 4382 10
18
24 101 102 117 114 227 224 159 160 185 19 20 191 173 105 71 72 245
4380 4382 10
14
213 214 21 18 184 161 158 225 226 115 116 103 100 75
4380 4382 10
1
132
4380 4382 10
10
94 252 225 61 62 120 183 11 12 270
4380 4382 10
14
163 164 234 97 98 93 94 252 225 61 62 120 183 35
4380 4382 10
15
174 231 135 113 110 271 13 10 182 121 63 60 224 253 95
4440 4442 10
14
213 214 21 18 184 161 158 225 226 115 116 103 100 75
4440 4442 10
13
145 31 32 85 86 102 117 114 227 224 253 95 90
4440 4442 10
8
204 37 34 182 121 122 131 126
4440 4442 10
14
31 32 85 86 102 117 118 240 125 122 131 128 211 208
4440 4442 10
8
104 170 127 130 123 120 183 35
4440 4442 10
17
145 31 32 85 86 102 117 114 227 224 253 95 90 139 140 163 164
4440 4442 10
8
225 226 115 116 103 100 25 22
4440 4442 10
8
116 103 100 25 22 174 231 135
4440 4442 10
10
142 79 80 145 31 32 85 86 77 27
4440 4442 10
14
213 214 21 18 184 161 158 225 226 115 116 103 100 75
4500 4502 10
16
189 186 209 49 44 216 107 104 172 192 95 90 139 142 79 80
4500 4502 10
8
225 226 115 116 103 100 25 22
4500 4502 10
7
182 121 122 131 126 212 217
4500 4502 10
14
213 214 21 18 184 161 158 225 226 115 116 103 100 75
4500 4502 10
14
31 32 85 86 102 117 118 240 125 122 131 128 211 208
4500 4502 10
14
174 231 135 113 110 271 13 10 182 121 63 60 224 159
4560 4562 10
16
189 186 209 49 44 216 107 104 172 192 95 90 139 142 79 80
4560 4562 10
8
225 226 115 116 103 100 25 22
4560 4562 10
4
26 74 25 22
4560 4562 10
14
174 231 135 113 110 271 13 10 182 121 63 60 224 159
4560 4562 10
14
213 214 21 18 184 161 158 225 226 115 116 103 100 75
4560 4562 10
15
174 231 135 113 110 271 13 10 182 121 63 60 224 253 95
4560 4562 10
1
132
4560 4562 10
17
145 31 32 85 86 102 117 114 227 224 253 95 90 139 140 163 164
4560 4562 10
3
116 103 87
4620 4622 10
14
163 164 234 97 98 93 94 252 225 61 62 120 183 35
4620 4622 10
10
142 79 80 145 31 32 85 86 77 27
4620 4622 10
8
204 37 34 182 121 122 131 126
4620 4622 10
1
132
4620 4622 10
16
145 31 32 85 86 102 117 114 227 224 159 160 185 19 20 191
4620 4622 10
13
271 13 10 182 121 63 60 224 253 95 90 139 140
4620 4622 10
17
145 31 32 85 86 102 117 114 227 224 253 95 90 139 140 163 164
4620 4622 10
16
189 186 209 49 44 216 107 104 172 192 95 90 139 142 79 80
4620 4622 10
8
104 170 127 130 123 120 183 35
4680 4682 10
1
132
4680 4682 10
14
276 129 130 123 124 241 119 116 103 87 84 33 30 144
4680 4682 10
14
163 164 234 97 98 93 94 252 225 61 62 120 183 35
4680 4682 10
17
145 31 32 85 86 102 117 114 227 224 253 95 90 139 140 163 164
4680 4682 10
8
116 103 100 25 22 174 231 135
4680 4682 10
14
174 231 135 113 110 271 13 10 182 121 63 60 224 159
4680 4682 10
14
31 32 85 86 102 117 118 240 125 122 131 128 211 208
4680 4682 10
8
204 37 34 182 121 122 131 126
4680 4682 10
10
94 252 225 61 62 120 183 11 12 270
4680 4682 10
15
174 231 135 113 110 271 13 10 182 121 63 60 224 253 95
4740 4742 10
17
145 31 32 85 86 102 117 114 227 224 253 95 90 139 140 163 164
4740 4742 10
14
213 214 21 18 184 161 158 225 226 115 116 103 100 75
4740 4742 10
14
31 32 85 86 102 117 118 240 125 122 131 128 211 208
4740 4742 10
10
146 291 115 116 103 87 84 33 30 144
4740 4742 10
14
174 231 135 113 110 271 13 10 182 121 63 60 224 159
4740 4742 10
13
271 13 10 182 121 63 60 224 253 95 90 139 140
4740 4742 10
10
142 79 80 145 31 32 85 86 77 27
4740 4742 10
10
94 252 225 61 62 120 183 11 12 270
4740 4742 10
16
189 186 209 49 44 216 107 104 172 192 95 90 139 142 79 80
4740 4742 10
14
163 164 234 97 98 93 94 252 225 61 62 120 183 35
4800 4802 10
14
174 231 135 113 110 271 13 10 182 121 63 60 224 159
4800 4802 10
8
225 226 115 116 103 100 25 22
4800 4802 10
10
94 252 225 61 62 120 183 11 12 270
4800 4802 10
14
213 214 21 18 184 161 158 225 226 115 116 103 100 75
4800 4802 10
8
104 170 127 130 123 120 183 35
4800 4802 10
13
271 13 10 182 121 63 60 224 253 95 90 139 140
4800 4802 10
14
163 164 234 97 98 93 94 252 225 61 62 120 183 35
4860 4862 10
12
129 130 123 124 241 119 116 103 87 84 33 30
4860 4862 10
13
145 31 32 85 86 102 117 114 227 224 159 39 42
4860 4862 10
9
86 102 117 118 240 125 122 131 128
4860 4862 10
7
252 225 61 62 120 183 35
4860 4862 10
13
230 175 23 24 101 102 117 118 240 125 122 131 128
4860 4862 10
7
24 101 102 117 114 227 61
4860 4862 10
5
290 147 103 77 27
4860 4862 10
10
161 158 225 226 115 116 103 100 25 22
4860 4862 10
14
230 175 23 24 101 102 117 118 240 125 122 131 132 189
4920 4922 10
8
146 291 115 116 103 100 25 22
4920 4922 10
18
244 73 70 104 172 190 21 18 184 161 158 225 226 115 116 103 100 75
4920 4922 10
7
24 101 102 117 114 227 61
4920 4922 10
14
230 175 23 24 101 102 117 118 240 125 122 131 132 189
4920 4922 10
13
230 175 23 24 101 102 117 118 240 125 122 131 128
4920 4922 10
7
252 225 61 62 120 183 35
4980 4982 10
15
134 230 175 23 24 101 102 117 118 240 125 122 131 132 189
4980 4982 10
16
166 207 210 129 130 123 124 241 119 116 103 87 84 33 30 144
4980 4982 10
19
204 37 34 11 12 270 111 112 134 230 175 23 24 101 87 84 33 30 144
4980 4982 10
9
230 175 23 24 101 87 84 33 30
4980 4982 10
13
230 175 23 24 101 102 117 118 240 125 122 131 128
4980 4982 10
18
244 73 70 104 172 190 21 18 184 161 158 225 226 115 116 103 100 75
4980 4982 10
10
161 158 225 226 115 116 103 100 25 22
4980 4982 10
13
145 31 32 85 86 102 117 114 227 224 159 39 42
4980 4982 10
7
98 93 90 139 142 79 80
5040 5042 10
8
146 291 115 116 103 100 25 22
5040 5042 10
15
31 32 85 86 102 117 118 240 125 122 131 128 211 206 167
5040 5042 10
13
145 31 32 85 86 102 117 114 227 224 159 39 42
5040 5042 10
16
166 207 210 129 130 123 124 241 119 116 103 87 84 33 30 144
5040 5042 10
14
230 175 23 24 101 102 117 118 240 125 122 131 132 189
5040 5042 10
5
31 32 85 86 100
5100 5102 10
13
145 31 32 85 86 102 117 114 227 224 159 39 42
5100 5102 10
14
230 175 23 24 101 102 117 118 240 125 122 131 132 189
5100 5102 10
13
230 175 23 24 101 102 117 118 240 125 122 131 128
5100 5102 10
7
24 101 102 117 114 227 61
5100 5102 10
18
244 73 70 104 172 190 21 18 184 161 158 225 226 115 116 103 100 75
5100 5102 10
9
86 102 117 118 240 125 122 131 128
5100 5102 10
15
134 230 175 23 24 101 102 117 118 240 125 122 131 132 189
5160 5162 10
15
134 230 175 23 24 101 102 117 118 240 125 122 131 132 189
5160 5162 10
18
244 73 70 104 172 190 21 18 184 161 158 225 226 115 116 103 100 75
5160 5162 10
7
252 225 61 62 120 183 35
5160 5162 10
16
166 207 210 129 130 123 124 241 119 116 103 87 84 33 30 144
5160 5162 10
10
145 31 32 85 86 102 117 114 227 61
5160 5162 10
19
204 37 34 11 12 270 111 112 134 230 175 23 24 101 87 84 33 30 144
5160 5162 10
12
129 130 123 124 241 119 116 103 87 84 33 30
5160 5162 10
12
271 13 10 182 121 63 60 224 253 95 92 99
5160 5162 10
7
98 93 90 139 142 79 80
5220 5222 10
18
244 73 70 104 172 190 21 18 184 161 158 225 226 115 116 103 100 75
5220 5222 10
10
161 158 225 226 115 116 103 100 25 22
5220 5222 10
13
230 175 23 24 101 102 117 118 240 125 122 131 128
5220 5222 10
15
31 32 85 86 102 117 118 240 125 122 131 128 211 206 167
5220 5222 10
9
86 102 117 118 240 125 122 131 128
5220 5222 10
14
230 175 23 24 101 102 117 118 240 125 122 131 132 189
5220 5222 10
10
145 31 32 85 86 102 117 114 227 61
5220 5222 10
7
98 93 90 139 142 79 80
5220 5222 10
7
24 101 102 117 114 227 61
5280 5282 10
5
31 32 85 86 100
5340 5342 10
15
31 32 85 86 102 117 118 240 125 122 131 128 211 206 167
5340 5342 10
18
244 73 70 104 172 190 21 18 184 161 158 225 226 115 116 103 100 75
5340 5342 10
10
161 158 225 226 115 116 103 100 25 22
5340 5342 10
5
31 32 85 86 100
5340 5342 10
7
24 101 102 117 114 227 61
5340 5342 10
12
234 97 98 93 94 252 225 61 62 120 183 35
5340 5342 10
7
98 93 90 139 142 79 80
5340 5342 10
13
230 175 23 24 101 102 117 118 240 125 122 131 128
5340 5342 10
5
290 147 103 77 27
5400 5402 10
7
98 93 90 139 142 79 80
5400 5402 10
15
271 13 10 182 121 63 60 224 253 95 90 139 142 79 80
5400 5402 10
19
204 37 34 11 12 270 111 112 134 230 175 23 24 101 87 84 33 30 144
5400 5402 10
10
161 158 225 226 115 116 103 100 25 22
5400 5402 10
14
230 175 23 24 101 102 117 118 240 125 122 131 132 189
5400 5402 10
13
230 175 23 24 101 102 117 118 240 125 122 131 128
5400 5402 10
5
290 147 103 77 27
5400 5402 10
12
129 130 123 124 241 119 116 103 87 84 33 30
5460 5462 10
12
129 130 123 124 241 119 116 103 87 84 33 30
5460 5462 10
15
134 230 175 23 24 101 102 117 118 240 125 122 131 132 189
5460 5462 10
8
146 291 115 116 103 100 25 22
5460 5462 10
15
271 13 10 182 121 63 60 224 253 95 90 139 142 79 80
5460 5462 10
14
230 175 23 24 101 102 117 118 240 125 122 131 132 189
5460 5462 10
18
244 73 70 104 172 190 21 18 184 161 158 225 226 115 116 103 100 75
5460 5462 10
8
290 147 103 87 84 33 30 144
5520 5522 10
12
129 130 123 124 241 119 116 103 87 84 33 30
5520 5522 10
8
146 291 115 116 103 100 25 22
5520 5522 10
7
98 93 90 139 142 79 80
5520 5522 10
5
31 32 85 86 100
5520 5522 10
7
252 225 61 62 120 183 35
5520 5522 10
18
244 73 70 104 172 190 21 18 184 161 158 225 226 115 116 103 100 75
5520 5522 10
13
145 31 32 85 86 102 117 114 227 224 159 39 42
5520 5522 10
13
230 175 23 24 101 102 117 118 240 125 122 131 128
5520 5522 10
9
86 102 117 118 240 125 122 131 128
5580 5582 10
13
145 31 32 85 86 102 117 114 227 224 159 39 42
5580 5582 10
7
252 225 61 62 120 183 35
5580 5582 10
10
145 31 32 85 86 102 117 114 227 61
5580 5582 10
7
24 101 102 117 114 227 61
5580 5582 10
12
234 97 98 93 94 252 225 61 62 120 183 35
5640 5642 10
15
271 13 10 182 121 63 60 224 253 95 90 139 142 79 80
5640 5642 10
5
31 32 85 86 100
5640 5642 10
7
24 101 102 117 114 227 61
5640 5642 10
14
230 175 23 24 101 102 117 118 240 125 122 131 132 189
5640 5642 10
19
204 37 34 11 12 270 111 112 134 230 175 23 24 101 87 84 33 30 144
5640 5642 10
12
129 130 123 124 241 119 116 103 87 84 33 30
5640 5642 10
15
134 230 175 23 24 101 102 117 118 240 125 122 131 132 189
5700 5702 10
10
161 158 225 226 115 116 103 100 25 22
5700 5702 10
13
230 175 23 24 101 102 117 118 240 125 122 131 128
5700 5702 10
19
204 37 34 11 12 270 111 112 134 230 175 23 24 101 87 84 33 30 144
5700 5702 10
13
145 31 32 85 86 102 117 114 227 224 159 39 42
5700 5702 10
5
290 147 103 77 27
5700 5702 10
12
129 130 123 124 241 119 116 103 87 84 33 30
5700 5702 10
9
86 102 117 118 240 125 122 131 128
5700 5702 10
15
271 13 10 182 121 63 60 224 253 95 90 139 142 79 80
5700 5702 10
7
24 101 102 117 114 227 61
5700 5702 10
12
234 97 98 93 94 252 225 61 62 120 183 35
5760 5762 10
19
204 37 34 11 12 270 111 112 134 230 175 23 24 101 87 84 33 30 144
5760 5762 10
13
230 175 23 24 101 102 117 118 240 125 122 131 128
5760 5762 10
10
161 158 225 226 115 116 103 100 25 22
5760 5762 10
18
244 73 70 104 172 190 21 18 184 161 158 225 226 115 116 103 100 75
5760 5762 10
15
31 32 85 86 102 117 118 240 125 122 131 128 211 206 167
5760 5762 10
13
145 31 32 85 86 102 117 114 227 224 159 39 42
5760 5762 10
7
24 101 102 117 114 227 61
5820 5822 10
14
230 175 23 24 101 102 117 118 240 125 122 131 132 189
5820 5822 10
18
244 73 70 104 172 190 21 18 184 161 158 225 226 115 116 103 100 75
5820 5822 10
13
230 175 23 24 101 102 117 118 240 125 122 131 128
5820 5822 10
7
24 101 102 117 114 227 61
5820 5822 10
12
129 130 123 124 241 119 116 103 87 84 33 30
5820 5822 10
10
161 158 225 226 115 116 103 100 25 22
5880 5882 10
16
166 207 210 129 130 123 124 241 119 116 103 87 84 33 30 144
5880 5882 10
15
31 32 85 86 102 117 118 240 125 122 131 128 211 206 167
5880 5882 10
15
134 230 175 23 24 101 102 117 118 240 125 122 131 132 189
5880 5882 10
18
244 73 70 104 172 190 21 18 184 161 158 225 226 115 116 103 100 75
5880 5882 10
13
145 31 32 85 86 102 117 114 227 224 159 39 42
5880 5882 10
19
204 37 34 11 12 270 111 112 134 230 175 23 24 101 87 84 33 30 144
5940 5942 10
10
145 31 32 85 86 102 117 114 227 61
5940 5942 10
12
271 13 10 182 121 63 60 224 253 95 92 99
5940 5942 10
5
31 32 85 86 100
5940 5942 10
5
290 147 103 77 27
5940 5942 10
14
230 175 23 24 101 102 117 118 240 125 122 131 132 189
5940 5942 10
15
271 13 10 182 121 63 60 224 253 95 90 139 142 79 80
5940 5942 10
18
244 73 70 104 172 190 21 18 184 161 158 225 226 115 116 103 100 75
5940 5942 10
13
230 175 23 24 101 102 117 118 240 125 122 131 128
5940 5942 10
8
290 147 103 87 84 33 30 144
6000 6002 10
7
98 93 90 139 142 79 80
6000 6002 10
7
24 101 102 117 114 227 61
6000 6002 10
7
252 225 61 62 120 183 35
6000 6002 10
5
31 32 85 86 100
6000 6002 10
13
230 175 23 24 101 102 117 118 240 125 122 131 128
6000 6002 10
13
145 31 32 85 86 102 117 114 227 224 159 39 42
6000 6002 10
10
161 158 225 226 115 116 103 100 25 22
6000 6002 10
16
166 207 210 129 130 123 124 241 119 116 103 87 84 33 30 144
6000 6002 10
18
244 73 70 104 172 190 21 18 184 161 158 225 226 115 116 103 100 75
6060 6062 10
8
182 121 124 241 119 116 146 289
6060 6062 10
14
270 111 112 134 230 175 23 24 101 87 84 33 30 144
6060 6062 10
5
101 87 84 33 30
6060 6062 10
14
174 231 135 113 110 271 13 10 182 121 122 131 132 189
6060 6062 10
12
31 32 85 86 102 117 114 227 224 159 160 41
6060 6062 10
12
101 87 84 33 30 144 81 78 143 140 163 164
6060 6062 10
8
146 291 115 116 103 87 84 33
6060 6062 10
12
31 32 85 86 102 117 118 240 125 122 131 132
6120 6122 10
15
190 21 18 184 161 158 225 226 115 116 103 87 84 33 30
6120 6122 10
13
214 21 18 184 161 158 225 226 115 116 103 100 75
6120 6122 10
11
231 135 113 110 271 13 10 182 121 122 131
6120 6122 10
13
145 31 32 85 86 100 25 22 174 231 135 113 110
6120 6122 10
8
182 121 124 241 119 116 146 289
6120 6122 10
8
146 291 115 116 103 87 84 33
6120 6122 10
8
227 61 62 120 183 35 36 205
6120 6122 10
12
31 32 85 86 102 117 114 227 224 159 160 41
6120 6122 10
18
172 190 21 18 184 161 158 225 226 115 116 103 100 25 22 174 231 135
6180 6182 10
15
190 21 18 184 161 158 225 226 115 116 103 87 84 33 30
6180 6182 10
8
146 291 115 116 103 87 84 33
6180 6182 10
6
182 121 122 131 126 214
6180 6182 10
13
214 21 18 184 161 158 225 226 115 116 103 100 75
6180 6182 10
12
31 32 85 86 102 117 114 227 224 159 160 41
6180 6182 10
11
231 135 113 110 271 13 10 182 121 122 131
6180 6182 10
13
145 31 32 85 86 100 25 22 174 231 135 113 110
6240 6242 10
11
231 135 113 110 271 13 10 182 121 122 131
6240 6242 10
15
190 21 18 184 161 158 225 226 115 116 103 87 84 33 30
6240 6242 10
6
182 121 122 131 126 214
6240 6242 10
14
270 111 112 134 230 175 23 24 101 87 84 33 30 144
6240 6242 10
8
204 37 34 182 121 63 60 224
6240 6242 10
8
146 291 115 116 103 87 84 33
6240 6242 10
13
145 31 32 85 86 100 25 22 174 231 135 113 110
6240 6242 10
14
174 231 135 113 110 271 13 10 182 121 122 131 132 189
6240 6242 10
13
214 21 18 184 161 158 225 226 115 116 103 100 75
6240 6242 10
10
256 73 70 104 170 127 130 123 120 183
6300 6302 10
15
190 21 18 184 161 158 225 226 115 116 103 87 84 33 30
6300 6302 10
6
182 121 122 131 126 214
6300 6302 10
13
214 21 18 184 161 158 225 226 115 116 103 100 75
6300 6302 10
20
145 31 32 85 86 100 25 22 174 231 135 113 110 271 13 10 35 36 205 5
6300 6302 10
20
174 231 135 113 110 271 13 10 182 121 63 60 224 253 95 90 139 142 79 80
6300 6302 10
10
256 73 70 104 170 127 130 123 120 183
6300 6302 10
8
146 291 115 116 103 87 84 33
6360 6362 10
8
182 121 124 241 119 116 146 289
6360 6362 10
14
270 111 112 134 230 175 23 24 101 87 84 33 30 144
6360 6362 10
5
101 87 84 33 30
6360 6362 10
13
214 21 18 184 161 158 225 226 115 116 103 100 75
6360 6362 10
11
231 135 113 110 271 13 10 182 121 122 131
6360 6362 10
8
204 37 34 182 121 63 60 224
6360 6362 10
14
174 231 135 113 110 271 13 10 182 121 122 131 132 189
6360 6362 10
20
145 31 32 85 86 100 25 22 174 231 135 113 110 271 13 10 35 36 205 5
6360 6362 10
13
145 31 32 85 86 100 25 22 174 231 135 113 110
6360 6362 10
8
227 61 62 120 183 35 36 205
6360 6362 10
8
182 121 124 241 119 116 146 289
6420 6422 10
17
174 231 135 113 110 271 13 10 182 121 63 60 224 253 95 90 139
6420 6422 10
14
210 129 130 123 124 241 119 116 103 87 84 33 30 144
6420 6422 10
15
190 21 18 184 161 158 225 226 115 116 103 87 84 33 30
6420 6422 10
13
145 31 32 85 86 100 25 22 174 231 135 113 110
6480 6482 10
13
214 21 18 184 161 158 225 226 115 116 103 100 75
6480 6482 10
5
24 101 102 117 118
6480 6482 10
19
145 31 32 85 86 102 117 114 227 224 159 160 185 19 20 215 212 217 45
6480 6482 10
20
145 31 32 85 86 100 25 22 174 231 135 113 110 271 13 10 35 36 205 5
6480 6482 10
8
227 61 62 120 183 35 36 205
6480 6482 10
14
174 231 135 113 110 271 13 10 182 121 122 131 132 189
6540 6542 10
8
146 291 115 116 103 87 84 33
6540 6542 10
8
227 61 62 120 183 35 36 205
6540 6542 10
8
182 121 124 241 119 116 146 289
6540 6542 10
19
145 31 32 85 86 102 117 114 227 224 159 160 185 19 20 215 212 217 45
6540 6542 10
14
174 231 135 113 110 271 13 10 182 121 122 131 132 189
6540 6542 10
14
210 129 130 123 124 241 119 116 103 87 84 33 30 144
6540 6542 10
12
31 32 85 86 102 117 118 240 125 122 131 132
6600 6602 10
15
190 21 18 184 161 158 225 226 115 116 103 87 84 33 30
6600 6602 10
13
145 31 32 85 86 100 25 22 174 231 135 113 110
6600 6602 10
13
214 21 18 184 161 158 225 226 115 116 103 100 75
6600 6602 10
8
146 291 115 116 103 87 84 33
6600 6602 10
8
227 61 62 120 183 35 36 205
6600 6602 10
8
204 37 34 182 121 63 60 224
6600 6602 10
8
182 121 124 241 119 116 146 289
6660 6662 10
14
270 111 112 134 230 175 23 24 101 87 84 33 30 144
6660 6662 10
14
174 231 135 113 110 271 13 10 182 121 122 131 132 189
6660 6662 10
8
146 291 115 116 103 87 84 33
6720 6722 10
12
31 32 85 86 102 117 114 227 224 159 160 41
6720 6722 10
14
210 129 130 123 124 241 119 116 103 87 84 33 30 144
6720 6722 10
8
182 121 124 241 119 116 146 289
6720 6722 10
8
227 61 62 120 183 35 36 205
6720 6722 10
14
174 231 135 113 110 271 13 10 182 121 122 131 132 189
6720 6722 10
11
231 135 113 110 271 13 10 182 121 122 131
6720 6722 10
8
204 37 34 182 121 63 60 224
6720 6722 10
10
256 73 70 104 170 127 130 123 120 183
6720 6722 10
14
270 111 112 134 230 175 23 24 101 87 84 33 30 144
6720 6722 10
13
214 21 18 184 161 158 225 226 115 116 103 100 75
6720 6722 10
12
101 87 84 33 30 144 81 78 143 140 163 164
6720 6722 10
6
182 121 122 131 126 214
6780 6782 10
8
227 61 62 120 183 35 36 205
6780 6782 10
13
214 21 18 184 161 158 225 226 115 116 103 100 75
6780 6782 10
15
190 21 18 184 161 158 225 226 115 116 103 87 84 33 30
6780 6782 10
18
172 190 21 18 184 161 158 225 226 115 116 103 100 25 22 174 231 135
6780 6782 10
11
231 135 113 110 271 13 10 182 121 122 131
6780 6782 10
14
174 231 135 113 110 271 13 10 182 121 122 131 132 189
6780 6782 10
20
145 31 32 85 86 100 25 22 174 231 135 113 110 271 13 10 35 36 205 5
6780 6782 10
20
174 231 135 113 110 271 13 10 182 121 63 60 224 253 95 90 139 142 79 80
6780 6782 10
10
256 73 70 104 170 127 130 123 120 183
6780 6782 10
8
146 291 115 116 103 87 84 33
6780 6782 10
13
145 31 32 85 86 100 25 22 174 231 135 113 110
6780 6782 10
8
182 121 124 241 119 116 146 289
6780 6782 10
14
270 111 112 134 230 175 23 24 101 87 84 33 30 144
6840 6842 10
19
145 31 32 85 86 102 117 114 227 224 159 160 185 19 20 215 212 217 45
6840 6842 10
5
101 87 84 33 30
6840 6842 10
15
190 21 18 184 161 158 225 226 115 116 103 87 84 33 30
6840 6842 10
14
270 111 112 134 230 175 23 24 101 87 84 33 30 144
6840 6842 10
8
146 291 115 116 103 87 84 33
6840 6842 10
8
204 37 34 182 121 63 60 224
6840 6842 10
8
227 61 62 120 183 35 36 205
6840 6842 10
13
214 21 18 184 161 158 225 226 115 116 103 100 75
6840 6842 10
12
31 32 85 86 102 117 118 240 125 122 131 132
6840 6842 10
17
174 231 135 113 110 271 13 10 182 121 63 60 224 253 95 90 139
6840 6842 10
6
182 121 122 131 126 214
6900 6902 10
13
214 21 18 184 161 158 225 226 115 116 103 100 75
6900 6902 10
8
204 37 34 182 121 63 60 224
6900 6902 10
14
174 231 135 113 110 271 13 10 182 121 122 131 132 189
6900 6902 10
20
145 31 32 85 86 100 25 22 174 231 135 113 110 271 13 10 35 36 205 5
6900 6902 10
6
182 121 122 131 126 214
6900 6902 10
19
145 31 32 85 86 102 117 114 227 224 159 160 185 19 20 215 212 217 45
6960 6962 10
14
174 231 135 113 110 271 13 10 182 121 122 131 132 189
6960 6962 10
15
190 21 18 184 161 158 225 226 115 116 103 87 84 33 30
6960 6962 10
12
31 32 85 86 102 117 114 227 224 159 160 41
6960 6962 10
8
204 37 34 182 121 63 60 224
6960 6962 10
20
145 31 32 85 86 100 25 22 174 231 135 113 110 271 13 10 35 36 205 5
6960 6962 10
13
214 21 18 184 161 158 225 226 115 116 103 100 75
7020 7022 10
19
145 31 32 85 86 102 117 114 227 224 159 160 185 19 20 215 212 217 45
7020 7022 10
11
231 135 113 110 271 13 10 182 121 122 131
7020 7022 10
14
270 111 112 134 230 175 23 24 101 87 84 33 30 144
7020 7022 10
18
172 190 21 18 184 161 158 225 226 115 116 103 100 25 22 174 231 135
7020 7022 10
8
146 291 115 116 103 87 84 33
7020 7022 10
8
204 37 34 182 121 63 60 224
7020 7022 10
12
31 32 85 86 102 117 114 227 224 159 160 41
7020 7022 10
14
174 231 135 113 110 271 13 10 182 121 122 131 132 189
7020 7022 10
8
227 61 62 120 183 35 36 205
7080 7082 10
10
256 73 70 104 170 127 130 123 120 183
7080 7082 10
20
174 231 135 113 110 271 13 10 182 121 63 60 224 253 95 90 139 142 79 80
7080 7082 10
14
270 111 112 134 230 175 23 24 101 87 84 33 30 144
7080 7082 10
13
145 31 32 85 86 100 25 22 174 231 135 113 110
7080 7082 10
12
31 32 85 86 102 117 118 240 125 122 131 132
7080 7082 10
11
231 135 113 110 271 13 10 182 121 122 131
7080 7082 10
18
172 190 21 18 184 161 158 225 226 115 116 103 100 25 22 174 231 135
7080 7082 10
8
146 291 115 116 103 87 84 33
7140 7142 10
12
12 270 111 112 134 230 175 23 24 101 102 146
7140 7142 10
8
146 291 115 116 103 87 84 33
7140 7142 10
12
31 32 85 86 102 117 114 227 224 159 160 41
7140 7142 10
13
214 21 18 184 161 158 225 226 115 116 103 100 75
7140 7142 10
8
182 121 124 241 119 116 146 289
7200 7202 10
5
101 87 84 33 30
7200 7202 10
20
145 31 32 85 86 100 25 22 174 231 135 113 110 271 13 10 35 36 205 5
7200 7202 10
6
182 121 122 131 126 214
7200 7202 10
14
174 231 135 113 110 271 13 10 182 121 122 131 132 189
7200 7202 10
13
214 21 18 184 161 158 225 226 115 116 103 100 75
7200 7202 10
8
146 291 115 116 103 87 84 33
7200 7202 10
14
270 111 112 134 230 175 23 24 101 87 84 33 30 144
7200 7202 10
14
210 129 130 123 124 241 119 116 103 87 84 33 30 144
