134
54.6711159 25.285202 1 1
54.7000961 25.2381859 2 1
54.6789131 25.2470379 3 1
54.7008553 25.2633667 4 1
54.7034569 25.2881413 5 1
54.7105598 25.2553768 6 1
54.6970596 25.3000145 7 1
54.7104378 25.2508869 8 1
54.6956444 25.2968369 9 1
54.7087593 25.240366 10 1
54.7047157 25.270792 11 1
54.701664 25.2628841 12 1
54.6711006 25.2382107 13 1
54.6666451 25.2725525 14 1
54.6994934 25.2393513 15 1
54.6737633 25.2982922 16 1
54.698349 25.2668247 17 1
54.675045 25.3031788 18 1
54.6986847 25.2586327 19 1
54.6940575 25.3032036 20 1
54.7104988 25.2561321 21 1
54.7008934 25.3033161 22 1
54.6754951 25.2512798 23 1
54.71035 25.2692165 24 1
54.6888123 25.2595978 25 1
54.7105026 25.2512684 26 1
54.6680336 25.2380924 27 1
54.6661949 25.2503757 28 1
54.6689339 25.2567844 29 1
54.6950607 25.3011665 30 1
54.6682396 25.3032951 31 1
54.6711197 25.2381039 32 1
54.6703262 25.2611656 33 1
54.7081871 25.2382927 34 1
54.6709671 25.2580318 35 1
54.6716042 25.287281 36 1
54.6702232 25.2826061 37 1
54.692955 25.3033257 38 1
54.7105598 25.2919388 39 1
54.7056923 25.3032627 40 1
54.6882477 25.2634182 41 1
54.6732788 25.2835903 42 1
54.6952858 25.3001595 43 1
54.7102661 25.2695045 44 1
54.6988716 25.25881 45 1
54.6732292 25.265398 46 1
54.6876043 25.2678636 47 1
54.6881477 25.2626759 48 1
54.6872146 25.2796597 49 1
54.6871758 25.2717343 50 1
54.6771202 25.3030262 51 1
54.6715821 25.2866775 52 1
54.6709052 25.2847627 53 1
54.6709644 25.2835935 54 1
54.6960678 25.2987204 55 1
54.6884079 25.2721615 56 1
54.6893053 25.2564411 57 1
54.6983048 25.264392 58 1
54.6773415 25.3002334 59 1
54.668808 25.2396889 60 1
54.6947508 25.2883463 61 1
54.6984136 25.2625855 62 1
54.6780863 25.2793865 63 1
54.6665973 25.2520518 64 1
54.7037926 25.2838402 65 1
54.6721312 25.2902864 66 1
54.7034778 25.2660761 67 1
54.6751384 25.2958116 68 1
54.6815024 25.2652893 69 1
54.6946106 25.2818006 70 1
54.6731192 25.2404111 71 1
54.6702797 25.2590294 72 1
54.6901683 25.2793646 73 1
54.6872549 25.2788267 74 1
54.6884384 25.2595262 75 1
54.6992855 25.2435546 76 1
54.6890055 25.2686412 77 1
54.6915302 25.2733784 78 1
54.6718712 25.2694372 79 1
54.6733479 25.2656673 80 1
54.6883602 25.2881098 81 1
54.6898524 25.2636293 82 1
54.6663539 25.2983596 83 1
54.7019406 25.2622156 84 1
54.670824 25.2924099 85 1
54.6697197 25.2383054 86 1
54.6714803 25.29104 87 1
54.6909116 25.2798901 88 1
54.6750768 25.2840119 89 1
54.6860867 25.2744672 90 1
54.7042542 25.266057 91 1
54.6861031 25.2590534 92 1
54.6921249 25.2801193 93 1
54.674353 25.268615 94 1
54.6772226 25.3009938 95 1
54.6859951 25.2861762 96 1
54.6910083 25.2764378 97 1
54.6706683 25.2599996 98 1
54.6763885 25.2742947 99 1
54.7086258 25.2387025 100 1
54.7091344 25.2402903 101 1
54.6879105 25.2750584 102 1
54.6703599 25.2832151 103 1
54.6953786 25.2559767 104 1
54.7044347 25.2664839 105 1
54.6904132 25.2599227 106 1
54.7104588 25.2400722 107 1
54.6981119 25.2495854 108 1
54.6948496 25.2505945 109 1
54.6962757 25.2559857 110 1
54.6695328 25.2392244 111 1
54.689019 25.2570404 112 1
54.6899033 25.2799352 113 1
54.6798884 25.2778505 114 1
54.6882388 25.2626006 115 1
54.7040596 25.288836 116 1
54.6922331 25.2716294 117 1
54.6737766 25.2896236 118 1
54.6845302 25.2770648 119 1
54.6720276 25.2826272 120 1
54.6895739 25.2883533 121 1
54.6889134 25.2550459 122 1
54.7088178 25.2856751 123 1
54.689251 25.2800293 124 1
54.6742287 25.2850405 125 1
54.667244 25.2722426 126 1
54.6808548 25.2727017 127 1
54.7074877 25.2906761 128 1
54.7101746 25.2861004 129 1
54.6949997 25.2643671 130 1
54.6699142 25.240449 131 1
54.672718 25.2756176 132 1
54.6713848 25.2432966 133 1
54.6881981 25.263772 134 1
180
132 99 278.11273908945753 16.67 3 3 2 3
1 0 0 0 1 0 0 0 1
1 0 0 0 1 0 0 0 1
132 79 689.4251538282421 16.67 3 3 4 5
1 0 0 0 1 0 0 0 1
1 0 0 0 1 0 0 0 1
132 120 780.7432136907775 16.67 3 3 6 7
1 0 0 0 1 0 0 0 1
1 0 0 0 1 0 0 0 1
133 23 926.2572499936734 16.67 3 3 8 9
1 0 0 0 1 0 0 0 1
1 0 0 0 1 0 0 0 1
133 71 339.70289262306926 16.67 3 3 10 11
1 0 0 0 1 0 0 0 1
1 0 0 0 1 0 0 0 1
133 64 1021.1074029167399 16.67 3 3 12 13
1 0 0 0 1 0 0 0 1
1 0 0 0 1 0 0 0 1
133 131 330.4770467240422 16.67 3 3 14 15
1 0 0 0 1 0 0 0 1
1 0 0 0 1 0 0 0 1
134 41 39.47215637969185 16.67 3 3 16 17
1 0 0 0 1 0 0 0 1
1 0 0 0 1 0 0 0 1
134 47 456.5913169247508 16.67 3 3 18 19
1 0 0 0 1 0 0 0 1
1 0 0 0 1 0 0 0 1
134 48 121.93132117371667 16.67 3 3 20 21
1 0 0 0 1 0 0 0 1
1 0 0 0 1 0 0 0 1
9 55 211.20864124815316 16.67 3 3 22 23
1 0 0 0 1 0 0 0 1
1 0 0 0 1 0 0 0 1
9 61 945.9147542679615 16.67 3 3 24 25
1 0 0 0 1 0 0 0 1
1 0 0 0 1 0 0 0 1
43 55 167.73623764357748 16.67 3 3 26 27
1 0 0 0 1 0 0 0 1
1 0 0 0 1 0 0 0 1
43 20 347.59147337294775 16.67 3 3 28 29
1 0 0 0 1 0 0 0 1
1 0 0 0 1 0 0 0 1
41 25 426.3825429053925 16.67 3 3 30 31
1 0 0 0 1 0 0 0 1
1 0 0 0 1 0 0 0 1
41 115 90.92037980123837 16.67 3 3 32 33
1 0 0 0 1 0 0 0 1
1 0 0 0 1 0 0 0 1
7 22 442.1474371266677 16.67 3 3 34 35
1 0 0 0 1 0 0 0 1
1 0 0 0 1 0 0 0 1
7 55 157.38914941548447 16.67 3 3 36 37
1 0 0 0 1 0 0 0 1
1 0 0 0 1 0 0 0 1
33 79 925.1668256900625 16.67 3 3 38 39
1 0 0 0 1 0 0 0 1
1 0 0 0 1 0 0 0 1
33 72 237.5680741789068 16.67 3 3 40 41
1 0 0 0 1 0 0 0 1
1 0 0 0 1 0 0 0 1
47 50 431.3091056406545 16.67 3 3 42 43
1 0 0 0 1 0 0 0 1
1 0 0 0 1 0 0 0 1
47 77 124.85672822415992 16.67 3 3 44 45
1 0 0 0 1 0 0 0 1
1 0 0 0 1 0 0 0 1
47 69 485.57762684034236 16.67 3 3 46 47
1 0 0 0 1 0 0 0 1
1 0 0 0 1 0 0 0 1
48 75 350.75033353225155 16.67 3 3 48 49
1 0 0 0 1 0 0 0 1
1 0 0 0 1 0 0 0 1
48 115 10.217850947489667 16.67 3 3 50 51
1 0 0 0 1 0 0 0 1
1 0 0 0 1 0 0 0 1
49 74 92.66730163286705 16.67 3 3 52 53
1 0 0 0 1 0 0 0 1
1 0 0 0 1 0 0 0 1
49 124 137.19866593828417 16.67 3 3 54 55
1 0 0 0 1 0 0 0 1
1 0 0 0 1 0 0 0 1
49 96 728.8739154463375 16.67 3 3 56 57
1 0 0 0 1 0 0 0 1
1 0 0 0 1 0 0 0 1
50 90 311.86238270775 16.67 3 3 58 59
1 0 0 0 1 0 0 0 1
1 0 0 0 1 0 0 0 1
50 56 92.35330515987975 16.67 3 3 60 61
1 0 0 0 1 0 0 0 1
1 0 0 0 1 0 0 0 1
50 127 420.3083773095143 16.67 3 3 62 63
1 0 0 0 1 0 0 0 1
1 0 0 0 1 0 0 0 1
52 1 166.794405456239 16.67 3 3 64 65
1 0 0 0 1 0 0 0 1
1 0 0 0 1 0 0 0 1
52 36 67.12532265401244 16.67 3 3 66 67
1 0 0 0 1 0 0 0 1
1 0 0 0 1 0 0 0 1
52 120 451.31071841080444 16.67 3 3 68 69
1 0 0 0 1 0 0 0 1
1 0 0 0 1 0 0 0 1
53 54 130.07284749788923 16.67 3 3 70 71
1 0 0 0 1 0 0 0 1
1 0 0 0 1 0 0 0 1
53 1 50.69508062640302 16.67 3 3 72 73
1 0 0 0 1 0 0 0 1
1 0 0 0 1 0 0 0 1
53 103 175.63194168222063 16.67 3 3 74 75
1 0 0 0 1 0 0 0 1
1 0 0 0 1 0 0 0 1
54 120 127.36060062214192 16.67 3 3 76 77
1 0 0 0 1 0 0 0 1
1 0 0 0 1 0 0 0 1
54 103 57.285887087200685 16.67 3 3 78 79
1 0 0 0 1 0 0 0 1
1 0 0 0 1 0 0 0 1
5 55 1268.606473712312 16.67 3 3 80 81
1 0 0 0 1 0 0 0 1
1 0 0 0 1 0 0 0 1
5 116 86.41478882292942 16.67 3 3 82 83
1 0 0 0 1 0 0 0 1
1 0 0 0 1 0 0 0 1
5 65 478.77613030736654 16.67 3 3 84 85
1 0 0 0 1 0 0 0 1
1 0 0 0 1 0 0 0 1
5 61 559.860166975301 16.67 3 3 86 87
1 0 0 0 1 0 0 0 1
1 0 0 0 1 0 0 0 1
56 78 242.0524866287355 16.67 3 3 88 89
1 0 0 0 1 0 0 0 1
1 0 0 0 1 0 0 0 1
56 102 323.72310057016904 16.67 3 3 90 91
1 0 0 0 1 0 0 0 1
1 0 0 0 1 0 0 0 1
56 77 393.343705506197 16.67 3 3 92 93
1 0 0 0 1 0 0 0 1
1 0 0 0 1 0 0 0 1
57 104 393.7669369754087 16.67 3 3 94 95
1 0 0 0 1 0 0 0 1
1 0 0 0 1 0 0 0 1
57 122 157.18030402185315 16.67 3 3 96 97
1 0 0 0 1 0 0 0 1
1 0 0 0 1 0 0 0 1
57 112 69.13724785217094 16.67 3 3 98 99
1 0 0 0 1 0 0 0 1
1 0 0 0 1 0 0 0 1
58 62 201.00765810408393 16.67 3 3 100 101
1 0 0 0 1 0 0 0 1
1 0 0 0 1 0 0 0 1
58 17 270.53549518474694 16.67 3 3 102 103
1 0 0 0 1 0 0 0 1
1 0 0 0 1 0 0 0 1
59 95 84.90269986608314 16.67 3 3 104 105
1 0 0 0 1 0 0 0 1
1 0 0 0 1 0 0 0 1
59 68 511.7077243614019 16.67 3 3 106 107
1 0 0 0 1 0 0 0 1
1 0 0 0 1 0 0 0 1
59 96 1659.24950463302 16.67 3 3 108 109
1 0 0 0 1 0 0 0 1
1 0 0 0 1 0 0 0 1
60 111 69.5744383227001 16.67 3 3 110 111
1 0 0 0 1 0 0 0 1
1 0 0 0 1 0 0 0 1
60 27 184.3861816733955 16.67 3 3 112 113
1 0 0 0 1 0 0 0 1
1 0 0 0 1 0 0 0 1
60 131 110.4760775924473 16.67 3 3 114 115
1 0 0 0 1 0 0 0 1
1 0 0 0 1 0 0 0 1
61 70 727.9492939057834 16.67 3 3 116 117
1 0 0 0 1 0 0 0 1
1 0 0 0 1 0 0 0 1
61 121 332.70533397861647 16.67 3 3 118 119
1 0 0 0 1 0 0 0 1
1 0 0 0 1 0 0 0 1
10 100 185.18289103729316 16.67 3 3 120 121
1 0 0 0 1 0 0 0 1
1 0 0 0 1 0 0 0 1
10 21 1756.7765901171927 16.67 3 3 122 123
1 0 0 0 1 0 0 0 1
1 0 0 0 1 0 0 0 1
10 101 25.526240962257543 16.67 3 3 124 125
1 0 0 0 1 0 0 0 1
1 0 0 0 1 0 0 0 1
62 45 420.87268407127567 16.67 3 3 126 127
1 0 0 0 1 0 0 0 1
1 0 0 0 1 0 0 0 1
62 19 439.90351585578526 16.67 3 3 128 129
1 0 0 0 1 0 0 0 1
1 0 0 0 1 0 0 0 1
63 99 576.6431656418123 16.67 3 3 130 131
1 0 0 0 1 0 0 0 1
1 0 0 0 1 0 0 0 1
63 114 206.39520536628325 16.67 3 3 132 133
1 0 0 0 1 0 0 0 1
1 0 0 0 1 0 0 0 1
63 89 549.543107428346 16.67 3 3 134 135
1 0 0 0 1 0 0 0 1
1 0 0 0 1 0 0 0 1
64 28 188.17334833262376 16.67 3 3 136 137
1 0 0 0 1 0 0 0 1
1 0 0 0 1 0 0 0 1
64 29 547.307189431308 16.67 3 3 138 139
1 0 0 0 1 0 0 0 1
1 0 0 0 1 0 0 0 1
65 123 381.9522671189811 16.67 3 3 140 141
1 0 0 0 1 0 0 0 1
1 0 0 0 1 0 0 0 1
65 70 632.064136324878 16.67 3 3 142 143
1 0 0 0 1 0 0 0 1
1 0 0 0 1 0 0 0 1
65 11 1452.194876864568 16.67 3 3 144 145
1 0 0 0 1 0 0 0 1
1 0 0 0 1 0 0 0 1
66 16 896.4238948783538 16.67 3 3 146 147
1 0 0 0 1 0 0 0 1
1 0 0 0 1 0 0 0 1
66 36 335.9195153826385 16.67 3 3 148 149
1 0 0 0 1 0 0 0 1
1 0 0 0 1 0 0 0 1
66 87 93.67252471074056 16.67 3 3 150 151
1 0 0 0 1 0 0 0 1
1 0 0 0 1 0 0 0 1
66 118 128.94517036157552 16.67 3 3 152 153
1 0 0 0 1 0 0 0 1
1 0 0 0 1 0 0 0 1
67 4 345.2092401538221 16.67 3 3 154 155
1 0 0 0 1 0 0 0 1
1 0 0 0 1 0 0 0 1
67 105 76.39848275482017 16.67 3 3 156 157
1 0 0 0 1 0 0 0 1
1 0 0 0 1 0 0 0 1
67 11 530.414124370767 16.67 3 3 158 159
1 0 0 0 1 0 0 0 1
1 0 0 0 1 0 0 0 1
68 16 289.6706980139205 16.67 3 3 160 161
1 0 0 0 1 0 0 0 1
1 0 0 0 1 0 0 0 1
68 118 693.6652635002633 16.67 3 3 162 163
1 0 0 0 1 0 0 0 1
1 0 0 0 1 0 0 0 1
46 80 30.903998997867795 16.67 3 3 164 165
1 0 0 0 1 0 0 0 1
1 0 0 0 1 0 0 0 1
46 98 622.4869639610795 16.67 3 3 166 167
1 0 0 0 1 0 0 0 1
1 0 0 0 1 0 0 0 1
69 23 1605.036858265301 16.67 3 3 168 169
1 0 0 0 1 0 0 0 1
1 0 0 0 1 0 0 0 1
69 127 825.3228623537345 16.67 3 3 170 171
1 0 0 0 1 0 0 0 1
1 0 0 0 1 0 0 0 1
69 94 589.9333709953041 16.67 3 3 172 173
1 0 0 0 1 0 0 0 1
1 0 0 0 1 0 0 0 1
37 126 1168.25523438183 16.67 3 3 174 175
1 0 0 0 1 0 0 0 1
1 0 0 0 1 0 0 0 1
37 103 68.29003682274727 16.67 3 3 176 177
1 0 0 0 1 0 0 0 1
1 0 0 0 1 0 0 0 1
70 93 245.91709615683635 16.67 3 3 178 179
1 0 0 0 1 0 0 0 1
1 0 0 0 1 0 0 0 1
70 17 1682.5883258416868 16.67 3 3 180 181
1 0 0 0 1 0 0 0 1
1 0 0 0 1 0 0 0 1
71 3 825.7342485718373 16.67 3 3 182 183
1 0 0 0 1 0 0 0 1
1 0 0 0 1 0 0 0 1
71 13 276.98399393061453 16.67 3 3 184 185
1 0 0 0 1 0 0 0 1
1 0 0 0 1 0 0 0 1
71 32 286.9771304983733 16.67 3 3 186 187
1 0 0 0 1 0 0 0 1
1 0 0 0 1 0 0 0 1
72 35 119.41747374970018 16.67 3 3 188 189
1 0 0 0 1 0 0 0 1
1 0 0 0 1 0 0 0 1
72 29 264.2229949438734 16.67 3 3 190 191
1 0 0 0 1 0 0 0 1
1 0 0 0 1 0 0 0 1
72 98 110.74419963175707 16.67 3 3 192 193
1 0 0 0 1 0 0 0 1
1 0 0 0 1 0 0 0 1
73 113 65.69806953955197 16.67 3 3 194 195
1 0 0 0 1 0 0 0 1
1 0 0 0 1 0 0 0 1
73 124 94.54998253697485 16.67 3 3 196 197
1 0 0 0 1 0 0 0 1
1 0 0 0 1 0 0 0 1
73 97 329.9131537773754 16.67 3 3 198 199
1 0 0 0 1 0 0 0 1
1 0 0 0 1 0 0 0 1
74 102 421.15534770128613 16.67 3 3 200 201
1 0 0 0 1 0 0 0 1
1 0 0 0 1 0 0 0 1
74 119 262.79558272617186 16.67 3 3 202 203
1 0 0 0 1 0 0 0 1
1 0 0 0 1 0 0 0 1
75 25 25.3177702849381 16.67 3 3 204 205
1 0 0 0 1 0 0 0 1
1 0 0 0 1 0 0 0 1
75 92 159.0476985265082 16.67 3 3 206 207
1 0 0 0 1 0 0 0 1
1 0 0 0 1 0 0 0 1
76 15 467.6053498327652 16.67 3 3 208 209
1 0 0 0 1 0 0 0 1
1 0 0 0 1 0 0 0 1
76 19 1677.156067158508 16.67 3 3 210 211
1 0 0 0 1 0 0 0 1
1 0 0 0 1 0 0 0 1
76 108 674.8627808252955 16.67 3 3 212 213
1 0 0 0 1 0 0 0 1
1 0 0 0 1 0 0 0 1
77 117 391.736567618493 16.67 3 3 214 215
1 0 0 0 1 0 0 0 1
1 0 0 0 1 0 0 0 1
77 82 559.9843223177348 16.67 3 3 216 217
1 0 0 0 1 0 0 0 1
1 0 0 0 1 0 0 0 1
78 117 199.66988795497443 16.67 3 3 218 219
1 0 0 0 1 0 0 0 1
1 0 0 0 1 0 0 0 1
78 97 341.8603921026545 16.67 3 3 220 221
1 0 0 0 1 0 0 0 1
1 0 0 0 1 0 0 0 1
79 126 431.1092286661699 16.67 3 3 222 223
1 0 0 0 1 0 0 0 1
1 0 0 0 1 0 0 0 1
79 94 183.9233805591196 16.67 3 3 224 225
1 0 0 0 1 0 0 0 1
1 0 0 0 1 0 0 0 1
80 94 334.10007392312593 16.67 3 3 226 227
1 0 0 0 1 0 0 0 1
1 0 0 0 1 0 0 0 1
81 121 82.57887338007741 16.67 3 3 228 229
1 0 0 0 1 0 0 0 1
1 0 0 0 1 0 0 0 1
81 38 1717.6174274023206 16.67 3 3 230 231
1 0 0 0 1 0 0 0 1
1 0 0 0 1 0 0 0 1
81 88 928.6408566556763 16.67 3 3 232 233
1 0 0 0 1 0 0 0 1
1 0 0 0 1 0 0 0 1
81 96 263.33290475011694 16.67 3 3 234 235
1 0 0 0 1 0 0 0 1
1 0 0 0 1 0 0 0 1
82 130 340.8633037095525 16.67 3 3 236 237
1 0 0 0 1 0 0 0 1
1 0 0 0 1 0 0 0 1
82 106 413.75362722867965 16.67 3 3 238 239
1 0 0 0 1 0 0 0 1
1 0 0 0 1 0 0 0 1
23 35 805.3040637856309 16.67 3 3 240 241
1 0 0 0 1 0 0 0 1
1 0 0 0 1 0 0 0 1
23 3 520.3901144129894 16.67 3 3 242 243
1 0 0 0 1 0 0 0 1
1 0 0 0 1 0 0 0 1
84 45 426.97601911560713 16.67 3 3 244 245
1 0 0 0 1 0 0 0 1
1 0 0 0 1 0 0 0 1
84 3 2244.545939251194 16.67 3 3 246 247
1 0 0 0 1 0 0 0 1
1 0 0 0 1 0 0 0 1
84 8 1373.0017629747604 16.67 3 3 248 249
1 0 0 0 1 0 0 0 1
1 0 0 0 1 0 0 0 1
85 83 721.3631517972238 16.67 3 3 250 251
1 0 0 0 1 0 0 0 1
1 0 0 0 1 0 0 0 1
85 87 158.0733264947818 16.67 3 3 252 253
1 0 0 0 1 0 0 0 1
1 0 0 0 1 0 0 0 1
88 113 65.00042868396388 16.67 3 3 254 255
1 0 0 0 1 0 0 0 1
1 0 0 0 1 0 0 0 1
88 97 383.9522327222805 16.67 3 3 256 257
1 0 0 0 1 0 0 0 1
1 0 0 0 1 0 0 0 1
88 93 82.04210188005523 16.67 3 3 258 259
1 0 0 0 1 0 0 0 1
1 0 0 0 1 0 0 0 1
89 125 126.71601122707091 16.67 3 3 260 261
1 0 0 0 1 0 0 0 1
1 0 0 0 1 0 0 0 1
89 42 124.75280498899758 16.67 3 3 262 263
1 0 0 0 1 0 0 0 1
1 0 0 0 1 0 0 0 1
90 102 134.41061075116625 16.67 3 3 264 265
1 0 0 0 1 0 0 0 1
1 0 0 0 1 0 0 0 1
90 119 305.6949983098361 16.67 3 3 266 267
1 0 0 0 1 0 0 0 1
1 0 0 0 1 0 0 0 1
91 105 48.86815672792015 16.67 3 3 268 269
1 0 0 0 1 0 0 0 1
1 0 0 0 1 0 0 0 1
91 24 526.1604586514583 16.67 3 3 270 271
1 0 0 0 1 0 0 0 1
1 0 0 0 1 0 0 0 1
91 12 390.1128465964548 16.67 3 3 272 273
1 0 0 0 1 0 0 0 1
1 0 0 0 1 0 0 0 1
93 104 2692.8323908261805 16.67 3 3 274 275
1 0 0 0 1 0 0 0 1
1 0 0 0 1 0 0 0 1
93 121 930.1988778580355 16.67 3 3 276 277
1 0 0 0 1 0 0 0 1
1 0 0 0 1 0 0 0 1
16 31 660.0413083109028 16.67 3 3 278 279
1 0 0 0 1 0 0 0 1
1 0 0 0 1 0 0 0 1
16 18 549.6126971896766 16.67 3 3 280 281
1 0 0 0 1 0 0 0 1
1 0 0 0 1 0 0 0 1
94 99 645.0111635784203 16.67 3 3 282 283
1 0 0 0 1 0 0 0 1
1 0 0 0 1 0 0 0 1
95 51 226.1023853599591 16.67 3 3 284 285
1 0 0 0 1 0 0 0 1
1 0 0 0 1 0 0 0 1
97 102 251.34008707022042 16.67 3 3 286 287
1 0 0 0 1 0 0 0 1
1 0 0 0 1 0 0 0 1
99 127 337.40853583622624 16.67 3 3 288 289
1 0 0 0 1 0 0 0 1
1 0 0 0 1 0 0 0 1
100 34 53.58196345303524 16.67 3 3 290 291
1 0 0 0 1 0 0 0 1
1 0 0 0 1 0 0 0 1
100 101 179.56414447879567 16.67 3 3 292 293
1 0 0 0 1 0 0 0 1
1 0 0 0 1 0 0 0 1
101 6 1680.1431506367865 16.67 3 3 294 295
1 0 0 0 1 0 0 0 1
1 0 0 0 1 0 0 0 1
101 107 88.47430712093957 16.67 3 3 296 297
1 0 0 0 1 0 0 0 1
1 0 0 0 1 0 0 0 1
4 12 74.70206414663268 16.67 3 3 298 299
1 0 0 0 1 0 0 0 1
1 0 0 0 1 0 0 0 1
104 109 599.4750219886879 16.67 3 3 300 301
1 0 0 0 1 0 0 0 1
1 0 0 0 1 0 0 0 1
104 110 57.661822140095076 16.67 3 3 302 303
1 0 0 0 1 0 0 0 1
1 0 0 0 1 0 0 0 1
105 44 503.1994178054533 16.67 3 3 304 305
1 0 0 0 1 0 0 0 1
1 0 0 0 1 0 0 0 1
105 11 479.40850913259106 16.67 3 3 306 307
1 0 0 0 1 0 0 0 1
1 0 0 0 1 0 0 0 1
106 25 109.05489568900545 16.67 3 3 308 309
1 0 0 0 1 0 0 0 1
1 0 0 0 1 0 0 0 1
106 130 575.4661231413004 16.67 3 3 310 311
1 0 0 0 1 0 0 0 1
1 0 0 0 1 0 0 0 1
19 45 23.086195055588316 16.67 3 3 312 313
1 0 0 0 1 0 0 0 1
1 0 0 0 1 0 0 0 1
19 110 332.57632075955974 16.67 3 3 314 315
1 0 0 0 1 0 0 0 1
1 0 0 0 1 0 0 0 1
108 109 237.78428987404203 16.67 3 3 316 317
1 0 0 0 1 0 0 0 1
1 0 0 0 1 0 0 0 1
108 110 721.4399393073185 16.67 3 3 318 319
1 0 0 0 1 0 0 0 1
1 0 0 0 1 0 0 0 1
12 26 1411.0293620567913 16.67 3 3 320 321
1 0 0 0 1 0 0 0 1
1 0 0 0 1 0 0 0 1
109 122 624.9575972274326 16.67 3 3 322 323
1 0 0 0 1 0 0 0 1
1 0 0 0 1 0 0 0 1
111 86 102.89878456890744 16.67 3 3 324 325
1 0 0 0 1 0 0 0 1
1 0 0 0 1 0 0 0 1
111 131 138.36880900739555 16.67 3 3 326 327
1 0 0 0 1 0 0 0 1
1 0 0 0 1 0 0 0 1
112 115 620.3345035886618 16.67 3 3 328 329
1 0 0 0 1 0 0 0 1
1 0 0 0 1 0 0 0 1
112 122 221.89579840633345 16.67 3 3 330 331
1 0 0 0 1 0 0 0 1
1 0 0 0 1 0 0 0 1
113 124 43.21254531814571 16.67 3 3 332 333
1 0 0 0 1 0 0 0 1
1 0 0 0 1 0 0 0 1
114 127 575.916912020696 16.67 3 3 334 335
1 0 0 0 1 0 0 0 1
1 0 0 0 1 0 0 0 1
114 119 310.9514864556016 16.67 3 3 336 337
1 0 0 0 1 0 0 0 1
1 0 0 0 1 0 0 0 1
116 128 300.64324235657165 16.67 3 3 338 339
1 0 0 0 1 0 0 0 1
1 0 0 0 1 0 0 0 1
116 40 1607.7010511259375 16.67 3 3 340 341
1 0 0 0 1 0 0 0 1
1 0 0 0 1 0 0 0 1
117 130 826.9243581821361 16.67 3 3 342 343
1 0 0 0 1 0 0 0 1
1 0 0 0 1 0 0 0 1
118 125 510.4773071737347 16.67 3 3 344 345
1 0 0 0 1 0 0 0 1
1 0 0 0 1 0 0 0 1
120 42 133.95241698710018 16.67 3 3 346 347
1 0 0 0 1 0 0 0 1
1 0 0 0 1 0 0 0 1
121 30 1467.8462926002828 16.67 3 3 348 349
1 0 0 0 1 0 0 0 1
1 0 0 0 1 0 0 0 1
123 128 562.647005465181 16.67 3 3 350 351
1 0 0 0 1 0 0 0 1
1 0 0 0 1 0 0 0 1
123 129 99.17099982855937 16.67 3 3 352 353
1 0 0 0 1 0 0 0 1
1 0 0 0 1 0 0 0 1
125 42 172.44388166759114 16.67 3 3 354 355
1 0 0 0 1 0 0 0 1
1 0 0 0 1 0 0 0 1
126 14 51.68216988106704 16.67 3 3 356 357
1 0 0 0 1 0 0 0 1
1 0 0 0 1 0 0 0 1
45 2 2294.786217821631 16.67 3 3 358 359
1 0 0 0 1 0 0 0 1
1 0 0 0 1 0 0 0 1
128 39 242.22373880678032 16.67 3 3 360 361
1 0 0 0 1 0 0 0 1
1 0 0 0 1 0 0 0 1
134
1 65 -1 73 -1
2 359 -1 -1 -1
3 243 247 183 -1
4 155 298 -1 -1
5 80 82 84 86
6 -1 -1 295 -1
7 -1 34 36 -1
8 249 -1 -1 -1
9 22 -1 24 -1
10 122 124 120 -1
11 145 -1 307 159
12 273 -1 320 299
13 185 -1 -1 -1
14 -1 357 -1 -1
15 209 -1 -1 -1
16 280 161 147 278
17 181 -1 103 -1
18 -1 -1 281 -1
19 129 312 211 314
20 -1 -1 29 -1
21 -1 -1 123 -1
22 -1 -1 -1 35
23 169 242 9 240
24 -1 -1 -1 271
25 31 309 -1 205
26 321 -1 -1 -1
27 113 -1 -1 -1
28 137 -1 -1 -1
29 191 -1 139 -1
30 -1 -1 349 -1
31 -1 279 -1 -1
32 187 -1 -1 -1
33 38 -1 40 -1
34 -1 291 -1 -1
35 189 -1 241 -1
36 149 -1 67 -1
37 176 -1 174 -1
38 -1 -1 231 -1
39 -1 -1 -1 361
40 -1 -1 341 -1
41 17 30 32 -1
42 355 263 -1 347
43 28 -1 26 -1
44 -1 -1 -1 305
45 127 245 358 313
46 164 -1 166 -1
47 42 44 19 46
48 21 50 48 -1
49 56 54 52 -1
50 58 60 43 62
51 -1 -1 285 -1
52 66 -1 68 64
53 72 -1 70 74
54 71 76 -1 78
55 37 81 23 27
56 90 88 92 61
57 98 94 96 -1
58 102 -1 100 -1
59 104 108 106 -1
60 114 110 112 -1
61 25 87 116 118
62 101 126 128 -1
63 134 132 130 -1
64 138 13 136 -1
65 85 140 144 142
66 146 152 148 150
67 158 156 154 -1
68 107 -1 162 160
69 170 47 168 172
70 117 143 180 178
71 11 182 186 184
72 41 192 188 190
73 194 -1 198 196
74 53 -1 200 202
75 49 204 -1 206
76 210 -1 208 212
77 93 214 216 45
78 220 -1 218 89
79 5 224 39 222
80 226 -1 165 -1
81 230 228 232 234
82 217 236 238 -1
83 -1 -1 251 -1
84 -1 248 244 246
85 250 -1 252 -1
86 325 -1 -1 -1
87 253 -1 151 -1
88 233 258 256 254
89 260 -1 135 262
90 266 264 59 -1
91 268 270 272 -1
92 -1 207 -1 -1
93 276 179 274 259
94 282 173 227 225
95 284 -1 105 -1
96 109 235 57 -1
97 199 257 221 286
98 167 -1 193 -1
99 131 288 283 3
100 121 292 -1 290
101 294 296 293 125
102 201 287 91 265
103 75 79 177 -1
104 275 302 300 95
105 306 304 269 157
106 239 310 -1 308
107 -1 -1 -1 297
108 318 -1 213 316
109 301 317 -1 322
110 315 -1 319 303
111 326 -1 324 111
112 328 99 330 -1
113 -1 255 195 332
114 -1 336 334 133
115 33 -1 329 51
116 340 338 83 -1
117 219 -1 342 215
118 163 -1 344 153
119 -1 203 267 337
120 69 346 7 77
121 348 119 277 229
122 331 97 323 -1
123 350 352 -1 141
124 -1 333 197 55
125 345 261 354 -1
126 175 223 -1 356
127 335 63 171 289
128 -1 360 351 339
129 -1 -1 -1 353
130 343 -1 311 237
131 15 -1 327 115
132 6 2 4 -1
133 8 10 14 12
134 18 16 20 -1
