621
43.6114502 1.3972 1 1
43.5836945 1.4008272 2 1
43.590004 1.4907275 3 1
43.5524292 1.4570484 4 1
43.5689507 1.414302 5 1
43.652771 1.498156 6 1
43.6408348 1.3831404 7 1
43.5990906 1.5063469 8 1
43.6032906 1.4565849 9 1
43.5898476 1.3733578 10 1
43.6485329 1.4240448 11 1
43.6026573 1.505843 12 1
43.6117668 1.4156259 13 1
43.5603638 1.4576876 14 1
43.6528549 1.4324542 15 1
43.6421013 1.3726376 16 1
43.6227493 1.4878635 17 1
43.6094513 1.3728477 18 1
43.571064 1.373132 19 1
43.6484566 1.424055 20 1
43.572506 1.393573 21 1
43.5636902 1.4034077 22 1
43.5725098 1.4951963 23 1
43.6126862 1.4290206 24 1
43.646595 1.5050741 25 1
43.5492096 1.439501 26 1
43.6489563 1.4744774 27 1
43.6495857 1.4328285 28 1
43.5662994 1.5001743 29 1
43.5981598 1.4191993 30 1
43.6426163 1.5038804 31 1
43.6069756 1.3994883 32 1
43.6522865 1.4736741 33 1
43.5558014 1.4077798 34 1
43.6336899 1.4229331 35 1
43.64851 1.4344344 36 1
43.6118698 1.4253567 37 1
43.555172 1.3728176 38 1
43.6004295 1.4769717 39 1
43.6477432 1.4372395 40 1
43.6050262 1.4043564 41 1
43.6012878 1.4273465 42 1
43.5498734 1.4175583 43 1
43.5939369 1.4907389 44 1
43.5964584 1.4976223 45 1
43.6376305 1.4995985 46 1
43.6001129 1.4531896 47 1
43.5491905 1.456751 48 1
43.6414719 1.4680424 49 1
43.5640717 1.4616767 50 1
43.6395264 1.4702379 51 1
43.5958672 1.4201847 52 1
43.6465073 1.5013758 53 1
43.6124878 1.3843712 54 1
43.6429367 1.45779 55 1
43.6245117 1.4044472 56 1
43.5938034 1.4935344 57 1
43.650959 1.4726964 58 1
43.5718307 1.4989538 59 1
43.6159935 1.4390084 60 1
43.5693474 1.4800122 61 1
43.6525116 1.4451538 62 1
43.5862694 1.403896 63 1
43.6422691 1.3871961 64 1
43.6101379 1.3852109 65 1
43.5491867 1.3919142 66 1
43.5962715 1.4195569 67 1
43.5576935 1.4037088 68 1
43.6026917 1.5058841 69 1
43.5493011 1.4971125 70 1
43.6527748 1.4425385 71 1
43.6428642 1.5050532 72 1
43.5705338 1.4999382 73 1
43.6121216 1.4159977 74 1
43.6383514 1.4527417 75 1
43.6442833 1.5064833 76 1
43.6092987 1.506348 77 1
43.6391411 1.5019124 78 1
43.5807076 1.3735709 79 1
43.6418533 1.3731031 80 1
43.6121597 1.4160388 81 1
43.5975571 1.4205287 82 1
43.5561829 1.4658624 83 1
43.598877 1.3927606 84 1
43.6124687 1.4281578 85 1
43.5635262 1.3871365 86 1
43.6327858 1.5064781 87 1
43.6008453 1.475103 88 1
43.5970383 1.4313221 89 1
43.6384125 1.4844238 90 1
43.6114311 1.3816381 91 1
43.63134 1.3817225 92 1
43.5575409 1.4955512 93 1
43.5729179 1.4938875 94 1
43.6311073 1.3817586 95 1
43.5901794 1.460623 96 1
43.5725441 1.494704 97 1
43.6528511 1.3798316 98 1
43.6229401 1.4924989 99 1
43.5580444 1.4933681 100 1
43.6377487 1.4822313 101 1
43.6463928 1.5048881 102 1
43.5909081 1.4904904 103 1
43.5498047 1.4174727 104 1
43.6159973 1.438709 105 1
43.5701408 1.3762212 106 1
43.5724335 1.473803 107 1
43.5493546 1.4991932 108 1
43.6244888 1.4046648 109 1
43.6475601 1.4390789 110 1
43.6524506 1.4296335 111 1
43.5895157 1.4607018 112 1
43.5495186 1.4987476 113 1
43.5984786 1.3929735 114 1
43.6115477 1.4573552 115 1
43.5809694 1.4651666 116 1
43.6489791 1.4328796 117 1
43.608397 1.3905242 118 1
43.5689866 1.4658082 119 1
43.5974614 1.4456279 120 1
43.5656987 1.3987021 121 1
43.6471748 1.4703976 122 1
43.6475222 1.425797 123 1
43.6114344 1.4182879 124 1
43.5822074 1.4440324 125 1
43.5793116 1.4236317 126 1
43.5859147 1.4048024 127 1
43.6242592 1.4042506 128 1
43.6068799 1.4918228 129 1
43.6145108 1.3870566 130 1
43.6198956 1.468955 131 1
43.6007385 1.4285339 132 1
43.629787 1.4855045 133 1
43.578239 1.3789039 134 1
43.6226066 1.4929562 135 1
43.5564051 1.4063031 136 1
43.5713367 1.4626896 137 1
43.6007388 1.476015 138 1
43.5641058 1.4911559 139 1
43.5789046 1.4839086 140 1
43.5927367 1.434493 141 1
43.5776833 1.4429033 142 1
43.6248821 1.3990479 143 1
43.6293564 1.4826056 144 1
43.5597668 1.4573201 145 1
43.5875437 1.4911163 146 1
43.5550538 1.4568833 147 1
43.588494 1.4209884 148 1
43.5851513 1.4282862 149 1
43.5637863 1.4028972 150 1
43.6202087 1.4358912 151 1
43.6037506 1.4042027 152 1
43.5656253 1.5005168 153 1
43.5938579 1.4091281 154 1
43.6086055 1.4457163 155 1
43.557959 1.4922398 156 1
43.6524342 1.4245983 157 1
43.5926483 1.4016846 158 1
43.596453 1.4969107 159 1
43.5667159 1.4749307 160 1
43.6370628 1.4303216 161 1
43.6473775 1.4187147 162 1
43.5893988 1.4786198 163 1
43.5836894 1.4481842 164 1
43.5763227 1.489605 165 1
43.6040099 1.4933955 166 1
43.565876 1.3960091 167 1
43.5930072 1.5055264 168 1
43.5995684 1.4038188 169 1
43.5690876 1.4910641 170 1
43.5696421 1.4796328 171 1
43.6463131 1.5005301 172 1
43.6007681 1.497254 173 1
43.6428288 1.4159515 174 1
43.6115456 1.4386333 175 1
43.5660737 1.4004357 176 1
43.5862122 1.4045495 177 1
43.6322312 1.4821713 178 1
43.5944082 1.4965 179 1
43.6361984 1.3877683 180 1
43.6383041 1.5010146 181 1
43.619199 1.5045642 182 1
43.613645 1.4886895 183 1
43.5921116 1.3995101 184 1
43.6491861 1.4733961 185 1
43.6015437 1.4270446 186 1
43.5660198 1.3937661 187 1
43.5950478 1.4156085 188 1
43.6361399 1.4204719 189 1
43.5836797 1.450688 190 1
43.6142336 1.3972847 191 1
43.5574933 1.4889657 192 1
43.6251684 1.393733 193 1
43.5616188 1.390877 194 1
43.5774635 1.4663401 195 1
43.6311011 1.3886809 196 1
43.6450663 1.5011958 197 1
43.6294886 1.4865085 198 1
43.6141312 1.4509516 199 1
43.5744488 1.4050387 200 1
43.5861607 1.4611947 201 1
43.6419057 1.4671174 202 1
43.5635173 1.3867823 203 1
43.5936672 1.4914978 204 1
43.553028 1.4502211 205 1
43.5768712 1.4421031 206 1
43.5816423 1.3887866 207 1
43.6237104 1.3895615 208 1
43.6150754 1.4520656 209 1
43.5876871 1.460901 210 1
43.6402908 1.4518988 211 1
43.5550435 1.4668724 212 1
43.5689252 1.4245704 213 1
43.5918098 1.3984708 214 1
43.578781 1.3937037 215 1
43.5924445 1.4445022 216 1
43.5674802 1.406823 217 1
43.6321079 1.3770496 218 1
43.5673896 1.4248171 219 1
43.6486555 1.3763056 220 1
43.6218589 1.3965494 221 1
43.6387147 1.4527194 222 1
43.6358128 1.473016 223 1
43.6404904 1.3826049 224 1
43.5893641 1.4219838 225 1
43.5694388 1.3750273 226 1
43.6212822 1.3968283 227 1
43.6501581 1.381637 228 1
43.6035518 1.450938 229 1
43.6074105 1.3970732 230 1
43.635246 1.4176549 231 1
43.5790748 1.3820485 232 1
43.5848745 1.4476907 233 1
43.6078529 1.3973891 234 1
43.6009632 1.4567135 235 1
43.6095161 1.4543747 236 1
43.627585 1.4834144 237 1
43.6269042 1.4337992 238 1
43.5733433 1.4925543 239 1
43.6267476 1.3851354 240 1
43.5699108 1.3910293 241 1
43.6007605 1.467892 242 1
43.6260216 1.4112065 243 1
43.5700363 1.3796641 244 1
43.5710976 1.4864946 245 1
43.5700638 1.4244843 246 1
43.649706 1.4721107 247 1
43.6480868 1.4260607 248 1
43.5915075 1.4414738 249 1
43.606535 1.3960926 250 1
43.571415 1.4390383 251 1
43.6243648 1.4112484 252 1
43.5884804 1.4232737 253 1
43.5921008 1.3982181 254 1
43.5783961 1.4681566 255 1
43.6092433 1.4539452 256 1
43.571848 1.4765749 257 1
43.5772058 1.4409117 258 1
43.6096924 1.5030625 259 1
43.6008884 1.4560799 260 1
43.6009271 1.4282374 261 1
43.5843239 1.4473556 262 1
43.5837608 1.4702063 263 1
43.5956578 1.4513075 264 1
43.5500062 1.5038023 265 1
43.6391284 1.3777139 266 1
43.5686026 1.4810248 267 1
43.6092477 1.4903337 268 1
43.5795412 1.4731976 269 1
43.5890787 1.4607219 270 1
43.6066259 1.4834142 271 1
43.5631509 1.4753722 272 1
43.5796024 1.4807528 273 1
43.5998142 1.4520295 274 1
43.5650634 1.4697354 275 1
43.5981112 1.4320093 276 1
43.6425311 1.3869997 277 1
43.5838985 1.4440657 278 1
43.571483 1.4985577 279 1
43.5670784 1.4676585 280 1
43.5748046 1.5060569 281 1
43.5944989 1.4126616 282 1
43.5946388 1.4568866 283 1
43.5977996 1.4199489 284 1
43.6068642 1.4731518 285 1
43.5745427 1.3961057 286 1
43.5543927 1.4768336 287 1
43.5655052 1.4106225 288 1
43.6365115 1.4332835 289 1
43.6273697 1.4457121 290 1
43.5824483 1.4886165 291 1
43.631291 1.3916324 292 1
43.6152001 1.464549 293 1
43.626567 1.4443956 294 1
43.5947825 1.4523769 295 1
43.5632014 1.4133322 296 1
43.5730712 1.4932592 297 1
43.5921429 1.4422066 298 1
43.5971189 1.5031047 299 1
43.6283731 1.483002 300 1
43.6047783 1.3945482 301 1
43.5911642 1.4188061 302 1
43.5649952 1.4785875 303 1
43.5580712 1.4021467 304 1
43.6105905 1.4433517 305 1
43.5763787 1.4550039 306 1
43.5636051 1.4960995 307 1
43.5910673 1.4693804 308 1
43.6431348 1.4558107 309 1
43.5811872 1.4639245 310 1
43.5779014 1.4086308 311 1
43.5707458 1.3862039 312 1
43.6475026 1.4142442 313 1
43.5843231 1.4479107 314 1
43.6418035 1.4539298 315 1
43.5925388 1.5063555 316 1
43.5801897 1.3834554 317 1
43.6210083 1.5059059 318 1
43.6081386 1.3879441 319 1
43.6086184 1.3853977 320 1
43.6224966 1.3918809 321 1
43.5956001 1.41866 322 1
43.6270823 1.4774071 323 1
43.551117 1.3942852 324 1
43.5967135 1.4528094 325 1
43.5755348 1.4888381 326 1
43.5876171 1.4601266 327 1
43.5719293 1.4388003 328 1
43.6372492 1.3906413 329 1
43.5967407 1.4520787 330 1
43.5864766 1.4910576 331 1
43.5945171 1.4406879 332 1
43.5944737 1.5002363 333 1
43.5861912 1.4051293 334 1
43.6044125 1.4048712 335 1
43.5760603 1.4066247 336 1
43.5930204 1.4435478 337 1
43.5589224 1.4638402 338 1
43.549661 1.4008407 339 1
43.6526626 1.4942518 340 1
43.6150156 1.4478904 341 1
43.6092859 1.3972291 342 1
43.5956535 1.4313039 343 1
43.6187202 1.3969794 344 1
43.5935539 1.4293456 345 1
43.5782077 1.4431994 346 1
43.6073177 1.4995487 347 1
43.6158326 1.4373352 348 1
43.5712013 1.3920135 349 1
43.6082171 1.3785522 350 1
43.5549345 1.4677244 351 1
43.6519921 1.4976926 352 1
43.6081096 1.3926529 353 1
43.6079201 1.394724 354 1
43.6082253 1.4877183 355 1
43.6065931 1.4736263 356 1
43.6057902 1.4487719 357 1
43.6125298 1.3827819 358 1
43.5547002 1.4672384 359 1
43.5826571 1.4696181 360 1
43.5939369 1.4939322 361 1
43.5934357 1.393392 362 1
43.6188708 1.445981 363 1
43.5711155 1.498307 364 1
43.6481625 1.4551808 365 1
43.6479149 1.4431817 366 1
43.6105175 1.418417 367 1
43.5642565 1.4140157 368 1
43.5973676 1.4566843 369 1
43.5913032 1.4692588 370 1
43.6059748 1.5015674 371 1
43.6527958 1.4637228 372 1
43.5709415 1.424454 373 1
43.6137228 1.4505358 374 1
43.5674163 1.4016488 375 1
43.563073 1.4251186 376 1
43.6369286 1.3756647 377 1
43.5960684 1.4539149 378 1
43.6213646 1.4579613 379 1
43.6114848 1.4150023 380 1
43.574862 1.4094995 381 1
43.5842541 1.4004845 382 1
43.6483685 1.3747536 383 1
43.6101747 1.4346922 384 1
43.5743466 1.4518819 385 1
43.5494804 1.471089 386 1
43.5751051 1.380872 387 1
43.6124588 1.4285818 388 1
43.5917015 1.4190841 389 1
43.6043342 1.4744496 390 1
43.5695712 1.4640495 391 1
43.5904771 1.4905743 392 1
43.5762161 1.4062388 393 1
43.5956928 1.4195069 394 1
43.6105281 1.4897464 395 1
43.6276464 1.4794941 396 1
43.622199 1.405571 397 1
43.6202011 1.4412646 398 1
43.5600153 1.4574797 399 1
43.5824507 1.4184869 400 1
43.6488393 1.3732805 401 1
43.6255577 1.430995 402 1
43.6178721 1.3968695 403 1
43.6221099 1.4887695 404 1
43.581681 1.4490507 405 1
43.6087119 1.3727297 406 1
43.6095945 1.4975801 407 1
43.6520996 1.4970972 408 1
43.5542431 1.4566187 409 1
43.5492562 1.4514909 410 1
43.5816192 1.4625554 411 1
43.5964092 1.4230012 412 1
43.5619265 1.3902355 413 1
43.6342516 1.3912388 414 1
43.6145875 1.4652561 415 1
43.6004829 1.4519719 416 1
43.550028 1.417014 417 1
43.6521644 1.4577096 418 1
43.5978401 1.4308052 419 1
43.5875534 1.4181042 420 1
43.5984306 1.472726 421 1
43.6138295 1.4939748 422 1
43.5721833 1.382729 423 1
43.5640164 1.4617244 424 1
43.6471529 1.4391132 425 1
43.6334228 1.4231884 426 1
43.584547 1.3994804 427 1
43.6154387 1.4935117 428 1
43.6114515 1.4198734 429 1
43.6463824 1.4548032 430 1
43.6064171 1.4564703 431 1
43.6145194 1.4936031 432 1
43.6063565 1.4825322 433 1
43.5492611 1.4203344 434 1
43.5768143 1.4699003 435 1
43.6199741 1.3894171 436 1
43.5808856 1.3848491 437 1
43.6101021 1.3727221 438 1
43.6037855 1.4069421 439 1
43.6522055 1.496319 440 1
43.5819116 1.4187796 441 1
43.5872879 1.4617088 442 1
43.5929413 1.4440886 443 1
43.5951398 1.4966528 444 1
43.5556283 1.4236288 445 1
43.6104198 1.4150248 446 1
43.5537847 1.4517419 447 1
43.6119588 1.4260096 448 1
43.6139361 1.3865605 449 1
43.5785275 1.4907998 450 1
43.5967388 1.4224002 451 1
43.573199 1.4395704 452 1
43.6007843 1.4718767 453 1
43.6167513 1.4539451 454 1
43.5791728 1.4111862 455 1
43.595996 1.4319654 456 1
43.5544663 1.5063025 457 1
43.6069927 1.4841392 458 1
43.5947369 1.498783 459 1
43.5786724 1.4842253 460 1
43.6051493 1.4791466 461 1
43.5964176 1.5014661 462 1
43.6395855 1.4293116 463 1
43.6525748 1.4378942 464 1
43.5842056 1.4486538 465 1
43.6375409 1.3837261 466 1
43.6348534 1.4173243 467 1
43.6034394 1.5046332 468 1
43.6144702 1.4653457 469 1
43.5984558 1.4565507 470 1
43.6431561 1.4678246 471 1
43.5598556 1.3949577 472 1
43.5936111 1.3914501 473 1
43.5710816 1.4746246 474 1
43.6108179 1.4200329 475 1
43.5786361 1.3820412 476 1
43.6247807 1.4428367 477 1
43.6086261 1.498191 478 1
43.5495155 1.5056015 479 1
43.6017532 1.4265853 480 1
43.5906728 1.4535181 481 1
43.6054471 1.4492231 482 1
43.5724271 1.4392242 483 1
43.5552105 1.4671535 484 1
43.6426216 1.4674933 485 1
43.6133172 1.4017048 486 1
43.6271296 1.4786769 487 1
43.6499469 1.4715905 488 1
43.6074413 1.4282904 489 1
43.6127157 1.4487413 490 1
43.5579624 1.402702 491 1
43.5708356 1.4986378 492 1
43.5773048 1.4364805 493 1
43.5627507 1.4074233 494 1
43.5541058 1.4977796 495 1
43.6091309 1.4305875 496 1
43.6527195 1.4710327 497 1
43.5723898 1.4953047 498 1
43.5492353 1.5061911 499 1
43.5968036 1.5029204 500 1
43.6160602 1.4405475 501 1
43.6200619 1.423976 502 1
43.592289 1.4408176 503 1
43.6144048 1.4897873 504 1
43.5912919 1.4192049 505 1
43.5995895 1.4405429 506 1
43.6432793 1.4164095 507 1
43.5533997 1.375201 508 1
43.5619507 1.3909552 509 1
43.6423494 1.5046427 510 1
43.6276932 1.4785452 511 1
43.6310874 1.4753974 512 1
43.5881869 1.4237767 513 1
43.6261921 1.4372295 514 1
43.6096604 1.494035 515 1
43.6093667 1.4323422 516 1
43.6220761 1.3915648 517 1
43.6233613 1.4456788 518 1
43.5924142 1.442655 519 1
43.5931732 1.4429065 520 1
43.579216 1.381229 521 1
43.5726787 1.4945307 522 1
43.6117789 1.4191521 523 1
43.5770082 1.4539836 524 1
43.5492432 1.3824708 525 1
43.5839691 1.4779661 526 1
43.5874042 1.459791 527 1
43.6004148 1.445557 528 1
43.5789146 1.4237164 529 1
43.5675468 1.4672062 530 1
43.6051292 1.4571602 531 1
43.6080185 1.4464027 532 1
43.6520329 1.4578686 533 1
43.6079578 1.4269375 534 1
43.5831934 1.4483554 535 1
43.5903759 1.420246 536 1
43.5969114 1.4314477 537 1
43.611381 1.4523492 538 1
43.6051271 1.4785552 539 1
43.6484235 1.4329759 540 1
43.5796611 1.4812771 541 1
43.6352544 1.477475 542 1
43.6099046 1.4960395 543 1
43.5965882 1.4240625 544 1
43.5665894 1.4681472 545 1
43.5961609 1.4217851 546 1
43.6267758 1.4345131 547 1
43.5995763 1.3726305 548 1
43.6132774 1.4296964 549 1
43.574585 1.3813096 550 1
43.6162682 1.4372099 551 1
43.5989656 1.4036816 552 1
43.6217864 1.4249881 553 1
43.5713578 1.4986984 554 1
43.5723869 1.4183511 555 1
43.6245212 1.4036986 556 1
43.6063385 1.4559388 557 1
43.5826778 1.3734507 558 1
43.5845423 1.3957593 559 1
43.6067058 1.4302122 560 1
43.6154241 1.4441531 561 1
43.586812 1.4070994 562 1
43.6094788 1.4320984 563 1
43.6243401 1.4105147 564 1
43.5938059 1.5063893 565 1
43.5710497 1.4390704 566 1
43.6485043 1.4254293 567 1
43.5867691 1.4628101 568 1
43.6291408 1.4763925 569 1
43.5779898 1.4505199 570 1
43.5786072 1.4237517 571 1
43.5970574 1.5033562 572 1
43.6474209 1.4382574 573 1
43.628109 1.4793106 574 1
43.628871 1.4765441 575 1
43.5621376 1.390524 576 1
43.601038 1.4277498 577 1
43.5947542 1.4530283 578 1
43.6517506 1.4128107 579 1
43.6429157 1.3867538 580 1
43.5946303 1.4488214 581 1
43.6073892 1.485341 582 1
43.5974922 1.4290164 583 1
43.5661914 1.4112129 584 1
43.5780869 1.4226434 585 1
43.6248678 1.4058886 586 1
43.5752382 1.4893156 587 1
43.5802523 1.391065 588 1
43.5771437 1.4401077 589 1
43.6356964 1.3880915 590 1
43.5493641 1.4791418 591 1
43.5730576 1.449692 592 1
43.6459656 1.4548682 593 1
43.6027727 1.4571941 594 1
43.632288 1.4892108 595 1
43.575365 1.383823 596 1
43.5557537 1.4661946 597 1
43.5715895 1.4868979 598 1
43.5654602 1.4596141 599 1
43.6066536 1.4083616 600 1
43.6263904 1.4764736 601 1
43.6005376 1.4767397 602 1
43.6030216 1.4082953 603 1
43.5604153 1.457167 604 1
43.5792332 1.4837866 605 1
43.6036472 1.4358538 606 1
43.637167 1.4770303 607 1
43.6121864 1.4453812 608 1
43.5878677 1.459754 609 1
43.5771713 1.4398033 610 1
43.6141624 1.3978132 611 1
43.5494022 1.4792435 612 1
43.6067568 1.4839349 613 1
43.5848453 1.4290067 614 1
43.562973 1.4605276 615 1
43.596447 1.5008271 616 1
43.6238156 1.3889978 617 1
43.5492363 1.4204483 618 1
43.6083107 1.4282528 619 1
43.6343556 1.3912679 620 1
43.603857 1.4749784 621 1
770
371 468 397.37481682552715 16.67 3 3 2 3
1 0 0 0 1 0 0 0 1
1 0 0 0 1 0 0 0 1
371 347 249.16892158469514 16.67 3 3 4 5
1 0 0 0 1 0 0 0 1
1 0 0 0 1 0 0 0 1
371 259 342.41709082016234 16.67 3 3 6 7
1 0 0 0 1 0 0 0 1
1 0 0 0 1 0 0 0 1
373 246 70.79483738006769 16.67 3 3 8 9
1 0 0 0 1 0 0 0 1
1 0 0 0 1 0 0 0 1
373 571 622.5288938946452 16.67 3 3 10 11
1 0 0 0 1 0 0 0 1
1 0 0 0 1 0 0 0 1
374 490 215.3954699880003 16.67 3 3 12 13
1 0 0 0 1 0 0 0 1
1 0 0 0 1 0 0 0 1
374 538 276.06429556939827 16.67 3 3 14 15
1 0 0 0 1 0 0 0 1
1 0 0 0 1 0 0 0 1
374 199 56.736766125280056 16.67 3 3 16 17
1 0 0 0 1 0 0 0 1
1 0 0 0 1 0 0 0 1
374 341 312.0439678058305 16.67 3 3 18 19
1 0 0 0 1 0 0 0 1
1 0 0 0 1 0 0 0 1
375 217 575.403314855985 16.67 3 3 20 21
1 0 0 0 1 0 0 0 1
1 0 0 0 1 0 0 0 1
375 176 172.91611411154807 16.67 3 3 22 23
1 0 0 0 1 0 0 0 1
1 0 0 0 1 0 0 0 1
376 445 622.3394175769486 16.67 3 3 24 25
1 0 0 0 1 0 0 0 1
1 0 0 0 1 0 0 0 1
376 368 1238.3397983007992 16.67 3 3 26 27
1 0 0 0 1 0 0 0 1
1 0 0 0 1 0 0 0 1
376 219 349.4377712268748 16.67 3 3 28 29
1 0 0 0 1 0 0 0 1
1 0 0 0 1 0 0 0 1
378 578 144.64456603929318 16.67 3 3 30 31
1 0 0 0 1 0 0 0 1
1 0 0 0 1 0 0 0 1
378 9 653.0354344350421 16.67 3 3 32 33
1 0 0 0 1 0 0 0 1
1 0 0 0 1 0 0 0 1
378 325 133.46068876376256 16.67 3 3 34 35
1 0 0 0 1 0 0 0 1
1 0 0 0 1 0 0 0 1
379 454 580.842043578838 16.67 3 3 36 37
1 0 0 0 1 0 0 0 1
1 0 0 0 1 0 0 0 1
379 202 1941.9002364323246 16.67 3 3 38 39
1 0 0 0 1 0 0 0 1
1 0 0 0 1 0 0 0 1
379 131 1228.2252313182516 16.67 3 3 40 41
1 0 0 0 1 0 0 0 1
1 0 0 0 1 0 0 0 1
2 393 851.4785577905282 16.67 3 3 42 43
1 0 0 0 1 0 0 0 1
1 0 0 0 1 0 0 0 1
2 382 59.02679261530757 16.67 3 3 44 45
1 0 0 0 1 0 0 0 1
1 0 0 0 1 0 0 0 1
380 13 72.96781250440004 16.67 3 3 46 47
1 0 0 0 1 0 0 0 1
1 0 0 0 1 0 0 0 1
380 446 85.78372595700364 16.67 3 3 48 49
1 0 0 0 1 0 0 0 1
1 0 0 0 1 0 0 0 1
380 397 1357.9705554172288 16.67 3 3 50 51
1 0 0 0 1 0 0 0 1
1 0 0 0 1 0 0 0 1
382 127 498.441675932914 16.67 3 3 52 53
1 0 0 0 1 0 0 0 1
1 0 0 0 1 0 0 0 1
382 215 873.4581792165583 16.67 3 3 54 55
1 0 0 0 1 0 0 0 1
1 0 0 0 1 0 0 0 1
382 427 114.12310390373028 16.67 3 3 56 57
1 0 0 0 1 0 0 0 1
1 0 0 0 1 0 0 0 1
383 220 174.12335179592094 16.67 3 3 58 59
1 0 0 0 1 0 0 0 1
1 0 0 0 1 0 0 0 1
383 401 168.13463148566763 16.67 3 3 60 61
1 0 0 0 1 0 0 0 1
1 0 0 0 1 0 0 0 1
384 516 269.30038238376363 16.67 3 3 62 63
1 0 0 0 1 0 0 0 1
1 0 0 0 1 0 0 0 1
384 175 451.94357461684285 16.67 3 3 64 65
1 0 0 0 1 0 0 0 1
1 0 0 0 1 0 0 0 1
384 560 571.1357755397138 16.67 3 3 66 67
1 0 0 0 1 0 0 0 1
1 0 0 0 1 0 0 0 1
385 570 330.2828174043567 16.67 3 3 68 69
1 0 0 0 1 0 0 0 1
1 0 0 0 1 0 0 0 1
385 306 383.8363932020131 16.67 3 3 70 71
1 0 0 0 1 0 0 0 1
1 0 0 0 1 0 0 0 1
385 599 1118.8638844350637 16.67 3 3 72 73
1 0 0 0 1 0 0 0 1
1 0 0 0 1 0 0 0 1
387 550 64.21555890403597 16.67 3 3 74 75
1 0 0 0 1 0 0 0 1
1 0 0 0 1 0 0 0 1
387 423 313.12978637076856 16.67 3 3 76 77
1 0 0 0 1 0 0 0 1
1 0 0 0 1 0 0 0 1
387 134 334.1281375559772 16.67 3 3 78 79
1 0 0 0 1 0 0 0 1
1 0 0 0 1 0 0 0 1
388 496 348.620523792111 16.67 3 3 80 81
1 0 0 0 1 0 0 0 1
1 0 0 0 1 0 0 0 1
388 85 47.15629405205682 16.67 3 3 82 83
1 0 0 0 1 0 0 0 1
1 0 0 0 1 0 0 0 1
388 24 52.11706544291229 16.67 3 3 84 85
1 0 0 0 1 0 0 0 1
1 0 0 0 1 0 0 0 1
389 412 577.49404446788 16.67 3 3 86 87
1 0 0 0 1 0 0 0 1
1 0 0 0 1 0 0 0 1
389 505 35.6194449645248 16.67 3 3 88 89
1 0 0 0 1 0 0 0 1
1 0 0 0 1 0 0 0 1
389 394 324.88058488895 16.67 3 3 90 91
1 0 0 0 1 0 0 0 1
1 0 0 0 1 0 0 0 1
390 285 249.66206270230091 16.67 3 3 92 93
1 0 0 0 1 0 0 0 1
1 0 0 0 1 0 0 0 1
390 356 203.63543222153132 16.67 3 3 94 95
1 0 0 0 1 0 0 0 1
1 0 0 0 1 0 0 0 1
390 242 783.9430692045223 16.67 3 3 96 97
1 0 0 0 1 0 0 0 1
1 0 0 0 1 0 0 0 1
390 539 460.99283067614505 16.67 3 3 98 99
1 0 0 0 1 0 0 0 1
1 0 0 0 1 0 0 0 1
391 137 207.61134036450468 16.67 3 3 100 101
1 0 0 0 1 0 0 0 1
1 0 0 0 1 0 0 0 1
391 119 201.16255299583514 16.67 3 3 102 103
1 0 0 0 1 0 0 0 1
1 0 0 0 1 0 0 0 1
391 50 515.7076918619373 16.67 3 3 104 105
1 0 0 0 1 0 0 0 1
1 0 0 0 1 0 0 0 1
391 424 516.8671439506732 16.67 3 3 106 107
1 0 0 0 1 0 0 0 1
1 0 0 0 1 0 0 0 1
392 103 35.945491511239354 16.67 3 3 108 109
1 0 0 0 1 0 0 0 1
1 0 0 0 1 0 0 0 1
392 3 41.739359879772714 16.67 3 3 110 111
1 0 0 0 1 0 0 0 1
1 0 0 0 1 0 0 0 1
394 67 46.936076599560415 16.67 3 3 112 113
1 0 0 0 1 0 0 0 1
1 0 0 0 1 0 0 0 1
394 322 94.47223550865013 16.67 3 3 114 115
1 0 0 0 1 0 0 0 1
1 0 0 0 1 0 0 0 1
394 52 76.67003835891906 16.67 3 3 116 117
1 0 0 0 1 0 0 0 1
1 0 0 0 1 0 0 0 1
395 183 277.1151345731826 16.67 3 3 118 119
1 0 0 0 1 0 0 0 1
1 0 0 0 1 0 0 0 1
395 268 122.03732202231666 16.67 3 3 120 121
1 0 0 0 1 0 0 0 1
1 0 0 0 1 0 0 0 1
60 341 990.8269990644252 16.67 3 3 122 123
1 0 0 0 1 0 0 0 1
1 0 0 0 1 0 0 0 1
60 105 33.29522019577983 16.67 3 3 124 125
1 0 0 0 1 0 0 0 1
1 0 0 0 1 0 0 0 1
60 24 1142.1315626656378 16.67 3 3 126 127
1 0 0 0 1 0 0 0 1
1 0 0 0 1 0 0 0 1
396 574 42.46035817105148 16.67 3 3 128 129
1 0 0 0 1 0 0 0 1
1 0 0 0 1 0 0 0 1
396 144 372.3764734314899 16.67 3 3 130 131
1 0 0 0 1 0 0 0 1
1 0 0 0 1 0 0 0 1
396 487 99.94261293308237 16.67 3 3 132 133
1 0 0 0 1 0 0 0 1
1 0 0 0 1 0 0 0 1
397 564 576.1338812401144 16.67 3 3 134 135
1 0 0 0 1 0 0 0 1
1 0 0 0 1 0 0 0 1
397 128 221.50366299728603 16.67 3 3 136 137
1 0 0 0 1 0 0 0 1
1 0 0 0 1 0 0 0 1
398 363 535.2940202711546 16.67 3 3 138 139
1 0 0 0 1 0 0 0 1
1 0 0 0 1 0 0 0 1
398 501 342.7565751819956 16.67 3 3 140 141
1 0 0 0 1 0 0 0 1
1 0 0 0 1 0 0 0 1
398 477 408.0171788189898 16.67 3 3 142 143
1 0 0 0 1 0 0 0 1
1 0 0 0 1 0 0 0 1
399 14 36.374994032825946 16.67 3 3 144 145
1 0 0 0 1 0 0 0 1
1 0 0 0 1 0 0 0 1
399 145 26.75775126332901 16.67 3 3 146 147
1 0 0 0 1 0 0 0 1
1 0 0 0 1 0 0 0 1
399 604 47.41433327136507 16.67 3 3 148 149
1 0 0 0 1 0 0 0 1
1 0 0 0 1 0 0 0 1
106 226 144.30943269372352 16.67 3 3 150 151
1 0 0 0 1 0 0 0 1
1 0 0 0 1 0 0 0 1
106 244 382.9491943061334 16.67 3 3 152 153
1 0 0 0 1 0 0 0 1
1 0 0 0 1 0 0 0 1
400 441 54.27002390512742 16.67 3 3 154 155
1 0 0 0 1 0 0 0 1
1 0 0 0 1 0 0 0 1
400 148 560.675889091932 16.67 3 3 156 157
1 0 0 0 1 0 0 0 1
1 0 0 0 1 0 0 0 1
402 553 733.7232576765648 16.67 3 3 158 159
1 0 0 0 1 0 0 0 1
1 0 0 0 1 0 0 0 1
402 238 330.1315796394023 16.67 3 3 160 161
1 0 0 0 1 0 0 0 1
1 0 0 0 1 0 0 0 1
402 426 1074.443254354671 16.67 3 3 162 163
1 0 0 0 1 0 0 0 1
1 0 0 0 1 0 0 0 1
403 344 69.36165314172742 16.67 3 3 164 165
1 0 0 0 1 0 0 0 1
1 0 0 0 1 0 0 0 1
403 118 1039.1057278959483 16.67 3 3 166 167
1 0 0 0 1 0 0 0 1
1 0 0 0 1 0 0 0 1
403 191 296.53496180503754 16.67 3 3 168 169
1 0 0 0 1 0 0 0 1
1 0 0 0 1 0 0 0 1
404 17 113.13546855161526 16.67 3 3 170 171
1 0 0 0 1 0 0 0 1
1 0 0 0 1 0 0 0 1
404 99 420.0662602132806 16.67 3 3 172 173
1 0 0 0 1 0 0 0 1
1 0 0 0 1 0 0 0 1
405 535 144.2933807358703 16.67 3 3 174 175
1 0 0 0 1 0 0 0 1
1 0 0 0 1 0 0 0 1
405 570 339.26872778247343 16.67 3 3 176 177
1 0 0 0 1 0 0 0 1
1 0 0 0 1 0 0 0 1
405 190 243.04651644958466 16.67 3 3 178 179
1 0 0 0 1 0 0 0 1
1 0 0 0 1 0 0 0 1
407 182 1095.992425099859 16.67 3 3 180 181
1 0 0 0 1 0 0 0 1
1 0 0 0 1 0 0 0 1
407 543 173.12736101922667 16.67 3 3 182 183
1 0 0 0 1 0 0 0 1
1 0 0 0 1 0 0 0 1
407 478 103.414483618827 16.67 3 3 184 185
1 0 0 0 1 0 0 0 1
1 0 0 0 1 0 0 0 1
407 259 609.7036273116446 16.67 3 3 186 187
1 0 0 0 1 0 0 0 1
1 0 0 0 1 0 0 0 1
22 494 452.9134342918764 16.67 3 3 188 189
1 0 0 0 1 0 0 0 1
1 0 0 0 1 0 0 0 1
22 150 57.29420649759356 16.67 3 3 190 191
1 0 0 0 1 0 0 0 1
1 0 0 0 1 0 0 0 1
408 440 86.95569951702853 16.67 3 3 192 193
1 0 0 0 1 0 0 0 1
1 0 0 0 1 0 0 0 1
408 352 66.7721166365451 16.67 3 3 194 195
1 0 0 0 1 0 0 0 1
1 0 0 0 1 0 0 0 1
409 147 71.65464693135166 16.67 3 3 196 197
1 0 0 0 1 0 0 0 1
1 0 0 0 1 0 0 0 1
409 4 153.79438664200677 16.67 3 3 198 199
1 0 0 0 1 0 0 0 1
1 0 0 0 1 0 0 0 1
45 616 356.3806656579005 16.67 3 3 200 201
1 0 0 0 1 0 0 0 1
1 0 0 0 1 0 0 0 1
45 159 79.13238575770124 16.67 3 3 202 203
1 0 0 0 1 0 0 0 1
1 0 0 0 1 0 0 0 1
412 544 118.89560527321741 16.67 3 3 204 205
1 0 0 0 1 0 0 0 1
1 0 0 0 1 0 0 0 1
412 451 71.91061953416347 16.67 3 3 206 207
1 0 0 0 1 0 0 0 1
1 0 0 0 1 0 0 0 1
412 546 136.70292831825174 16.67 3 3 208 209
1 0 0 0 1 0 0 0 1
1 0 0 0 1 0 0 0 1
413 576 36.312428947335675 16.67 3 3 210 211
1 0 0 0 1 0 0 0 1
1 0 0 0 1 0 0 0 1
413 194 75.52208217833301 16.67 3 3 212 213
1 0 0 0 1 0 0 0 1
1 0 0 0 1 0 0 0 1
413 203 404.8325842919836 16.67 3 3 214 215
1 0 0 0 1 0 0 0 1
1 0 0 0 1 0 0 0 1
75 290 1179.8876299893466 16.67 3 3 216 217
1 0 0 0 1 0 0 0 1
1 0 0 0 1 0 0 0 1
75 222 29.34257896371009 16.67 3 3 218 219
1 0 0 0 1 0 0 0 1
1 0 0 0 1 0 0 0 1
73 153 400.6709692796006 16.67 3 3 220 221
1 0 0 0 1 0 0 0 1
1 0 0 0 1 0 0 0 1
73 554 153.01966615363332 16.67 3 3 222 223
1 0 0 0 1 0 0 0 1
1 0 0 0 1 0 0 0 1
73 492 146.63688587894373 16.67 3 3 224 225
1 0 0 0 1 0 0 0 1
1 0 0 0 1 0 0 0 1
415 469 13.728073308923102 16.67 3 3 226 227
1 0 0 0 1 0 0 0 1
1 0 0 0 1 0 0 0 1
415 293 92.81855904267415 16.67 3 3 228 229
1 0 0 0 1 0 0 0 1
1 0 0 0 1 0 0 0 1
416 528 713.3694149459329 16.67 3 3 230 231
1 0 0 0 1 0 0 0 1
1 0 0 0 1 0 0 0 1
416 229 272.5687269828137 16.67 3 3 232 233
1 0 0 0 1 0 0 0 1
1 0 0 0 1 0 0 0 1
416 47 138.64976072028213 16.67 3 3 234 235
1 0 0 0 1 0 0 0 1
1 0 0 0 1 0 0 0 1
416 274 54.22904926819716 16.67 3 3 236 237
1 0 0 0 1 0 0 0 1
1 0 0 0 1 0 0 0 1
417 136 1297.2335484942066 16.67 3 3 238 239
1 0 0 0 1 0 0 0 1
1 0 0 0 1 0 0 0 1
417 34 1127.3672627304657 16.67 3 3 240 241
1 0 0 0 1 0 0 0 1
1 0 0 0 1 0 0 0 1
417 43 61.79635151925688 16.67 3 3 242 243
1 0 0 0 1 0 0 0 1
1 0 0 0 1 0 0 0 1
417 104 54.09009244366497 16.67 3 3 244 245
1 0 0 0 1 0 0 0 1
1 0 0 0 1 0 0 0 1
109 586 139.46645990980397 16.67 3 3 246 247
1 0 0 0 1 0 0 0 1
1 0 0 0 1 0 0 0 1
109 128 49.629495426268406 16.67 3 3 248 249
1 0 0 0 1 0 0 0 1
1 0 0 0 1 0 0 0 1
419 276 135.6662832238849 16.67 3 3 250 251
1 0 0 0 1 0 0 0 1
1 0 0 0 1 0 0 0 1
419 583 200.8811384983897 16.67 3 3 252 253
1 0 0 0 1 0 0 0 1
1 0 0 0 1 0 0 0 1
420 536 329.2562608526913 16.67 3 3 254 255
1 0 0 0 1 0 0 0 1
1 0 0 0 1 0 0 0 1
420 148 329.5548021019888 16.67 3 3 256 257
1 0 0 0 1 0 0 0 1
1 0 0 0 1 0 0 0 1
420 455 1023.4592125041044 16.67 3 3 258 259
1 0 0 0 1 0 0 0 1
1 0 0 0 1 0 0 0 1
56 556 83.24916920327469 16.67 3 3 260 261
1 0 0 0 1 0 0 0 1
1 0 0 0 1 0 0 0 1
56 586 162.82921096505268 16.67 3 3 262 263
1 0 0 0 1 0 0 0 1
1 0 0 0 1 0 0 0 1
56 128 29.85093424325195 16.67 3 3 264 265
1 0 0 0 1 0 0 0 1
1 0 0 0 1 0 0 0 1
421 453 211.77227351840372 16.67 3 3 266 267
1 0 0 0 1 0 0 0 1
1 0 0 0 1 0 0 0 1
421 163 979.0699134456601 16.67 3 3 268 269
1 0 0 0 1 0 0 0 1
1 0 0 0 1 0 0 0 1
421 370 691.4530352799042 16.67 3 3 270 271
1 0 0 0 1 0 0 0 1
1 0 0 0 1 0 0 0 1
422 543 390.60098044221644 16.67 3 3 272 273
1 0 0 0 1 0 0 0 1
1 0 0 0 1 0 0 0 1
422 432 69.23617015723886 16.67 3 3 274 275
1 0 0 0 1 0 0 0 1
1 0 0 0 1 0 0 0 1
423 550 249.70834579296388 16.67 3 3 276 277
1 0 0 0 1 0 0 0 1
1 0 0 0 1 0 0 0 1
423 312 403.3975157659436 16.67 3 3 278 279
1 0 0 0 1 0 0 0 1
1 0 0 0 1 0 0 0 1
423 244 382.20493608807107 16.67 3 3 280 281
1 0 0 0 1 0 0 0 1
1 0 0 0 1 0 0 0 1
425 110 32.987039112640524 16.67 3 3 282 283
1 0 0 0 1 0 0 0 1
1 0 0 0 1 0 0 0 1
425 40 213.7043518041733 16.67 3 3 284 285
1 0 0 0 1 0 0 0 1
1 0 0 0 1 0 0 0 1
425 514 1699.5909100895008 16.67 3 3 286 287
1 0 0 0 1 0 0 0 1
1 0 0 0 1 0 0 0 1
425 573 97.57922752521091 16.67 3 3 288 289
1 0 0 0 1 0 0 0 1
1 0 0 0 1 0 0 0 1
426 35 35.61066944281653 16.67 3 3 290 291
1 0 0 0 1 0 0 0 1
1 0 0 0 1 0 0 0 1
427 215 792.6951663295632 16.67 3 3 292 293
1 0 0 0 1 0 0 0 1
1 0 0 0 1 0 0 0 1
428 432 74.70612843599707 16.67 3 3 294 295
1 0 0 0 1 0 0 0 1
1 0 0 0 1 0 0 0 1
428 504 422.44168348897 16.67 3 3 296 297
1 0 0 0 1 0 0 0 1
1 0 0 0 1 0 0 0 1
428 135 580.3739188555394 16.67 3 3 298 299
1 0 0 0 1 0 0 0 1
1 0 0 0 1 0 0 0 1
429 124 176.31580687009395 16.67 3 3 300 301
1 0 0 0 1 0 0 0 1
1 0 0 0 1 0 0 0 1
429 475 54.00904096491997 16.67 3 3 302 303
1 0 0 0 1 0 0 0 1
1 0 0 0 1 0 0 0 1
429 549 1102.1833268425437 16.67 3 3 304 305
1 0 0 0 1 0 0 0 1
1 0 0 0 1 0 0 0 1
429 523 84.43033893314997 16.67 3 3 306 307
1 0 0 0 1 0 0 0 1
1 0 0 0 1 0 0 0 1
21 286 325.95496690742374 16.67 3 3 308 309
1 0 0 0 1 0 0 0 1
1 0 0 0 1 0 0 0 1
21 349 202.7887122062703 16.67 3 3 310 311
1 0 0 0 1 0 0 0 1
1 0 0 0 1 0 0 0 1
430 593 34.30873278083778 16.67 3 3 312 313
1 0 0 0 1 0 0 0 1
1 0 0 0 1 0 0 0 1
430 309 284.3285918241448 16.67 3 3 314 315
1 0 0 0 1 0 0 0 1
1 0 0 0 1 0 0 0 1
430 365 149.26718221101552 16.67 3 3 316 317
1 0 0 0 1 0 0 0 1
1 0 0 0 1 0 0 0 1
431 531 128.9956479021056 16.67 3 3 318 319
1 0 0 0 1 0 0 0 1
1 0 0 0 1 0 0 0 1
431 557 59.44163856802391 16.67 3 3 320 321
1 0 0 0 1 0 0 0 1
1 0 0 0 1 0 0 0 1
431 236 341.4263771139799 16.67 3 3 322 323
1 0 0 0 1 0 0 0 1
1 0 0 0 1 0 0 0 1
433 458 185.89883451222875 16.67 3 3 324 325
1 0 0 0 1 0 0 0 1
1 0 0 0 1 0 0 0 1
433 271 100.45016836437533 16.67 3 3 326 327
1 0 0 0 1 0 0 0 1
1 0 0 0 1 0 0 0 1
433 461 388.8309532149856 16.67 3 3 328 329
1 0 0 0 1 0 0 0 1
1 0 0 0 1 0 0 0 1
433 131 1862.259489974986 16.67 3 3 330 331
1 0 0 0 1 0 0 0 1
1 0 0 0 1 0 0 0 1
435 269 427.4375564571658 16.67 3 3 332 333
1 0 0 0 1 0 0 0 1
1 0 0 0 1 0 0 0 1
435 257 843.1907237042418 16.67 3 3 334 335
1 0 0 0 1 0 0 0 1
1 0 0 0 1 0 0 0 1
435 255 232.02725960004713 16.67 3 3 336 337
1 0 0 0 1 0 0 0 1
1 0 0 0 1 0 0 0 1
436 130 512.1855264405361 16.67 3 3 338 339
1 0 0 0 1 0 0 0 1
1 0 0 0 1 0 0 0 1
436 517 292.69944613317637 16.67 3 3 340 341
1 0 0 0 1 0 0 0 1
1 0 0 0 1 0 0 0 1
437 317 164.80869482398688 16.67 3 3 342 343
1 0 0 0 1 0 0 0 1
1 0 0 0 1 0 0 0 1
437 207 442.07961971362806 16.67 3 3 344 345
1 0 0 0 1 0 0 0 1
1 0 0 0 1 0 0 0 1
39 44 1617.7548147069313 16.67 3 3 346 347
1 0 0 0 1 0 0 0 1
1 0 0 0 1 0 0 0 1
39 138 109.26355319552124 16.67 3 3 348 349
1 0 0 0 1 0 0 0 1
1 0 0 0 1 0 0 0 1
39 602 27.227896833943216 16.67 3 3 350 351
1 0 0 0 1 0 0 0 1
1 0 0 0 1 0 0 0 1
439 600 279.7416855780779 16.67 3 3 352 353
1 0 0 0 1 0 0 0 1
1 0 0 0 1 0 0 0 1
439 603 162.56530881996656 16.67 3 3 354 355
1 0 0 0 1 0 0 0 1
1 0 0 0 1 0 0 0 1
439 335 235.7574239763473 16.67 3 3 356 357
1 0 0 0 1 0 0 0 1
1 0 0 0 1 0 0 0 1
440 340 232.79979602964963 16.67 3 3 358 359
1 0 0 0 1 0 0 0 1
1 0 0 0 1 0 0 0 1
110 573 92.0363766149677 16.67 3 3 360 361
1 0 0 0 1 0 0 0 1
1 0 0 0 1 0 0 0 1
110 464 424.47179539477156 16.67 3 3 362 363
1 0 0 0 1 0 0 0 1
1 0 0 0 1 0 0 0 1
92 91 1602.440006753977 16.67 3 3 364 365
1 0 0 0 1 0 0 0 1
1 0 0 0 1 0 0 0 1
92 16 1330.7256385207704 16.67 3 3 366 367
1 0 0 0 1 0 0 0 1
1 0 0 0 1 0 0 0 1
92 218 523.2975750483038 16.67 3 3 368 369
1 0 0 0 1 0 0 0 1
1 0 0 0 1 0 0 0 1
441 585 528.7060034605141 16.67 3 3 370 371
1 0 0 0 1 0 0 0 1
1 0 0 0 1 0 0 0 1
442 210 95.41014977120906 16.67 3 3 372 373
1 0 0 0 1 0 0 0 1
1 0 0 0 1 0 0 0 1
442 568 129.39951719486916 16.67 3 3 374 375
1 0 0 0 1 0 0 0 1
1 0 0 0 1 0 0 0 1
443 519 164.97437712144813 16.67 3 3 376 377
1 0 0 0 1 0 0 0 1
1 0 0 0 1 0 0 0 1
443 337 60.474414024312615 16.67 3 3 378 379
1 0 0 0 1 0 0 0 1
1 0 0 0 1 0 0 0 1
443 216 60.961378995878626 16.67 3 3 380 381
1 0 0 0 1 0 0 0 1
1 0 0 0 1 0 0 0 1
444 179 61.321065833547515 16.67 3 3 382 383
1 0 0 0 1 0 0 0 1
1 0 0 0 1 0 0 0 1
444 159 109.57897610463262 16.67 3 3 384 385
1 0 0 0 1 0 0 0 1
1 0 0 0 1 0 0 0 1
445 618 624.8507256668446 16.67 3 3 386 387
1 0 0 0 1 0 0 0 1
1 0 0 0 1 0 0 0 1
445 434 630.4784501781673 16.67 3 3 388 389
1 0 0 0 1 0 0 0 1
1 0 0 0 1 0 0 0 1
446 13 127.39827451240073 16.67 3 3 390 391
1 0 0 0 1 0 0 0 1
1 0 0 0 1 0 0 0 1
446 367 377.3007093122683 16.67 3 3 392 393
1 0 0 0 1 0 0 0 1
1 0 0 0 1 0 0 0 1
46 595 1232.55470871258 16.67 3 3 394 395
1 0 0 0 1 0 0 0 1
1 0 0 0 1 0 0 0 1
46 181 166.54272749824028 16.67 3 3 396 397
1 0 0 0 1 0 0 0 1
1 0 0 0 1 0 0 0 1
447 205 179.77504512292074 16.67 3 3 398 399
1 0 0 0 1 0 0 0 1
1 0 0 0 1 0 0 0 1
447 145 785.6228066337671 16.67 3 3 400 401
1 0 0 0 1 0 0 0 1
1 0 0 0 1 0 0 0 1
448 85 242.38567472775603 16.67 3 3 402 403
1 0 0 0 1 0 0 0 1
1 0 0 0 1 0 0 0 1
448 37 72.95639995656522 16.67 3 3 404 405
1 0 0 0 1 0 0 0 1
1 0 0 0 1 0 0 0 1
449 54 269.9374807897451 16.67 3 3 406 407
1 0 0 0 1 0 0 0 1
1 0 0 0 1 0 0 0 1
449 130 72.00193855001993 16.67 3 3 408 409
1 0 0 0 1 0 0 0 1
1 0 0 0 1 0 0 0 1
450 291 398.38131153782064 16.67 3 3 410 411
1 0 0 0 1 0 0 0 1
1 0 0 0 1 0 0 0 1
450 165 221.80982332145845 16.67 3 3 412 413
1 0 0 0 1 0 0 0 1
1 0 0 0 1 0 0 0 1
451 82 218.2988497342871 16.67 3 3 414 415
1 0 0 0 1 0 0 0 1
1 0 0 0 1 0 0 0 1
453 88 358.80394850348915 16.67 3 3 416 417
1 0 0 0 1 0 0 0 1
1 0 0 0 1 0 0 0 1
453 242 443.10990069267046 16.67 3 3 418 419
1 0 0 0 1 0 0 0 1
1 0 0 0 1 0 0 0 1
454 209 248.76963411099428 16.67 3 3 420 421
1 0 0 0 1 0 0 0 1
1 0 0 0 1 0 0 0 1
455 311 302.0590713147528 16.67 3 3 422 423
1 0 0 0 1 0 0 0 1
1 0 0 0 1 0 0 0 1
456 343 78.56142555463266 16.67 3 3 424 425
1 0 0 0 1 0 0 0 1
1 0 0 0 1 0 0 0 1
456 537 93.53632737011799 16.67 3 3 426 427
1 0 0 0 1 0 0 0 1
1 0 0 0 1 0 0 0 1
456 141 384.57957059226726 16.67 3 3 428 429
1 0 0 0 1 0 0 0 1
1 0 0 0 1 0 0 0 1
31 510 87.44775039701703 16.67 3 3 430 431
1 0 0 0 1 0 0 0 1
1 0 0 0 1 0 0 0 1
31 197 357.76015206806966 16.67 3 3 432 433
1 0 0 0 1 0 0 0 1
1 0 0 0 1 0 0 0 1
458 582 137.40284940109274 16.67 3 3 434 435
1 0 0 0 1 0 0 0 1
1 0 0 0 1 0 0 0 1
458 271 85.86087826118658 16.67 3 3 436 437
1 0 0 0 1 0 0 0 1
1 0 0 0 1 0 0 0 1
459 179 255.25012175060735 16.67 3 3 438 439
1 0 0 0 1 0 0 0 1
1 0 0 0 1 0 0 0 1
459 333 162.99376407239095 16.67 3 3 440 441
1 0 0 0 1 0 0 0 1
1 0 0 0 1 0 0 0 1
460 326 571.844329438911 16.67 3 3 442 443
1 0 0 0 1 0 0 0 1
1 0 0 0 1 0 0 0 1
460 140 39.87700815736459 16.67 3 3 444 445
1 0 0 0 1 0 0 0 1
1 0 0 0 1 0 0 0 1
461 539 65.78902654212257 16.67 3 3 446 447
1 0 0 0 1 0 0 0 1
1 0 0 0 1 0 0 0 1
462 616 71.09737686645387 16.67 3 3 448 449
1 0 0 0 1 0 0 0 1
1 0 0 0 1 0 0 0 1
462 500 164.68136004543646 16.67 3 3 450 451
1 0 0 0 1 0 0 0 1
1 0 0 0 1 0 0 0 1
463 123 748.8026351902301 16.67 3 3 452 453
1 0 0 0 1 0 0 0 1
1 0 0 0 1 0 0 0 1
463 161 232.01383752058297 16.67 3 3 454 455
1 0 0 0 1 0 0 0 1
1 0 0 0 1 0 0 0 1
465 314 83.17430860335224 16.67 3 3 456 457
1 0 0 0 1 0 0 0 1
1 0 0 0 1 0 0 0 1
465 190 230.13897762672735 16.67 3 3 458 459
1 0 0 0 1 0 0 0 1
1 0 0 0 1 0 0 0 1
466 224 268.12447008354644 16.67 3 3 460 461
1 0 0 0 1 0 0 0 1
1 0 0 0 1 0 0 0 1
466 180 462.3022905834829 16.67 3 3 462 463
1 0 0 0 1 0 0 0 1
1 0 0 0 1 0 0 0 1
466 329 769.3408419776528 16.67 3 3 464 465
1 0 0 0 1 0 0 0 1
1 0 0 0 1 0 0 0 1
466 266 680.6651422658607 16.67 3 3 466 467
1 0 0 0 1 0 0 0 1
1 0 0 0 1 0 0 0 1
467 231 48.47617494636936 16.67 3 3 468 469
1 0 0 0 1 0 0 0 1
1 0 0 0 1 0 0 0 1
467 243 983.9038695306 16.67 3 3 470 471
1 0 0 0 1 0 0 0 1
1 0 0 0 1 0 0 0 1
468 12 148.54326861339194 16.67 3 3 472 473
1 0 0 0 1 0 0 0 1
1 0 0 0 1 0 0 0 1
468 69 151.5733695258928 16.67 3 3 474 475
1 0 0 0 1 0 0 0 1
1 0 0 0 1 0 0 0 1
469 285 1062.3073000172444 16.67 3 3 476 477
1 0 0 0 1 0 0 0 1
1 0 0 0 1 0 0 0 1
469 293 106.31181289802986 16.67 3 3 478 479
1 0 0 0 1 0 0 0 1
1 0 0 0 1 0 0 0 1
470 370 1526.0458757506442 16.67 3 3 480 481
1 0 0 0 1 0 0 0 1
1 0 0 0 1 0 0 0 1
470 235 202.7340324790511 16.67 3 3 482 483
1 0 0 0 1 0 0 0 1
1 0 0 0 1 0 0 0 1
470 47 396.8693055601393 16.67 3 3 484 485
1 0 0 0 1 0 0 0 1
1 0 0 0 1 0 0 0 1
470 369 88.88452011544112 16.67 3 3 486 487
1 0 0 0 1 0 0 0 1
1 0 0 0 1 0 0 0 1
471 485 56.63303222839935 16.67 3 3 488 489
1 0 0 0 1 0 0 0 1
1 0 0 0 1 0 0 0 1
471 122 431.7954629471845 16.67 3 3 490 491
1 0 0 0 1 0 0 0 1
1 0 0 0 1 0 0 0 1
472 324 708.1416694494163 16.67 3 3 492 493
1 0 0 0 1 0 0 0 1
1 0 0 0 1 0 0 0 1
472 304 812.2585362600529 16.67 3 3 494 495
1 0 0 0 1 0 0 0 1
1 0 0 0 1 0 0 0 1
472 194 475.5051173373435 16.67 3 3 496 497
1 0 0 0 1 0 0 0 1
1 0 0 0 1 0 0 0 1
473 10 2034.6001402310978 16.67 3 3 498 499
1 0 0 0 1 0 0 0 1
1 0 0 0 1 0 0 0 1
473 362 216.40430521644038 16.67 3 3 500 501
1 0 0 0 1 0 0 0 1
1 0 0 0 1 0 0 0 1
474 160 353.3784808809922 16.67 3 3 502 503
1 0 0 0 1 0 0 0 1
1 0 0 0 1 0 0 0 1
474 257 225.49564601811323 16.67 3 3 504 505
1 0 0 0 1 0 0 0 1
1 0 0 0 1 0 0 0 1
475 37 598.0434785296462 16.67 3 3 506 507
1 0 0 0 1 0 0 0 1
1 0 0 0 1 0 0 0 1
475 534 801.5932291026822 16.67 3 3 508 509
1 0 0 0 1 0 0 0 1
1 0 0 0 1 0 0 0 1
475 367 181.31143336804053 16.67 3 3 510 511
1 0 0 0 1 0 0 0 1
1 0 0 0 1 0 0 0 1
13 74 50.253564274857666 16.67 3 3 512 513
1 0 0 0 1 0 0 0 1
1 0 0 0 1 0 0 0 1
476 232 35.35002569353709 16.67 3 3 514 515
1 0 0 0 1 0 0 0 1
1 0 0 0 1 0 0 0 1
476 596 329.69392964497246 16.67 3 3 516 517
1 0 0 0 1 0 0 0 1
1 0 0 0 1 0 0 0 1
477 294 225.22579163292312 16.67 3 3 518 519
1 0 0 0 1 0 0 0 1
1 0 0 0 1 0 0 0 1
477 514 633.7966423434923 16.67 3 3 520 521
1 0 0 0 1 0 0 0 1
1 0 0 0 1 0 0 0 1
477 518 336.0653189307468 16.67 3 3 522 523
1 0 0 0 1 0 0 0 1
1 0 0 0 1 0 0 0 1
14 615 379.40101785190103 16.67 3 3 524 525
1 0 0 0 1 0 0 0 1
1 0 0 0 1 0 0 0 1
14 604 58.040205715091304 16.67 3 3 526 527
1 0 0 0 1 0 0 0 1
1 0 0 0 1 0 0 0 1
478 347 184.10060535076545 16.67 3 3 528 529
1 0 0 0 1 0 0 0 1
1 0 0 0 1 0 0 0 1
480 600 2064.5713040169803 16.67 3 3 530 531
1 0 0 0 1 0 0 0 1
1 0 0 0 1 0 0 0 1
480 186 53.789062203695075 16.67 3 3 532 533
1 0 0 0 1 0 0 0 1
1 0 0 0 1 0 0 0 1
481 578 333.2046230031632 16.67 3 3 534 535
1 0 0 0 1 0 0 0 1
1 0 0 0 1 0 0 0 1
481 609 729.3193558928111 16.67 3 3 536 537
1 0 0 0 1 0 0 0 1
1 0 0 0 1 0 0 0 1
481 295 354.4953173949512 16.67 3 3 538 539
1 0 0 0 1 0 0 0 1
1 0 0 0 1 0 0 0 1
482 357 57.27748114586788 16.67 3 3 540 541
1 0 0 0 1 0 0 0 1
1 0 0 0 1 0 0 0 1
482 557 750.2392780621075 16.67 3 3 542 543
1 0 0 0 1 0 0 0 1
1 0 0 0 1 0 0 0 1
482 229 244.24833963815703 16.67 3 3 544 545
1 0 0 0 1 0 0 0 1
1 0 0 0 1 0 0 0 1
483 328 61.89109616832724 16.67 3 3 546 547
1 0 0 0 1 0 0 0 1
1 0 0 0 1 0 0 0 1
483 452 73.14074620655038 16.67 3 3 548 549
1 0 0 0 1 0 0 0 1
1 0 0 0 1 0 0 0 1
90 102 2364.5564121455072 16.67 3 3 550 551
1 0 0 0 1 0 0 0 1
1 0 0 0 1 0 0 0 1
90 101 249.59385739803855 16.67 3 3 552 553
1 0 0 0 1 0 0 0 1
1 0 0 0 1 0 0 0 1
90 607 828.2579553087897 16.67 3 3 554 555
1 0 0 0 1 0 0 0 1
1 0 0 0 1 0 0 0 1
484 83 163.56696280433573 16.67 3 3 556 557
1 0 0 0 1 0 0 0 1
1 0 0 0 1 0 0 0 1
484 351 67.2687972216725 16.67 3 3 558 559
1 0 0 0 1 0 0 0 1
1 0 0 0 1 0 0 0 1
484 212 34.03295550261902 16.67 3 3 560 561
1 0 0 0 1 0 0 0 1
1 0 0 0 1 0 0 0 1
484 597 115.26748568604292 16.67 3 3 562 563
1 0 0 0 1 0 0 0 1
1 0 0 0 1 0 0 0 1
485 372 919.8562733877143 16.67 3 3 564 565
1 0 0 0 1 0 0 0 1
1 0 0 0 1 0 0 0 1
485 202 71.17734973939938 16.67 3 3 566 567
1 0 0 0 1 0 0 0 1
1 0 0 0 1 0 0 0 1
486 611 438.0703207165811 16.67 3 3 568 569
1 0 0 0 1 0 0 0 1
1 0 0 0 1 0 0 0 1
486 600 914.2180915919754 16.67 3 3 570 571
1 0 0 0 1 0 0 0 1
1 0 0 0 1 0 0 0 1
486 344 682.1652113785909 16.67 3 3 572 573
1 0 0 0 1 0 0 0 1
1 0 0 0 1 0 0 0 1
487 323 141.25534695798208 16.67 3 3 574 575
1 0 0 0 1 0 0 0 1
1 0 0 0 1 0 0 0 1
487 511 47.67115404615445 16.67 3 3 576 577
1 0 0 0 1 0 0 0 1
1 0 0 0 1 0 0 0 1
488 247 61.008279171617964 16.67 3 3 578 579
1 0 0 0 1 0 0 0 1
1 0 0 0 1 0 0 0 1
488 497 231.5525682914588 16.67 3 3 580 581
1 0 0 0 1 0 0 0 1
1 0 0 0 1 0 0 0 1
488 58 147.49715433756313 16.67 3 3 582 583
1 0 0 0 1 0 0 0 1
1 0 0 0 1 0 0 0 1
488 122 259.5146262221121 16.67 3 3 584 585
1 0 0 0 1 0 0 0 1
1 0 0 0 1 0 0 0 1
489 496 289.411039646647 16.67 3 3 586 587
1 0 0 0 1 0 0 0 1
1 0 0 0 1 0 0 0 1
489 560 221.76151320601917 16.67 3 3 588 589
1 0 0 0 1 0 0 0 1
1 0 0 0 1 0 0 0 1
489 534 156.0872968245577 16.67 3 3 590 591
1 0 0 0 1 0 0 0 1
1 0 0 0 1 0 0 0 1
489 132 540.383219612882 16.67 3 3 592 593
1 0 0 0 1 0 0 0 1
1 0 0 0 1 0 0 0 1
490 608 376.07141850330413 16.67 3 3 594 595
1 0 0 0 1 0 0 0 1
1 0 0 0 1 0 0 0 1
490 155 471.87282455507886 16.67 3 3 596 597
1 0 0 0 1 0 0 0 1
1 0 0 0 1 0 0 0 1
491 68 114.03573300197003 16.67 3 3 598 599
1 0 0 0 1 0 0 0 1
1 0 0 0 1 0 0 0 1
491 304 62.36969162612717 16.67 3 3 600 601
1 0 0 0 1 0 0 0 1
1 0 0 0 1 0 0 0 1
49 51 290.0302969578518 16.67 3 3 602 603
1 0 0 0 1 0 0 0 1
1 0 0 0 1 0 0 0 1
49 202 108.62408225696953 16.67 3 3 604 605
1 0 0 0 1 0 0 0 1
1 0 0 0 1 0 0 0 1
492 364 43.14772846545015 16.67 3 3 606 607
1 0 0 0 1 0 0 0 1
1 0 0 0 1 0 0 0 1
492 554 42.608993501370826 16.67 3 3 608 609
1 0 0 0 1 0 0 0 1
1 0 0 0 1 0 0 0 1
492 29 403.44097248559706 16.67 3 3 610 611
1 0 0 0 1 0 0 0 1
1 0 0 0 1 0 0 0 1
493 328 504.06048129271835 16.67 3 3 612 613
1 0 0 0 1 0 0 0 1
1 0 0 0 1 0 0 0 1
493 249 1271.7814282881357 16.67 3 3 614 615
1 0 0 0 1 0 0 0 1
1 0 0 0 1 0 0 0 1
493 610 369.65777385675557 16.67 3 3 616 617
1 0 0 0 1 0 0 0 1
1 0 0 0 1 0 0 0 1
494 304 697.479334645968 16.67 3 3 618 619
1 0 0 0 1 0 0 0 1
1 0 0 0 1 0 0 0 1
494 288 419.3171567827883 16.67 3 3 620 621
1 0 0 0 1 0 0 0 1
1 0 0 0 1 0 0 0 1
51 223 429.82890321447337 16.67 3 3 622 623
1 0 0 0 1 0 0 0 1
1 0 0 0 1 0 0 0 1
36 40 317.97569319291466 16.67 3 3 624 625
1 0 0 0 1 0 0 0 1
1 0 0 0 1 0 0 0 1
36 117 176.96879993203777 16.67 3 3 626 627
1 0 0 0 1 0 0 0 1
1 0 0 0 1 0 0 0 1
496 619 267.890441196323 16.67 3 3 628 629
1 0 0 0 1 0 0 0 1
1 0 0 0 1 0 0 0 1
496 563 170.3338776269555 16.67 3 3 630 631
1 0 0 0 1 0 0 0 1
1 0 0 0 1 0 0 0 1
40 573 116.12521885153886 16.67 3 3 632 633
1 0 0 0 1 0 0 0 1
1 0 0 0 1 0 0 0 1
498 364 349.289910918323 16.67 3 3 634 635
1 0 0 0 1 0 0 0 1
1 0 0 0 1 0 0 0 1
498 279 369.04306191651165 16.67 3 3 636 637
1 0 0 0 1 0 0 0 1
1 0 0 0 1 0 0 0 1
498 97 67.94581204401943 16.67 3 3 638 639
1 0 0 0 1 0 0 0 1
1 0 0 0 1 0 0 0 1
498 23 15.452331066356116 16.67 3 3 640 641
1 0 0 0 1 0 0 0 1
1 0 0 0 1 0 0 0 1
500 299 32.6310934328781 16.67 3 3 642 643
1 0 0 0 1 0 0 0 1
1 0 0 0 1 0 0 0 1
501 549 1227.2835694144453 16.67 3 3 644 645
1 0 0 0 1 0 0 0 1
1 0 0 0 1 0 0 0 1
501 561 404.2063699651193 16.67 3 3 646 647
1 0 0 0 1 0 0 0 1
1 0 0 0 1 0 0 0 1
502 523 855.7900854128103 16.67 3 3 648 649
1 0 0 0 1 0 0 0 1
1 0 0 0 1 0 0 0 1
502 553 178.71665299997275 16.67 3 3 650 651
1 0 0 0 1 0 0 0 1
1 0 0 0 1 0 0 0 1
502 549 838.4191510423939 16.67 3 3 652 653
1 0 0 0 1 0 0 0 1
1 0 0 0 1 0 0 0 1
503 141 704.2305174647018 16.67 3 3 654 655
1 0 0 0 1 0 0 0 1
1 0 0 0 1 0 0 0 1
503 298 154.9068348354362 16.67 3 3 656 657
1 0 0 0 1 0 0 0 1
1 0 0 0 1 0 0 0 1
503 332 180.02878264971494 16.67 3 3 658 659
1 0 0 0 1 0 0 0 1
1 0 0 0 1 0 0 0 1
504 183 136.54602541235667 16.67 3 3 660 661
1 0 0 0 1 0 0 0 1
1 0 0 0 1 0 0 0 1
505 536 137.28077439104916 16.67 3 3 662 663
1 0 0 0 1 0 0 0 1
1 0 0 0 1 0 0 0 1
505 343 1390.5342644114132 16.67 3 3 664 665
1 0 0 0 1 0 0 0 1
1 0 0 0 1 0 0 0 1
505 302 45.52431400267201 16.67 3 3 666 667
1 0 0 0 1 0 0 0 1
1 0 0 0 1 0 0 0 1
506 276 956.3897124195291 16.67 3 3 668 669
1 0 0 0 1 0 0 0 1
1 0 0 0 1 0 0 0 1
506 528 561.5238751966783 16.67 3 3 670 671
1 0 0 0 1 0 0 0 1
1 0 0 0 1 0 0 0 1
506 332 408.7972420658799 16.67 3 3 672 673
1 0 0 0 1 0 0 0 1
1 0 0 0 1 0 0 0 1
507 174 62.515092047514784 16.67 3 3 674 675
1 0 0 0 1 0 0 0 1
1 0 0 0 1 0 0 0 1
507 162 417.6973353049997 16.67 3 3 676 677
1 0 0 0 1 0 0 0 1
1 0 0 0 1 0 0 0 1
508 525 875.0686686904812 16.67 3 3 678 679
1 0 0 0 1 0 0 0 1
1 0 0 0 1 0 0 0 1
508 38 301.07543066223485 16.67 3 3 680 681
1 0 0 0 1 0 0 0 1
1 0 0 0 1 0 0 0 1
508 203 1524.287511606069 16.67 3 3 682 683
1 0 0 0 1 0 0 0 1
1 0 0 0 1 0 0 0 1
509 187 453.00699421628764 16.67 3 3 684 685
1 0 0 0 1 0 0 0 1
1 0 0 0 1 0 0 0 1
509 304 1283.17668579934 16.67 3 3 686 687
1 0 0 0 1 0 0 0 1
1 0 0 0 1 0 0 0 1
509 194 28.12277471454173 16.67 3 3 688 689
1 0 0 0 1 0 0 0 1
1 0 0 0 1 0 0 0 1
509 576 50.25971535322936 16.67 3 3 690 691
1 0 0 0 1 0 0 0 1
1 0 0 0 1 0 0 0 1
510 78 398.545450767954 16.67 3 3 692 693
1 0 0 0 1 0 0 0 1
1 0 0 0 1 0 0 0 1
510 72 61.64403279460814 16.67 3 3 694 695
1 0 0 0 1 0 0 0 1
1 0 0 0 1 0 0 0 1
511 574 91.45772759774029 16.67 3 3 696 697
1 0 0 0 1 0 0 0 1
1 0 0 0 1 0 0 0 1
511 323 135.77579497579288 16.67 3 3 698 699
1 0 0 0 1 0 0 0 1
1 0 0 0 1 0 0 0 1
512 569 191.8141603170222 16.67 3 3 700 701
1 0 0 0 1 0 0 0 1
1 0 0 0 1 0 0 0 1
512 223 463.4468390436841 16.67 3 3 702 703
1 0 0 0 1 0 0 0 1
1 0 0 0 1 0 0 0 1
513 253 60.72491971357169 16.67 3 3 704 705
1 0 0 0 1 0 0 0 1
1 0 0 0 1 0 0 0 1
513 149 557.8960856923915 16.67 3 3 706 707
1 0 0 0 1 0 0 0 1
1 0 0 0 1 0 0 0 1
514 547 305.70072611336155 16.67 3 3 708 709
1 0 0 0 1 0 0 0 1
1 0 0 0 1 0 0 0 1
515 543 223.76948245471874 16.67 3 3 710 711
1 0 0 0 1 0 0 0 1
1 0 0 0 1 0 0 0 1
515 268 412.93033532451886 16.67 3 3 712 713
1 0 0 0 1 0 0 0 1
1 0 0 0 1 0 0 0 1
516 563 28.573996419754966 16.67 3 3 714 715
1 0 0 0 1 0 0 0 1
1 0 0 0 1 0 0 0 1
516 560 319.3810527961495 16.67 3 3 716 717
1 0 0 0 1 0 0 0 1
1 0 0 0 1 0 0 0 1
52 546 179.53228190633794 16.67 3 3 718 719
1 0 0 0 1 0 0 0 1
1 0 0 0 1 0 0 0 1
517 321 48.79973526359397 16.67 3 3 720 721
1 0 0 0 1 0 0 0 1
1 0 0 0 1 0 0 0 1
28 117 49.138404030040135 16.67 3 3 722 723
1 0 0 0 1 0 0 0 1
1 0 0 0 1 0 0 0 1
28 15 266.3216854163916 16.67 3 3 724 725
1 0 0 0 1 0 0 0 1
1 0 0 0 1 0 0 0 1
518 294 294.87719503346676 16.67 3 3 726 727
1 0 0 0 1 0 0 0 1
1 0 0 0 1 0 0 0 1
518 363 363.034672396594 16.67 3 3 728 729
1 0 0 0 1 0 0 0 1
1 0 0 0 1 0 0 0 1
519 337 110.63629207567368 16.67 3 3 730 731
1 0 0 0 1 0 0 0 1
1 0 0 0 1 0 0 0 1
519 298 54.44027632523694 16.67 3 3 732 733
1 0 0 0 1 0 0 0 1
1 0 0 0 1 0 0 0 1
520 337 72.36773142141702 16.67 3 3 734 735
1 0 0 0 1 0 0 0 1
1 0 0 0 1 0 0 0 1
520 249 208.27729195523682 16.67 3 3 736 737
1 0 0 0 1 0 0 0 1
1 0 0 0 1 0 0 0 1
520 332 269.41022326815545 16.67 3 3 738 739
1 0 0 0 1 0 0 0 1
1 0 0 0 1 0 0 0 1
521 232 91.83700068071914 16.67 3 3 740 741
1 0 0 0 1 0 0 0 1
1 0 0 0 1 0 0 0 1
521 134 270.268719491365 16.67 3 3 742 743
1 0 0 0 1 0 0 0 1
1 0 0 0 1 0 0 0 1
522 97 22.112834581087792 16.67 3 3 744 745
1 0 0 0 1 0 0 0 1
1 0 0 0 1 0 0 0 1
522 94 74.0756922085848 16.67 3 3 746 747
1 0 0 0 1 0 0 0 1
1 0 0 0 1 0 0 0 1
522 297 144.88600769166644 16.67 3 3 748 749
1 0 0 0 1 0 0 0 1
1 0 0 0 1 0 0 0 1
522 23 75.25636415847679 16.67 3 3 750 751
1 0 0 0 1 0 0 0 1
1 0 0 0 1 0 0 0 1
523 124 100.02328013436923 16.67 3 3 752 753
1 0 0 0 1 0 0 0 1
1 0 0 0 1 0 0 0 1
524 570 393.20340517114283 16.67 3 3 754 755
1 0 0 0 1 0 0 0 1
1 0 0 0 1 0 0 0 1
524 306 124.27688366347918 16.67 3 3 756 757
1 0 0 0 1 0 0 0 1
1 0 0 0 1 0 0 0 1
100 93 246.13201279483917 16.67 3 3 758 759
1 0 0 0 1 0 0 0 1
1 0 0 0 1 0 0 0 1
100 156 125.65757207713446 16.67 3 3 760 761
1 0 0 0 1 0 0 0 1
1 0 0 0 1 0 0 0 1
93 108 774.098344686973 16.67 3 3 762 763
1 0 0 0 1 0 0 0 1
1 0 0 0 1 0 0 0 1
93 113 737.7563833240013 16.67 3 3 764 765
1 0 0 0 1 0 0 0 1
1 0 0 0 1 0 0 0 1
526 605 751.3051560312583 16.67 3 3 766 767
1 0 0 0 1 0 0 0 1
1 0 0 0 1 0 0 0 1
526 308 1112.8581173778273 16.67 3 3 768 769
1 0 0 0 1 0 0 0 1
1 0 0 0 1 0 0 0 1
526 163 443.36570659311514 16.67 3 3 770 771
1 0 0 0 1 0 0 0 1
1 0 0 0 1 0 0 0 1
54 358 176.76534542819618 16.67 3 3 772 773
1 0 0 0 1 0 0 0 1
1 0 0 0 1 0 0 0 1
527 190 1055.787167917042 16.67 3 3 774 775
1 0 0 0 1 0 0 0 1
1 0 0 0 1 0 0 0 1
527 327 41.070601295311334 16.67 3 3 776 777
1 0 0 0 1 0 0 0 1
1 0 0 0 1 0 0 0 1
528 120 237.9639574020024 16.67 3 3 778 779
1 0 0 0 1 0 0 0 1
1 0 0 0 1 0 0 0 1
529 126 33.33941980843269 16.67 3 3 780 781
1 0 0 0 1 0 0 0 1
1 0 0 0 1 0 0 0 1
529 571 25.072544716146666 16.67 3 3 782 783
1 0 0 0 1 0 0 0 1
1 0 0 0 1 0 0 0 1
67 284 130.55652624906526 16.67 3 3 784 785
1 0 0 0 1 0 0 0 1
1 0 0 0 1 0 0 0 1
530 280 62.88138713406043 16.67 3 3 786 787
1 0 0 0 1 0 0 0 1
1 0 0 0 1 0 0 0 1
530 119 193.97372671074865 16.67 3 3 788 789
1 0 0 0 1 0 0 0 1
1 0 0 0 1 0 0 0 1
531 285 1783.773833078169 16.67 3 3 790 791
1 0 0 0 1 0 0 0 1
1 0 0 0 1 0 0 0 1
531 594 189.7883339190179 16.67 3 3 792 793
1 0 0 0 1 0 0 0 1
1 0 0 0 1 0 0 0 1
532 357 318.7508054119675 16.67 3 3 794 795
1 0 0 0 1 0 0 0 1
1 0 0 0 1 0 0 0 1
532 538 714.540853329003 16.67 3 3 796 797
1 0 0 0 1 0 0 0 1
1 0 0 0 1 0 0 0 1
532 155 89.77761376415813 16.67 3 3 798 799
1 0 0 0 1 0 0 0 1
1 0 0 0 1 0 0 0 1
86 203 39.39420062543883 16.67 3 3 800 801
1 0 0 0 1 0 0 0 1
1 0 0 0 1 0 0 0 1
86 226 1428.3618831596436 16.67 3 3 802 803
1 0 0 0 1 0 0 0 1
1 0 0 0 1 0 0 0 1
86 576 392.9623699641382 16.67 3 3 804 805
1 0 0 0 1 0 0 0 1
1 0 0 0 1 0 0 0 1
534 619 148.99827042096325 16.67 3 3 806 807
1 0 0 0 1 0 0 0 1
1 0 0 0 1 0 0 0 1
3 146 202.82071549129077 16.67 3 3 808 809
1 0 0 0 1 0 0 0 1
1 0 0 0 1 0 0 0 1
535 314 103.56789021750677 16.67 3 3 810 811
1 0 0 0 1 0 0 0 1
1 0 0 0 1 0 0 0 1
535 164 44.25753250439866 16.67 3 3 812 813
1 0 0 0 1 0 0 0 1
1 0 0 0 1 0 0 0 1
5 555 528.5739517455603 16.67 3 3 814 815
1 0 0 0 1 0 0 0 1
1 0 0 0 1 0 0 0 1
5 584 409.1786421549101 16.67 3 3 816 817
1 0 0 0 1 0 0 0 1
1 0 0 0 1 0 0 0 1
536 225 209.72653633937887 16.67 3 3 818 819
1 0 0 0 1 0 0 0 1
1 0 0 0 1 0 0 0 1
537 132 447.19311236317753 16.67 3 3 820 821
1 0 0 0 1 0 0 0 1
1 0 0 0 1 0 0 0 1
537 89 17.306571131642507 16.67 3 3 822 823
1 0 0 0 1 0 0 0 1
1 0 0 0 1 0 0 0 1
99 135 57.50396130789308 16.67 3 3 824 825
1 0 0 0 1 0 0 0 1
1 0 0 0 1 0 0 0 1
538 256 247.2285032508843 16.67 3 3 826 827
1 0 0 0 1 0 0 0 1
1 0 0 0 1 0 0 0 1
539 356 560.6702511165036 16.67 3 3 828 829
1 0 0 0 1 0 0 0 1
1 0 0 0 1 0 0 0 1
540 117 45.97067990219613 16.67 3 3 830 831
1 0 0 0 1 0 0 0 1
1 0 0 0 1 0 0 0 1
540 289 959.1016528477924 16.67 3 3 832 833
1 0 0 0 1 0 0 0 1
1 0 0 0 1 0 0 0 1
541 273 58.49454060551114 16.67 3 3 834 835
1 0 0 0 1 0 0 0 1
1 0 0 0 1 0 0 0 1
541 140 298.90575546183453 16.67 3 3 836 837
1 0 0 0 1 0 0 0 1
1 0 0 0 1 0 0 0 1
542 607 161.67823608309698 16.67 3 3 838 839
1 0 0 0 1 0 0 0 1
1 0 0 0 1 0 0 0 1
542 70 7254.1810070045585 16.67 3 3 840 841
1 0 0 0 1 0 0 0 1
1 0 0 0 1 0 0 0 1
542 25 3201.910837431229 16.67 3 3 842 843
1 0 0 0 1 0 0 0 1
1 0 0 0 1 0 0 0 1
544 583 555.6723551703143 16.67 3 3 844 845
1 0 0 0 1 0 0 0 1
1 0 0 0 1 0 0 0 1
545 280 67.12462185252876 16.67 3 3 846 847
1 0 0 0 1 0 0 0 1
1 0 0 0 1 0 0 0 1
545 275 215.19631939962304 16.67 3 3 848 849
1 0 0 0 1 0 0 0 1
1 0 0 0 1 0 0 0 1
547 238 80.05690478859854 16.67 3 3 850 851
1 0 0 0 1 0 0 0 1
1 0 0 0 1 0 0 0 1
550 596 286.4716253565918 16.67 3 3 852 853
1 0 0 0 1 0 0 0 1
1 0 0 0 1 0 0 0 1
551 348 37.73568583280627 16.67 3 3 854 855
1 0 0 0 1 0 0 0 1
1 0 0 0 1 0 0 0 1
551 151 349.49209790954495 16.67 3 3 856 857
1 0 0 0 1 0 0 0 1
1 0 0 0 1 0 0 0 1
552 169 50.884937172367266 16.67 3 3 858 859
1 0 0 0 1 0 0 0 1
1 0 0 0 1 0 0 0 1
552 158 555.0921306323286 16.67 3 3 860 861
1 0 0 0 1 0 0 0 1
1 0 0 0 1 0 0 0 1
553 553 0.0 16.67 3 3 862 863
1 0 0 0 1 0 0 0 1
1 0 0 0 1 0 0 0 1
554 59 47.52107430278459 16.67 3 3 864 865
1 0 0 0 1 0 0 0 1
1 0 0 0 1 0 0 0 1
554 279 18.615822446556432 16.67 3 3 866 867
1 0 0 0 1 0 0 0 1
1 0 0 0 1 0 0 0 1
555 585 662.3561745535857 16.67 3 3 868 869
1 0 0 0 1 0 0 0 1
1 0 0 0 1 0 0 0 1
555 381 1004.3095024446243 16.67 3 3 870 871
1 0 0 0 1 0 0 0 1
1 0 0 0 1 0 0 0 1
9 557 255.73169340184657 16.67 3 3 872 873
1 0 0 0 1 0 0 0 1
1 0 0 0 1 0 0 0 1
9 260 201.4232968379964 16.67 3 3 874 875
1 0 0 0 1 0 0 0 1
1 0 0 0 1 0 0 0 1
556 143 517.9814577553989 16.67 3 3 876 877
1 0 0 0 1 0 0 0 1
1 0 0 0 1 0 0 0 1
556 128 64.90539488423447 16.67 3 3 878 879
1 0 0 0 1 0 0 0 1
1 0 0 0 1 0 0 0 1
64 329 556.742648476819 16.67 3 3 880 881
1 0 0 0 1 0 0 0 1
1 0 0 0 1 0 0 0 1
64 277 30.35645801832548 16.67 3 3 882 883
1 0 0 0 1 0 0 0 1
1 0 0 0 1 0 0 0 1
55 309 220.67824017118141 16.67 3 3 884 885
1 0 0 0 1 0 0 0 1
1 0 0 0 1 0 0 0 1
55 202 1040.5364377174267 16.67 3 3 886 887
1 0 0 0 1 0 0 0 1
1 0 0 0 1 0 0 0 1
557 256 322.2652686426254 16.67 3 3 888 889
1 0 0 0 1 0 0 0 1
1 0 0 0 1 0 0 0 1
61 267 127.59491940422032 16.67 3 3 890 891
1 0 0 0 1 0 0 0 1
1 0 0 0 1 0 0 0 1
61 171 48.412520327334796 16.67 3 3 892 893
1 0 0 0 1 0 0 0 1
1 0 0 0 1 0 0 0 1
559 559 0.0 16.67 3 3 894 895
1 0 0 0 1 0 0 0 1
1 0 0 0 1 0 0 0 1
559 207 809.7996602667092 16.67 3 3 896 897
1 0 0 0 1 0 0 0 1
1 0 0 0 1 0 0 0 1
84 114 39.87286957191933 16.67 3 3 898 899
1 0 0 0 1 0 0 0 1
1 0 0 0 1 0 0 0 1
84 301 515.1352522031135 16.67 3 3 900 901
1 0 0 0 1 0 0 0 1
1 0 0 0 1 0 0 0 1
560 367 1347.0775382153179 16.67 3 3 902 903
1 0 0 0 1 0 0 0 1
1 0 0 0 1 0 0 0 1
561 363 343.9724133335661 16.67 3 3 904 905
1 0 0 0 1 0 0 0 1
1 0 0 0 1 0 0 0 1
561 199 763.1374069908865 16.67 3 3 906 907
1 0 0 0 1 0 0 0 1
1 0 0 0 1 0 0 0 1
562 127 265.4587959947809 16.67 3 3 908 909
1 0 0 0 1 0 0 0 1
1 0 0 0 1 0 0 0 1
562 334 224.71270186565792 16.67 3 3 910 911
1 0 0 0 1 0 0 0 1
1 0 0 0 1 0 0 0 1
562 302 1348.1796023485056 16.67 3 3 912 913
1 0 0 0 1 0 0 0 1
1 0 0 0 1 0 0 0 1
566 26 1760.2633081429235 16.67 3 3 914 915
1 0 0 0 1 0 0 0 1
1 0 0 0 1 0 0 0 1
566 328 76.96979108441758 16.67 3 3 916 917
1 0 0 0 1 0 0 0 1
1 0 0 0 1 0 0 0 1
566 251 29.647145991919974 16.67 3 3 918 919
1 0 0 0 1 0 0 0 1
1 0 0 0 1 0 0 0 1
44 204 87.14152266207083 16.67 3 3 920 921
1 0 0 0 1 0 0 0 1
1 0 0 0 1 0 0 0 1
567 123 88.97575946113261 16.67 3 3 922 923
1 0 0 0 1 0 0 0 1
1 0 0 0 1 0 0 0 1
567 157 329.44229409449446 16.67 3 3 924 925
1 0 0 0 1 0 0 0 1
1 0 0 0 1 0 0 0 1
567 248 77.83561863545911 16.67 3 3 926 927
1 0 0 0 1 0 0 0 1
1 0 0 0 1 0 0 0 1
568 263 857.4215708220567 16.67 3 3 928 929
1 0 0 0 1 0 0 0 1
1 0 0 0 1 0 0 0 1
568 116 535.6265606164308 16.67 3 3 930 931
1 0 0 0 1 0 0 0 1
1 0 0 0 1 0 0 0 1
7 224 65.68238341427318 16.67 3 3 932 933
1 0 0 0 1 0 0 0 1
1 0 0 0 1 0 0 0 1
7 277 450.3486427920197 16.67 3 3 934 935
1 0 0 0 1 0 0 0 1
1 0 0 0 1 0 0 0 1
569 575 27.49171252143762 16.67 3 3 936 937
1 0 0 0 1 0 0 0 1
1 0 0 0 1 0 0 0 1
112 270 35.26829254384056 16.67 3 3 938 939
1 0 0 0 1 0 0 0 1
1 0 0 0 1 0 0 0 1
112 96 54.16998400730329 16.67 3 3 940 941
1 0 0 0 1 0 0 0 1
1 0 0 0 1 0 0 0 1
88 138 101.77800721802454 16.67 3 3 942 943
1 0 0 0 1 0 0 0 1
1 0 0 0 1 0 0 0 1
82 284 67.36754382643905 16.67 3 3 944 945
1 0 0 0 1 0 0 0 1
1 0 0 0 1 0 0 0 1
30 603 1274.1893343985341 16.67 3 3 946 947
1 0 0 0 1 0 0 0 1
1 0 0 0 1 0 0 0 1
30 284 88.2598510888689 16.67 3 3 948 949
1 0 0 0 1 0 0 0 1
1 0 0 0 1 0 0 0 1
572 8 370.69444712597897 16.67 3 3 950 951
1 0 0 0 1 0 0 0 1
1 0 0 0 1 0 0 0 1
572 299 28.402414251432216 16.67 3 3 952 953
1 0 0 0 1 0 0 0 1
1 0 0 0 1 0 0 0 1
574 144 379.9176290476078 16.67 3 3 954 955
1 0 0 0 1 0 0 0 1
1 0 0 0 1 0 0 0 1
35 189 337.3254521718279 16.67 3 3 956 957
1 0 0 0 1 0 0 0 1
1 0 0 0 1 0 0 0 1
575 323 173.0261440893681 16.67 3 3 958 959
1 0 0 0 1 0 0 0 1
1 0 0 0 1 0 0 0 1
576 187 477.32668426660825 16.67 3 3 960 961
1 0 0 0 1 0 0 0 1
1 0 0 0 1 0 0 0 1
577 132 90.46743559921471 16.67 3 3 962 963
1 0 0 0 1 0 0 0 1
1 0 0 0 1 0 0 0 1
577 42 49.15243399182977 16.67 3 3 964 965
1 0 0 0 1 0 0 0 1
1 0 0 0 1 0 0 0 1
577 261 54.952513413653385 16.67 3 3 966 967
1 0 0 0 1 0 0 0 1
1 0 0 0 1 0 0 0 1
578 295 72.47269072767273 16.67 3 3 968 969
1 0 0 0 1 0 0 0 1
1 0 0 0 1 0 0 0 1
4 48 263.10282892021564 16.67 3 3 970 971
1 0 0 0 1 0 0 0 1
1 0 0 0 1 0 0 0 1
580 228 814.5082689420107 16.67 3 3 972 973
1 0 0 0 1 0 0 0 1
1 0 0 0 1 0 0 0 1
580 277 41.29878999820612 16.67 3 3 974 975
1 0 0 0 1 0 0 0 1
1 0 0 0 1 0 0 0 1
581 216 511.54624818742883 16.67 3 3 976 977
1 0 0 0 1 0 0 0 1
1 0 0 0 1 0 0 0 1
581 264 288.57788762554793 16.67 3 3 978 979
1 0 0 0 1 0 0 0 1
1 0 0 0 1 0 0 0 1
581 120 422.01809791383954 16.67 3 3 980 981
1 0 0 0 1 0 0 0 1
1 0 0 0 1 0 0 0 1
582 355 272.7975270822296 16.67 3 3 982 983
1 0 0 0 1 0 0 0 1
1 0 0 0 1 0 0 0 1
584 288 85.83350585189484 16.67 3 3 984 985
1 0 0 0 1 0 0 0 1
1 0 0 0 1 0 0 0 1
114 362 408.7687841304049 16.67 3 3 986 987
1 0 0 0 1 0 0 0 1
1 0 0 0 1 0 0 0 1
115 236 369.602683627018 16.67 3 3 988 989
1 0 0 0 1 0 0 0 1
1 0 0 0 1 0 0 0 1
115 293 852.3014025025564 16.67 3 3 990 991
1 0 0 0 1 0 0 0 1
1 0 0 0 1 0 0 0 1
116 255 391.81822113130113 16.67 3 3 992 993
1 0 0 0 1 0 0 0 1
1 0 0 0 1 0 0 0 1
116 310 139.23357102260235 16.67 3 3 994 995
1 0 0 0 1 0 0 0 1
1 0 0 0 1 0 0 0 1
212 359 49.212839552900746 16.67 3 3 996 997
1 0 0 0 1 0 0 0 1
1 0 0 0 1 0 0 0 1
212 597 94.64047173862122 16.67 3 3 998 999
1 0 0 0 1 0 0 0 1
1 0 0 0 1 0 0 0 1
117 157 961.9447594992248 16.67 3 3 1000 1001
1 0 0 0 1 0 0 0 1
1 0 0 0 1 0 0 0 1
118 353 237.84365674684713 16.67 3 3 1002 1003
1 0 0 0 1 0 0 0 1
1 0 0 0 1 0 0 0 1
118 319 287.6651220544374 16.67 3 3 1004 1005
1 0 0 0 1 0 0 0 1
1 0 0 0 1 0 0 0 1
103 204 248.8614325574728 16.67 3 3 1006 1007
1 0 0 0 1 0 0 0 1
1 0 0 0 1 0 0 0 1
585 126 147.68876268540168 16.67 3 3 1008 1009
1 0 0 0 1 0 0 0 1
1 0 0 0 1 0 0 0 1
120 216 422.97209827602734 16.67 3 3 1010 1011
1 0 0 0 1 0 0 0 1
1 0 0 0 1 0 0 0 1
586 243 598.6088936196634 16.67 3 3 1012 1013
1 0 0 0 1 0 0 0 1
1 0 0 0 1 0 0 0 1
121 167 299.8069695634121 16.67 3 3 1014 1015
1 0 0 0 1 0 0 0 1
1 0 0 0 1 0 0 0 1
121 176 195.13300446804323 16.67 3 3 1016 1017
1 0 0 0 1 0 0 0 1
1 0 0 0 1 0 0 0 1
122 247 278.87977445252744 16.67 3 3 1018 1019
1 0 0 0 1 0 0 0 1
1 0 0 0 1 0 0 0 1
123 157 417.11910128648526 16.67 3 3 1020 1021
1 0 0 0 1 0 0 0 1
1 0 0 0 1 0 0 0 1
587 326 58.22756335758253 16.67 3 3 1022 1023
1 0 0 0 1 0 0 0 1
1 0 0 0 1 0 0 0 1
587 239 391.1672260841706 16.67 3 3 1024 1025
1 0 0 0 1 0 0 0 1
1 0 0 0 1 0 0 0 1
587 165 93.10832330419817 16.67 3 3 1026 1027
1 0 0 0 1 0 0 0 1
1 0 0 0 1 0 0 0 1
125 278 136.27352422711613 16.67 3 3 1028 1029
1 0 0 0 1 0 0 0 1
1 0 0 0 1 0 0 0 1
125 346 335.2395510108309 16.67 3 3 1030 1031
1 0 0 0 1 0 0 0 1
1 0 0 0 1 0 0 0 1
125 592 969.1877223509696 16.67 3 3 1032 1033
1 0 0 0 1 0 0 0 1
1 0 0 0 1 0 0 0 1
126 149 699.4287951559387 16.67 3 3 1034 1035
1 0 0 0 1 0 0 0 1
1 0 0 0 1 0 0 0 1
124 81 256.8309894496302 16.67 3 3 1036 1037
1 0 0 0 1 0 0 0 1
1 0 0 0 1 0 0 0 1
127 177 36.94762321611403 16.67 3 3 1038 1039
1 0 0 0 1 0 0 0 1
1 0 0 0 1 0 0 0 1
127 334 42.63190540345422 16.67 3 3 1040 1041
1 0 0 0 1 0 0 0 1
1 0 0 0 1 0 0 0 1
129 268 252.52655765831406 16.67 3 3 1042 1043
1 0 0 0 1 0 0 0 1
1 0 0 0 1 0 0 0 1
129 166 289.8088522462462 16.67 3 3 1044 1045
1 0 0 0 1 0 0 0 1
1 0 0 0 1 0 0 0 1
588 215 316.4607815361555 16.67 3 3 1046 1047
1 0 0 0 1 0 0 0 1
1 0 0 0 1 0 0 0 1
588 207 277.00213049783844 16.67 3 3 1048 1049
1 0 0 0 1 0 0 0 1
1 0 0 0 1 0 0 0 1
131 601 986.1048707022846 16.67 3 3 1050 1051
1 0 0 0 1 0 0 0 1
1 0 0 0 1 0 0 0 1
131 293 618.82132468969 16.67 3 3 1052 1053
1 0 0 0 1 0 0 0 1
1 0 0 0 1 0 0 0 1
132 141 924.302569472143 16.67 3 3 1054 1055
1 0 0 0 1 0 0 0 1
1 0 0 0 1 0 0 0 1
133 595 458.6812812306716 16.67 3 3 1056 1057
1 0 0 0 1 0 0 0 1
1 0 0 0 1 0 0 0 1
133 198 114.20081760215173 16.67 3 3 1058 1059
1 0 0 0 1 0 0 0 1
1 0 0 0 1 0 0 0 1
133 144 324.220661252916 16.67 3 3 1060 1061
1 0 0 0 1 0 0 0 1
1 0 0 0 1 0 0 0 1
134 79 625.4943637497138 16.67 3 3 1062 1063
1 0 0 0 1 0 0 0 1
1 0 0 0 1 0 0 0 1
136 68 306.60625131762 16.67 3 3 1064 1065
1 0 0 0 1 0 0 0 1
1 0 0 0 1 0 0 0 1
136 34 171.26693991336504 16.67 3 3 1066 1067
1 0 0 0 1 0 0 0 1
1 0 0 0 1 0 0 0 1
136 339 815.0774926264115 16.67 3 3 1068 1069
1 0 0 0 1 0 0 0 1
1 0 0 0 1 0 0 0 1
589 258 89.54609222199491 16.67 3 3 1070 1071
1 0 0 0 1 0 0 0 1
1 0 0 0 1 0 0 0 1
589 610 33.922769463967555 16.67 3 3 1072 1073
1 0 0 0 1 0 0 0 1
1 0 0 0 1 0 0 0 1
137 306 946.2905583868793 16.67 3 3 1074 1075
1 0 0 0 1 0 0 0 1
1 0 0 0 1 0 0 0 1
138 621 276.2975544327268 16.67 3 3 1076 1077
1 0 0 0 1 0 0 0 1
1 0 0 0 1 0 0 0 1
138 602 82.20054081379858 16.67 3 3 1078 1079
1 0 0 0 1 0 0 0 1
1 0 0 0 1 0 0 0 1
139 170 401.549428154152 16.67 3 3 1080 1081
1 0 0 0 1 0 0 0 1
1 0 0 0 1 0 0 0 1
139 307 551.2156136444164 16.67 3 3 1082 1083
1 0 0 0 1 0 0 0 1
1 0 0 0 1 0 0 0 1
590 196 375.59903257947315 16.67 3 3 1084 1085
1 0 0 0 1 0 0 0 1
1 0 0 0 1 0 0 0 1
590 180 54.07410095511167 16.67 3 3 1086 1087
1 0 0 0 1 0 0 0 1
1 0 0 0 1 0 0 0 1
140 605 29.745186241232066 16.67 3 3 1088 1089
1 0 0 0 1 0 0 0 1
1 0 0 0 1 0 0 0 1
141 345 576.1715390261716 16.67 3 3 1090 1091
1 0 0 0 1 0 0 0 1
1 0 0 0 1 0 0 0 1
592 205 1614.7621244195848 16.67 3 3 1092 1093
1 0 0 0 1 0 0 0 1
1 0 0 0 1 0 0 0 1
592 604 1314.6682166145215 16.67 3 3 1094 1095
1 0 0 0 1 0 0 0 1
1 0 0 0 1 0 0 0 1
142 346 53.56148044274905 16.67 3 3 1096 1097
1 0 0 0 1 0 0 0 1
1 0 0 0 1 0 0 0 1
142 206 110.44516239011458 16.67 3 3 1098 1099
1 0 0 0 1 0 0 0 1
1 0 0 0 1 0 0 0 1
143 221 369.3447067358912 16.67 3 3 1100 1101
1 0 0 0 1 0 0 0 1
1 0 0 0 1 0 0 0 1
143 329 1365.62326555157 16.67 3 3 1102 1103
1 0 0 0 1 0 0 0 1
1 0 0 0 1 0 0 0 1
143 193 591.4755180801152 16.67 3 3 1104 1105
1 0 0 0 1 0 0 0 1
1 0 0 0 1 0 0 0 1
144 178 236.37857276393888 16.67 3 3 1106 1107
1 0 0 0 1 0 0 0 1
1 0 0 0 1 0 0 0 1
145 147 382.88135696705365 16.67 3 3 1108 1109
1 0 0 0 1 0 0 0 1
1 0 0 0 1 0 0 0 1
145 604 54.96143341632783 16.67 3 3 1110 1111
1 0 0 0 1 0 0 0 1
1 0 0 0 1 0 0 0 1
146 331 86.19801457718991 16.67 3 3 1112 1113
1 0 0 0 1 0 0 0 1
1 0 0 0 1 0 0 0 1
32 234 243.88895304741112 16.67 3 3 1114 1115
1 0 0 0 1 0 0 0 1
1 0 0 0 1 0 0 0 1
32 335 633.1671215474524 16.67 3 3 1116 1117
1 0 0 0 1 0 0 0 1
1 0 0 0 1 0 0 0 1
148 225 131.01068678594152 16.67 3 3 1118 1119
1 0 0 0 1 0 0 0 1
1 0 0 0 1 0 0 0 1
149 149 0.0 16.67 3 3 1120 1121
1 0 0 0 1 0 0 0 1
1 0 0 0 1 0 0 0 1
150 176 329.99362610112127 16.67 3 3 1122 1123
1 0 0 0 1 0 0 0 1
1 0 0 0 1 0 0 0 1
147 147 0.0 16.67 3 3 1124 1125
1 0 0 0 1 0 0 0 1
1 0 0 0 1 0 0 0 1
151 238 587.0621446219956 16.67 3 3 1126 1127
1 0 0 0 1 0 0 0 1
1 0 0 0 1 0 0 0 1
65 41 2168.4305467285753 16.67 3 3 1128 1129
1 0 0 0 1 0 0 0 1
1 0 0 0 1 0 0 0 1
65 91 410.7191668510582 16.67 3 3 1130 1131
1 0 0 0 1 0 0 0 1
1 0 0 0 1 0 0 0 1
65 80 2886.8003476285176 16.67 3 3 1132 1133
1 0 0 0 1 0 0 0 1
1 0 0 0 1 0 0 0 1
152 169 339.4632772393899 16.67 3 3 1134 1135
1 0 0 0 1 0 0 0 1
1 0 0 0 1 0 0 0 1
152 335 91.4711739165615 16.67 3 3 1136 1137
1 0 0 0 1 0 0 0 1
1 0 0 0 1 0 0 0 1
153 457 1105.6167206981447 16.67 3 3 1138 1139
1 0 0 0 1 0 0 0 1
1 0 0 0 1 0 0 0 1
153 29 66.3384482407052 16.67 3 3 1140 1141
1 0 0 0 1 0 0 0 1
1 0 0 0 1 0 0 0 1
153 307 517.480014844601 16.67 3 3 1142 1143
1 0 0 0 1 0 0 0 1
1 0 0 0 1 0 0 0 1
154 282 396.308288453467 16.67 3 3 1144 1145
1 0 0 0 1 0 0 0 1
1 0 0 0 1 0 0 0 1
154 158 833.4434884047729 16.67 3 3 1146 1147
1 0 0 0 1 0 0 0 1
1 0 0 0 1 0 0 0 1
155 357 408.4611120455307 16.67 3 3 1148 1149
1 0 0 0 1 0 0 0 1
1 0 0 0 1 0 0 0 1
155 305 307.7115188610024 16.67 3 3 1150 1151
1 0 0 0 1 0 0 0 1
1 0 0 0 1 0 0 0 1
156 192 366.0148150185256 16.67 3 3 1152 1153
1 0 0 0 1 0 0 0 1
1 0 0 0 1 0 0 0 1
594 235 155.20269488041677 16.67 3 3 1154 1155
1 0 0 0 1 0 0 0 1
1 0 0 0 1 0 0 0 1
594 369 438.92476761543696 16.67 3 3 1156 1157
1 0 0 0 1 0 0 0 1
1 0 0 0 1 0 0 0 1
158 184 245.6413498937022 16.67 3 3 1158 1159
1 0 0 0 1 0 0 0 1
1 0 0 0 1 0 0 0 1
159 173 349.6026346223478 16.67 3 3 1160 1161
1 0 0 0 1 0 0 0 1
1 0 0 0 1 0 0 0 1
160 303 429.6280061860862 16.67 3 3 1162 1163
1 0 0 0 1 0 0 0 1
1 0 0 0 1 0 0 0 1
161 238 904.4074806991898 16.67 3 3 1164 1165
1 0 0 0 1 0 0 0 1
1 0 0 0 1 0 0 0 1
161 289 332.34351018358103 16.67 3 3 1166 1167
1 0 0 0 1 0 0 0 1
1 0 0 0 1 0 0 0 1
162 313 497.2294881437616 16.67 3 3 1168 1169
1 0 0 0 1 0 0 0 1
1 0 0 0 1 0 0 0 1
162 11 599.9637166234413 16.67 3 3 1170 1171
1 0 0 0 1 0 0 0 1
1 0 0 0 1 0 0 0 1
162 20 600.1653453173942 16.67 3 3 1172 1173
1 0 0 0 1 0 0 0 1
1 0 0 0 1 0 0 0 1
163 291 1244.653608846869 16.67 3 3 1174 1175
1 0 0 0 1 0 0 0 1
1 0 0 0 1 0 0 0 1
164 314 59.41888370718292 16.67 3 3 1176 1177
1 0 0 0 1 0 0 0 1
1 0 0 0 1 0 0 0 1
165 326 106.3095864123082 16.67 3 3 1178 1179
1 0 0 0 1 0 0 0 1
1 0 0 0 1 0 0 0 1
166 173 502.240854412448 16.67 3 3 1180 1181
1 0 0 0 1 0 0 0 1
1 0 0 0 1 0 0 0 1
167 187 249.69458044382966 16.67 3 3 1182 1183
1 0 0 0 1 0 0 0 1
1 0 0 0 1 0 0 0 1
168 565 115.5223423028732 16.67 3 3 1184 1185
1 0 0 0 1 0 0 0 1
1 0 0 0 1 0 0 0 1
168 316 99.61666873902813 16.67 3 3 1186 1187
1 0 0 0 1 0 0 0 1
1 0 0 0 1 0 0 0 1
168 333 600.0081936243287 16.67 3 3 1188 1189
1 0 0 0 1 0 0 0 1
1 0 0 0 1 0 0 0 1
170 245 533.3193626329816 16.67 3 3 1190 1191
1 0 0 0 1 0 0 0 1
1 0 0 0 1 0 0 0 1
170 297 403.23720954198075 16.67 3 3 1192 1193
1 0 0 0 1 0 0 0 1
1 0 0 0 1 0 0 0 1
596 312 456.7065067645176 16.67 3 3 1194 1195
1 0 0 0 1 0 0 0 1
1 0 0 0 1 0 0 0 1
171 257 383.6892896481275 16.67 3 3 1196 1197
1 0 0 0 1 0 0 0 1
1 0 0 0 1 0 0 0 1
597 83 50.606540448378524 16.67 3 3 1198 1199
1 0 0 0 1 0 0 0 1
1 0 0 0 1 0 0 0 1
172 197 124.68121850210065 16.67 3 3 1200 1201
1 0 0 0 1 0 0 0 1
1 0 0 0 1 0 0 0 1
172 53 95.33281893330633 16.67 3 3 1202 1203
1 0 0 0 1 0 0 0 1
1 0 0 0 1 0 0 0 1
173 299 713.8955486682688 16.67 3 3 1204 1205
1 0 0 0 1 0 0 0 1
1 0 0 0 1 0 0 0 1
174 313 421.3111753529926 16.67 3 3 1206 1207
1 0 0 0 1 0 0 0 1
1 0 0 0 1 0 0 0 1
174 189 736.4892281056083 16.67 3 3 1208 1209
1 0 0 0 1 0 0 0 1
1 0 0 0 1 0 0 0 1
175 305 530.2996624634026 16.67 3 3 1210 1211
1 0 0 0 1 0 0 0 1
1 0 0 0 1 0 0 0 1
175 348 374.1314408073693 16.67 3 3 1212 1213
1 0 0 0 1 0 0 0 1
1 0 0 0 1 0 0 0 1
598 245 59.84924237264765 16.67 3 3 1214 1215
1 0 0 0 1 0 0 0 1
1 0 0 0 1 0 0 0 1
598 273 940.0700223411725 16.67 3 3 1216 1217
1 0 0 0 1 0 0 0 1
1 0 0 0 1 0 0 0 1
177 63 72.81627355160055 16.67 3 3 1218 1219
1 0 0 0 1 0 0 0 1
1 0 0 0 1 0 0 0 1
177 334 64.49697990427543 16.67 3 3 1220 1221
1 0 0 0 1 0 0 0 1
1 0 0 0 1 0 0 0 1
178 223 1058.1103146656176 16.67 3 3 1222 1223
1 0 0 0 1 0 0 0 1
1 0 0 0 1 0 0 0 1
179 57 333.3577440965052 16.67 3 3 1224 1225
1 0 0 0 1 0 0 0 1
1 0 0 0 1 0 0 0 1
179 361 288.0556790225271 16.67 3 3 1226 1227
1 0 0 0 1 0 0 0 1
1 0 0 0 1 0 0 0 1
57 204 226.7390471387435 16.67 3 3 1228 1229
1 0 0 0 1 0 0 0 1
1 0 0 0 1 0 0 0 1
57 361 45.523951702133715 16.67 3 3 1230 1231
1 0 0 0 1 0 0 0 1
1 0 0 0 1 0 0 0 1
181 87 752.5583881225745 16.67 3 3 1232 1233
1 0 0 0 1 0 0 0 1
1 0 0 0 1 0 0 0 1
181 78 120.43583865926043 16.67 3 3 1234 1235
1 0 0 0 1 0 0 0 1
1 0 0 0 1 0 0 0 1
599 338 705.9435814469005 16.67 3 3 1236 1237
1 0 0 0 1 0 0 0 1
1 0 0 0 1 0 0 0 1
182 198 2171.986968247243 16.67 3 3 1238 1239
1 0 0 0 1 0 0 0 1
1 0 0 0 1 0 0 0 1
182 318 208.5086262466317 16.67 3 3 1240 1241
1 0 0 0 1 0 0 0 1
1 0 0 0 1 0 0 0 1
184 214 118.10044989474387 16.67 3 3 1242 1243
1 0 0 0 1 0 0 0 1
1 0 0 0 1 0 0 0 1
185 27 121.6558849265283 16.67 3 3 1244 1245
1 0 0 0 1 0 0 0 1
1 0 0 0 1 0 0 0 1
185 247 148.93449679889636 16.67 3 3 1246 1247
1 0 0 0 1 0 0 0 1
1 0 0 0 1 0 0 0 1
186 42 39.39176494698384 16.67 3 3 1248 1249
1 0 0 0 1 0 0 0 1
1 0 0 0 1 0 0 0 1
187 241 436.93631973816355 16.67 3 3 1250 1251
1 0 0 0 1 0 0 0 1
1 0 0 0 1 0 0 0 1
188 282 330.6687564200072 16.67 3 3 1252 1253
1 0 0 0 1 0 0 0 1
1 0 0 0 1 0 0 0 1
188 322 342.2350661573386 16.67 3 3 1254 1255
1 0 0 0 1 0 0 0 1
1 0 0 0 1 0 0 0 1
189 231 321.4103105322714 16.67 3 3 1256 1257
1 0 0 0 1 0 0 0 1
1 0 0 0 1 0 0 0 1
191 611 59.04904169471479 16.67 3 3 1258 1259
1 0 0 0 1 0 0 0 1
1 0 0 0 1 0 0 0 1
191 1 224.28980694970272 16.67 3 3 1260 1261
1 0 0 0 1 0 0 0 1
1 0 0 0 1 0 0 0 1
192 287 1372.054517951873 16.67 3 3 1262 1263
1 0 0 0 1 0 0 0 1
1 0 0 0 1 0 0 0 1
193 208 478.4944888026653 16.67 3 3 1264 1265
1 0 0 0 1 0 0 0 1
1 0 0 0 1 0 0 0 1
193 221 411.1642852257291 16.67 3 3 1266 1267
1 0 0 0 1 0 0 0 1
1 0 0 0 1 0 0 0 1
193 292 545.3966976946522 16.67 3 3 1268 1269
1 0 0 0 1 0 0 0 1
1 0 0 0 1 0 0 0 1
195 255 215.5172282111872 16.67 3 3 1270 1271
1 0 0 0 1 0 0 0 1
1 0 0 0 1 0 0 0 1
195 107 923.532254737266 16.67 3 3 1272 1273
1 0 0 0 1 0 0 0 1
1 0 0 0 1 0 0 0 1
195 310 402.67048920285356 16.67 3 3 1274 1275
1 0 0 0 1 0 0 0 1
1 0 0 0 1 0 0 0 1
196 240 527.4728600290803 16.67 3 3 1276 1277
1 0 0 0 1 0 0 0 1
1 0 0 0 1 0 0 0 1
196 292 328.56777389150125 16.67 3 3 1278 1279
1 0 0 0 1 0 0 0 1
1 0 0 0 1 0 0 0 1
59 279 52.20033488854232 16.67 3 3 1280 1281
1 0 0 0 1 0 0 0 1
1 0 0 0 1 0 0 0 1
59 281 825.4171467619209 16.67 3 3 1282 1283
1 0 0 0 1 0 0 0 1
1 0 0 0 1 0 0 0 1
199 209 145.34325746649762 16.67 3 3 1284 1285
1 0 0 0 1 0 0 0 1
1 0 0 0 1 0 0 0 1
199 236 531.9372023382788 16.67 3 3 1286 1287
1 0 0 0 1 0 0 0 1
1 0 0 0 1 0 0 0 1
200 286 993.3943570134396 16.67 3 3 1288 1289
1 0 0 0 1 0 0 0 1
1 0 0 0 1 0 0 0 1
200 217 595.4453843503828 16.67 3 3 1290 1291
1 0 0 0 1 0 0 0 1
1 0 0 0 1 0 0 0 1
200 336 218.99831915472637 16.67 3 3 1292 1293
1 0 0 0 1 0 0 0 1
1 0 0 0 1 0 0 0 1
201 270 240.8469255537631 16.67 3 3 1294 1295
1 0 0 0 1 0 0 0 1
1 0 0 0 1 0 0 0 1
201 310 502.62460909172967 16.67 3 3 1296 1297
1 0 0 0 1 0 0 0 1
1 0 0 0 1 0 0 0 1
201 210 127.21201052120337 16.67 3 3 1298 1299
1 0 0 0 1 0 0 0 1
1 0 0 0 1 0 0 0 1
203 226 1391.5375938642585 16.67 3 3 1300 1301
1 0 0 0 1 0 0 0 1
1 0 0 0 1 0 0 0 1
205 410 335.17255667249555 16.67 3 3 1304 1305
1 0 0 0 1 0 0 0 1
1 0 0 0 1 0 0 0 1
206 258 135.20016378759013 16.67 3 3 1306 1307
1 0 0 0 1 0 0 0 1
1 0 0 0 1 0 0 0 1
208 321 275.8084080713956 16.67 3 3 1308 1309
1 0 0 0 1 0 0 0 1
1 0 0 0 1 0 0 0 1
208 617 63.253873527320025 16.67 3 3 1310 1311
1 0 0 0 1 0 0 0 1
1 0 0 0 1 0 0 0 1
210 270 113.84303006249907 16.67 3 3 1312 1313
1 0 0 0 1 0 0 0 1
1 0 0 0 1 0 0 0 1
210 609 128.37526548219233 16.67 3 3 1314 1315
1 0 0 0 1 0 0 0 1
1 0 0 0 1 0 0 0 1
211 315 256.5696538398975 16.67 3 3 1316 1317
1 0 0 0 1 0 0 0 1
1 0 0 0 1 0 0 0 1
211 222 156.25171822981684 16.67 3 3 1318 1319
1 0 0 0 1 0 0 0 1
1 0 0 0 1 0 0 0 1
601 323 117.80345968390017 16.67 3 3 1320 1321
1 0 0 0 1 0 0 0 1
1 0 0 0 1 0 0 0 1
213 246 92.23617449395091 16.67 3 3 1322 1323
1 0 0 0 1 0 0 0 1
1 0 0 0 1 0 0 0 1
213 219 126.7294235013699 16.67 3 3 1324 1325
1 0 0 0 1 0 0 0 1
1 0 0 0 1 0 0 0 1
72 76 195.78436290711826 16.67 3 3 1326 1327
1 0 0 0 1 0 0 0 1
1 0 0 0 1 0 0 0 1
214 558 2877.851722139674 16.67 3 3 1328 1329
1 0 0 0 1 0 0 0 1
1 0 0 0 1 0 0 0 1
214 254 36.591674439254675 16.67 3 3 1330 1331
1 0 0 0 1 0 0 0 1
1 0 0 0 1 0 0 0 1
215 286 433.4957503857697 16.67 3 3 1332 1333
1 0 0 0 1 0 0 0 1
1 0 0 0 1 0 0 0 1
216 278 689.9984288462751 16.67 3 3 1334 1335
1 0 0 0 1 0 0 0 1
1 0 0 0 1 0 0 0 1
218 95 529.8059092618483 16.67 3 3 1336 1337
1 0 0 0 1 0 0 0 1
1 0 0 0 1 0 0 0 1
218 218 0.0 16.67 3 3 1338 1339
1 0 0 0 1 0 0 0 1
1 0 0 0 1 0 0 0 1
220 228 605.0640391379342 16.67 3 3 1340 1341
1 0 0 0 1 0 0 0 1
1 0 0 0 1 0 0 0 1
221 321 521.6774401254362 16.67 3 3 1342 1343
1 0 0 0 1 0 0 0 1
1 0 0 0 1 0 0 0 1
221 227 55.830962583792456 16.67 3 3 1344 1345
1 0 0 0 1 0 0 0 1
1 0 0 0 1 0 0 0 1
224 266 554.8222829149115 16.67 3 3 1346 1347
1 0 0 0 1 0 0 0 1
1 0 0 0 1 0 0 0 1
225 345 885.4716232983092 16.67 3 3 1348 1349
1 0 0 0 1 0 0 0 1
1 0 0 0 1 0 0 0 1
225 253 160.12762408529034 16.67 3 3 1350 1351
1 0 0 0 1 0 0 0 1
1 0 0 0 1 0 0 0 1
226 19 248.1250399865472 16.67 3 3 1352 1353
1 0 0 0 1 0 0 0 1
1 0 0 0 1 0 0 0 1
605 291 596.2799739165321 16.67 3 3 1354 1355
1 0 0 0 1 0 0 0 1
1 0 0 0 1 0 0 0 1
227 344 206.92614952034498 16.67 3 3 1356 1357
1 0 0 0 1 0 0 0 1
1 0 0 0 1 0 0 0 1
228 98 295.3948867158934 16.67 3 3 1358 1359
1 0 0 0 1 0 0 0 1
1 0 0 0 1 0 0 0 1
229 357 300.847086685928 16.67 3 3 1360 1361
1 0 0 0 1 0 0 0 1
1 0 0 0 1 0 0 0 1
230 234 50.02928549956638 16.67 3 3 1362 1363
1 0 0 0 1 0 0 0 1
1 0 0 0 1 0 0 0 1
230 250 129.84679478622894 16.67 3 3 1364 1365
1 0 0 0 1 0 0 0 1
1 0 0 0 1 0 0 0 1
232 317 180.39665639303345 16.67 3 3 1366 1367
1 0 0 0 1 0 0 0 1
1 0 0 0 1 0 0 0 1
233 314 50.706958011395 16.67 3 3 1368 1369
1 0 0 0 1 0 0 0 1
1 0 0 0 1 0 0 0 1
234 342 116.74702697632685 16.67 3 3 1370 1371
1 0 0 0 1 0 0 0 1
1 0 0 0 1 0 0 0 1
234 250 179.0150960268649 16.67 3 3 1372 1373
1 0 0 0 1 0 0 0 1
1 0 0 0 1 0 0 0 1
235 260 70.7144601665172 16.67 3 3 1374 1375
1 0 0 0 1 0 0 0 1
1 0 0 0 1 0 0 0 1
235 242 1243.1763282833538 16.67 3 3 1376 1377
1 0 0 0 1 0 0 0 1
1 0 0 0 1 0 0 0 1
236 256 52.569816003182225 16.67 3 3 1378 1379
1 0 0 0 1 0 0 0 1
1 0 0 0 1 0 0 0 1
83 338 315.1302555215092 16.67 3 3 1380 1381
1 0 0 0 1 0 0 0 1
1 0 0 0 1 0 0 0 1
237 17 629.5081372372695 16.67 3 3 1382 1383
1 0 0 0 1 0 0 0 1
1 0 0 0 1 0 0 0 1
237 300 78.27659669601358 16.67 3 3 1384 1385
1 0 0 0 1 0 0 0 1
1 0 0 0 1 0 0 0 1
239 297 81.39378221203727 16.67 3 3 1386 1387
1 0 0 0 1 0 0 0 1
1 0 0 0 1 0 0 0 1
607 111 5412.232024430301 16.67 3 3 1388 1389
1 0 0 0 1 0 0 0 1
1 0 0 0 1 0 0 0 1
608 305 259.69808143263384 16.67 3 3 1390 1391
1 0 0 0 1 0 0 0 1
1 0 0 0 1 0 0 0 1
608 341 360.1989839619411 16.67 3 3 1392 1393
1 0 0 0 1 0 0 0 1
1 0 0 0 1 0 0 0 1
609 327 46.08882921970799 16.67 3 3 1394 1395
1 0 0 0 1 0 0 0 1
1 0 0 0 1 0 0 0 1
240 240 0.0 16.67 3 3 1396 1397
1 0 0 0 1 0 0 0 1
1 0 0 0 1 0 0 0 1
240 617 490.0758561199428 16.67 3 3 1398 1399
1 0 0 0 1 0 0 0 1
1 0 0 0 1 0 0 0 1
241 286 676.7098091090824 16.67 3 3 1400 1401
1 0 0 0 1 0 0 0 1
1 0 0 0 1 0 0 0 1
241 312 540.7939952688672 16.67 3 3 1402 1403
1 0 0 0 1 0 0 0 1
1 0 0 0 1 0 0 0 1
241 349 150.9600695532376 16.67 3 3 1404 1405
1 0 0 0 1 0 0 0 1
1 0 0 0 1 0 0 0 1
243 252 133.44443617348557 16.67 3 3 1406 1407
1 0 0 0 1 0 0 0 1
1 0 0 0 1 0 0 0 1
245 267 640.6072880562818 16.67 3 3 1408 1409
1 0 0 0 1 0 0 0 1
1 0 0 0 1 0 0 0 1
247 58 120.02767660753537 16.67 3 3 1410 1411
1 0 0 0 1 0 0 0 1
1 0 0 0 1 0 0 0 1
249 328 1604.6209960697122 16.67 3 3 1412 1413
1 0 0 0 1 0 0 0 1
1 0 0 0 1 0 0 0 1
250 301 222.49230160662515 16.67 3 3 1414 1415
1 0 0 0 1 0 0 0 1
1 0 0 0 1 0 0 0 1
254 362 547.3341245419241 16.67 3 3 1416 1417
1 0 0 0 1 0 0 0 1
1 0 0 0 1 0 0 0 1
259 77 366.72605281195945 16.67 3 3 1418 1419
1 0 0 0 1 0 0 0 1
1 0 0 0 1 0 0 0 1
260 47 327.4173010996664 16.67 3 3 1420 1421
1 0 0 0 1 0 0 0 1
1 0 0 0 1 0 0 0 1
262 278 367.4439868341467 16.67 3 3 1422 1423
1 0 0 0 1 0 0 0 1
1 0 0 0 1 0 0 0 1
263 360 110.37325895725473 16.67 3 3 1424 1425
1 0 0 0 1 0 0 0 1
1 0 0 0 1 0 0 0 1
263 273 1219.6867406095923 16.67 3 3 1426 1427
1 0 0 0 1 0 0 0 1
1 0 0 0 1 0 0 0 1
264 295 138.2423160350688 16.67 3 3 1428 1429
1 0 0 0 1 0 0 0 1
1 0 0 0 1 0 0 0 1
264 330 122.31270388985719 16.67 3 3 1430 1431
1 0 0 0 1 0 0 0 1
1 0 0 0 1 0 0 0 1
265 479 203.945557837638 16.67 3 3 1432 1433
1 0 0 0 1 0 0 0 1
1 0 0 0 1 0 0 0 1
265 265 0.0 16.67 3 3 1434 1435
1 0 0 0 1 0 0 0 1
1 0 0 0 1 0 0 0 1
265 499 272.808196449489 16.67 3 3 1436 1437
1 0 0 0 1 0 0 0 1
1 0 0 0 1 0 0 0 1
266 377 288.5611288061153 16.67 3 3 1438 1439
1 0 0 0 1 0 0 0 1
1 0 0 0 1 0 0 0 1
268 355 302.2629597223606 16.67 3 3 1440 1441
1 0 0 0 1 0 0 0 1
1 0 0 0 1 0 0 0 1
269 360 470.5798425145176 16.67 3 3 1442 1443
1 0 0 0 1 0 0 0 1
1 0 0 0 1 0 0 0 1
269 273 840.1661968231004 16.67 3 3 1444 1445
1 0 0 0 1 0 0 0 1
1 0 0 0 1 0 0 0 1
614 278 1676.323410034999 16.67 3 3 1446 1447
1 0 0 0 1 0 0 0 1
1 0 0 0 1 0 0 0 1
96 283 549.2167479780527 16.67 3 3 1448 1449
1 0 0 0 1 0 0 0 1
1 0 0 0 1 0 0 0 1
271 613 58.85426676257355 16.67 3 3 1450 1451
1 0 0 0 1 0 0 0 1
1 0 0 0 1 0 0 0 1
272 275 645.488097903665 16.67 3 3 1452 1453
1 0 0 0 1 0 0 0 1
1 0 0 0 1 0 0 0 1
272 303 387.2016814547007 16.67 3 3 1454 1455
1 0 0 0 1 0 0 0 1
1 0 0 0 1 0 0 0 1
274 325 264.3300495086742 16.67 3 3 1456 1457
1 0 0 0 1 0 0 0 1
1 0 0 0 1 0 0 0 1
274 330 247.56773549124026 16.67 3 3 1458 1459
1 0 0 0 1 0 0 0 1
1 0 0 0 1 0 0 0 1
276 606 617.6795662028643 16.67 3 3 1460 1461
1 0 0 0 1 0 0 0 1
1 0 0 0 1 0 0 0 1
279 364 40.66770876278073 16.67 3 3 1462 1463
1 0 0 0 1 0 0 0 1
1 0 0 0 1 0 0 0 1
283 369 220.91605938174203 16.67 3 3 1464 1465
1 0 0 0 1 0 0 0 1
1 0 0 0 1 0 0 0 1
285 356 57.102325174206634 16.67 3 3 1466 1467
1 0 0 0 1 0 0 0 1
1 0 0 0 1 0 0 0 1
287 351 1013.8999377156458 16.67 3 3 1468 1469
1 0 0 0 1 0 0 0 1
1 0 0 0 1 0 0 0 1
287 591 479.702995912952 16.67 3 3 1470 1471
1 0 0 0 1 0 0 0 1
1 0 0 0 1 0 0 0 1
287 612 483.2900107803752 16.67 3 3 1472 1473
1 0 0 0 1 0 0 0 1
1 0 0 0 1 0 0 0 1
94 297 70.95130893631755 16.67 3 3 1474 1475
1 0 0 0 1 0 0 0 1
1 0 0 0 1 0 0 0 1
288 368 390.5139187578202 16.67 3 3 1476 1477
1 0 0 0 1 0 0 0 1
1 0 0 0 1 0 0 0 1
290 294 160.02111178402538 16.67 3 3 1478 1479
1 0 0 0 1 0 0 0 1
1 0 0 0 1 0 0 0 1
290 366 1677.5039751299837 16.67 3 3 1480 1481
1 0 0 0 1 0 0 0 1
1 0 0 0 1 0 0 0 1
292 414 242.2771159438495 16.67 3 3 1482 1483
1 0 0 0 1 0 0 0 1
1 0 0 0 1 0 0 0 1
306 411 939.8929752390669 16.67 3 3 1484 1485
1 0 0 0 1 0 0 0 1
1 0 0 0 1 0 0 0 1
307 495 787.904920788418 16.67 3 3 1486 1487
1 0 0 0 1 0 0 0 1
1 0 0 0 1 0 0 0 1
308 370 23.320275550363466 16.67 3 3 1488 1489
1 0 0 0 1 0 0 0 1
1 0 0 0 1 0 0 0 1
309 315 234.9996998191838 16.67 3 3 1490 1491
1 0 0 0 1 0 0 0 1
1 0 0 0 1 0 0 0 1
309 365 410.6050615323042 16.67 3 3 1492 1493
1 0 0 0 1 0 0 0 1
1 0 0 0 1 0 0 0 1
311 336 267.886911152724 16.67 3 3 1494 1495
1 0 0 0 1 0 0 0 1
1 0 0 0 1 0 0 0 1
313 579 377.16081610082273 16.67 3 3 1496 1497
1 0 0 0 1 0 0 0 1
1 0 0 0 1 0 0 0 1
1 342 174.28622816285142 16.67 3 3 1498 1499
1 0 0 0 1 0 0 0 1
1 0 0 0 1 0 0 0 1
319 320 285.7874455173572 16.67 3 3 1500 1501
1 0 0 0 1 0 0 0 1
1 0 0 0 1 0 0 0 1
320 350 761.9172785560686 16.67 3 3 1502 1503
1 0 0 0 1 0 0 0 1
1 0 0 0 1 0 0 0 1
58 33 152.41148042552325 16.67 3 3 1504 1505
1 0 0 0 1 0 0 0 1
1 0 0 0 1 0 0 0 1
27 352 2593.102585355966 16.67 3 3 1506 1507
1 0 0 0 1 0 0 0 1
1 0 0 0 1 0 0 0 1
324 66 306.1353780116474 16.67 3 3 1508 1509
1 0 0 0 1 0 0 0 1
1 0 0 0 1 0 0 0 1
325 330 81.28466596069278 16.67 3 3 1510 1511
1 0 0 0 1 0 0 0 1
1 0 0 0 1 0 0 0 1
329 620 243.0759778260739 16.67 3 3 1512 1513
1 0 0 0 1 0 0 0 1
1 0 0 0 1 0 0 0 1
343 345 275.70656160540847 16.67 3 3 1514 1515
1 0 0 0 1 0 0 0 1
1 0 0 0 1 0 0 0 1
350 548 957.9580029873271 16.67 3 3 1516 1517
1 0 0 0 1 0 0 0 1
1 0 0 0 1 0 0 0 1
350 406 648.6969739105898 16.67 3 3 1518 1519
1 0 0 0 1 0 0 0 1
1 0 0 0 1 0 0 0 1
351 359 57.247669782828716 16.67 3 3 1520 1521
1 0 0 0 1 0 0 0 1
1 0 0 0 1 0 0 0 1
352 53 602.083329483765 16.67 3 3 1522 1523
1 0 0 0 1 0 0 0 1
1 0 0 0 1 0 0 0 1
352 6 81.13543893034313 16.67 3 3 1524 1525
1 0 0 0 1 0 0 0 1
1 0 0 0 1 0 0 0 1
353 354 230.81490016759886 16.67 3 3 1526 1527
1 0 0 0 1 0 0 0 1
1 0 0 0 1 0 0 0 1
358 438 1135.6152966236311 16.67 3 3 1528 1529
1 0 0 0 1 0 0 0 1
1 0 0 0 1 0 0 0 1
359 386 600.255658214383 16.67 3 3 1530 1531
1 0 0 0 1 0 0 0 1
1 0 0 0 1 0 0 0 1
365 533 431.6516730449943 16.67 3 3 1532 1533
1 0 0 0 1 0 0 0 1
1 0 0 0 1 0 0 0 1
365 418 427.514885653197 16.67 3 3 1534 1535
1 0 0 0 1 0 0 0 1
1 0 0 0 1 0 0 0 1
366 62 429.9993953192793 16.67 3 3 1536 1537
1 0 0 0 1 0 0 0 1
1 0 0 0 1 0 0 0 1
366 71 397.53936493907855 16.67 3 3 1538 1539
1 0 0 0 1 0 0 0 1
1 0 0 0 1 0 0 0 1
91 18 990.4196342240194 16.67 3 3 1540 1541
1 0 0 0 1 0 0 0 1
1 0 0 0 1 0 0 0 1
368 296 114.03874877299094 16.67 3 3 1542 1543
1 0 0 0 1 0 0 0 1
1 0 0 0 1 0 0 0 1
621
1 -1 1261 -1 1498
2 -1 44 -1 42
3 -1 111 -1 808
4 -1 199 -1 970
5 814 -1 816 -1
6 -1 -1 -1 1525
7 934 -1 932 -1
8 -1 -1 951 -1
9 -1 872 33 874
10 499 -1 -1 -1
11 -1 -1 1171 -1
12 -1 -1 473 -1
13 512 -1 47 391
14 524 -1 526 145
15 -1 -1 -1 725
16 -1 -1 -1 367
17 171 1383 -1 -1
18 1541 -1 -1 -1
19 1353 -1 -1 -1
20 -1 -1 1173 -1
21 308 -1 310 -1
22 188 -1 190 -1
23 -1 -1 751 641
24 127 -1 85 -1
25 -1 -1 843 -1
26 -1 915 -1 -1
27 1506 -1 1245 -1
28 -1 724 -1 722
29 -1 611 -1 1141
30 948 -1 946 -1
31 430 -1 432 -1
32 1116 -1 1114 -1
33 -1 -1 -1 1505
34 241 -1 1067 -1
35 -1 -1 956 291
36 624 -1 626 -1
37 405 -1 507 -1
38 681 -1 -1 -1
39 346 350 348 -1
40 285 -1 625 632
41 -1 -1 1129 -1
42 965 -1 1249 -1
43 -1 -1 243 -1
44 920 -1 347 -1
45 200 -1 202 -1
46 396 -1 394 -1
47 1421 -1 235 485
48 -1 971 -1 -1
49 602 -1 604 -1
50 -1 105 -1 -1
51 -1 -1 603 622
52 718 -1 117 -1
53 -1 1523 1203 -1
54 407 -1 772 -1
55 886 -1 884 -1
56 262 -1 260 264
57 1225 1230 1228 -1
58 -1 1504 583 1411
59 1282 -1 1280 865
60 122 -1 124 126
61 890 -1 892 -1
62 -1 -1 -1 1537
63 1219 -1 -1 -1
64 -1 882 -1 880
65 1128 1132 1130 -1
66 1509 -1 -1 -1
67 -1 784 -1 113
68 1065 -1 599 -1
69 -1 -1 475 -1
70 -1 841 -1 -1
71 -1 -1 -1 1539
72 1326 -1 -1 695
73 -1 222 224 220
74 -1 -1 513 -1
75 -1 218 -1 216
76 -1 -1 1327 -1
77 -1 -1 1419 -1
78 -1 693 1235 -1
79 1063 -1 -1 -1
80 -1 -1 -1 1133
81 1037 -1 -1 -1
82 415 -1 944 -1
83 557 1380 -1 1199
84 -1 900 -1 898
85 83 -1 403 -1
86 804 802 800 -1
87 -1 1233 -1 -1
88 942 -1 417 -1
89 -1 -1 -1 823
90 550 -1 554 552
91 1131 365 1540 -1
92 -1 366 368 364
93 762 -1 759 764
94 747 -1 1474 -1
95 -1 -1 1337 -1
96 -1 1448 -1 941
97 639 -1 745 -1
98 -1 -1 -1 1359
99 824 -1 173 -1
100 758 -1 760 -1
101 553 -1 -1 -1
102 -1 -1 551 -1
103 -1 1006 -1 109
104 -1 -1 245 -1
105 125 -1 -1 -1
106 152 -1 150 -1
107 -1 -1 1273 -1
108 -1 763 -1 -1
109 246 -1 248 -1
110 -1 362 360 283
111 1389 -1 -1 -1
112 -1 940 -1 938
113 -1 765 -1 -1
114 -1 899 -1 986
115 990 -1 988 -1
116 992 931 994 -1
117 627 723 1000 831
118 1002 167 1004 -1
119 -1 -1 103 789
120 981 779 -1 1010
121 1016 -1 1014 -1
122 1018 585 -1 491
123 -1 1020 923 453
124 301 753 1036 -1
125 1032 1028 -1 1030
126 -1 1034 1009 781
127 909 1040 1038 53
128 249 265 879 137
129 -1 1042 -1 1044
130 -1 339 -1 409
131 331 1050 41 1052
132 821 593 963 1054
133 1058 1056 1060 -1
134 743 -1 1062 79
135 -1 -1 825 299
136 1066 1064 1068 239
137 -1 -1 1074 101
138 1078 1076 943 349
139 1082 1080 -1 -1
140 445 1088 837 -1
141 655 1055 429 1090
142 -1 1096 -1 1098
143 877 1102 1104 1100
144 1061 1106 955 131
145 147 1110 401 1108
146 -1 809 -1 1112
147 1125 1109 1124 197
148 1118 -1 257 157
149 1121 707 1120 1035
150 191 -1 1122 -1
151 -1 1126 -1 857
152 1136 -1 -1 1134
153 221 1140 1142 1138
154 1144 -1 1146 -1
155 799 597 1150 1148
156 761 -1 1152 -1
157 1001 -1 925 1021
158 1147 861 1158 -1
159 203 1160 -1 385
160 1162 503 -1 -1
161 1166 455 -1 1164
162 1172 1170 1168 677
163 1174 269 -1 771
164 -1 1176 -1 813
165 -1 413 1178 1027
166 1180 1045 -1 -1
167 1015 -1 1182 -1
168 1186 1184 1188 -1
169 -1 1135 -1 859
170 -1 1192 1190 1081
171 893 -1 1196 -1
172 1202 -1 -1 1200
173 1204 -1 1181 1161
174 675 1206 -1 1208
175 1210 1212 65 -1
176 1123 23 1017 -1
177 1220 -1 1218 1039
178 -1 -1 1222 1107
179 439 383 1226 1224
180 -1 -1 463 1087
181 1234 -1 397 1232
182 -1 1240 1238 181
183 661 -1 -1 119
184 1159 -1 1242 -1
185 1244 -1 1246 -1
186 1248 -1 533 -1
187 1183 1250 961 685
188 1254 -1 1252 -1
189 957 1209 1256 -1
190 775 -1 459 179
191 1258 169 -1 1260
192 1153 -1 1262 -1
193 1105 1268 1264 1266
194 497 689 213 -1
195 1270 1274 -1 1272
196 1278 1085 -1 1276
197 433 1201 -1 -1
198 1239 -1 1059 -1
199 1286 1284 907 17
200 -1 1292 1288 1290
201 -1 1294 1298 1296
202 605 567 887 39
203 801 1300 683 215
204 1229 921 -1 1007
205 399 1093 -1 1304
206 -1 1099 1306 -1
207 897 -1 345 1049
208 1265 -1 1310 1308
209 421 -1 1285 -1
210 373 1312 1314 1299
211 1316 -1 -1 1318
212 561 998 -1 996
213 -1 1322 -1 1324
214 1243 1330 1328 -1
215 55 293 1047 1332
216 977 1011 381 1334
217 -1 1291 21 -1
218 369 1339 1338 1336
219 -1 1325 -1 29
220 1340 -1 59 -1
221 1101 1267 1342 1344
222 -1 1319 -1 219
223 1223 623 -1 703
224 933 -1 1346 461
225 1350 1348 819 1119
226 803 151 1352 1301
227 -1 1345 -1 1356
228 -1 1358 1341 973
229 -1 545 1360 233
230 -1 1362 1364 -1
231 1257 -1 -1 469
232 1366 -1 741 515
233 -1 -1 -1 1368
234 1115 1370 1372 1363
235 1376 1155 1374 483
236 989 1287 1378 323
237 -1 1384 -1 1382
238 851 1165 161 1127
239 1386 -1 1025 -1
240 1397 1277 1396 1398
241 1400 1404 1402 1251
242 419 97 1377 -1
243 -1 471 1013 1406
244 281 -1 153 -1
245 1191 1215 1408 -1
246 -1 9 -1 1323
247 1247 1410 579 1019
248 -1 -1 927 -1
249 -1 737 615 1412
250 1365 1373 -1 1414
251 -1 -1 -1 919
252 -1 1407 -1 -1
253 705 -1 1351 -1
254 -1 -1 1416 1331
255 337 993 1271 -1
256 1379 827 -1 889
257 1197 335 505 -1
258 1307 -1 1071 -1
259 1418 -1 187 7
260 1375 875 1420 -1
261 -1 -1 967 -1
262 -1 -1 1422 -1
263 1426 -1 929 1424
264 1428 1430 979 -1
265 1432 1435 1434 1436
266 467 1347 -1 1438
267 1409 -1 891 -1
268 713 121 1440 1043
269 1444 1442 333 -1
270 1295 939 -1 1313
271 1450 437 327 -1
272 1454 -1 1452 -1
273 835 1427 1445 1217
274 1456 237 -1 1458
275 1453 -1 849 -1
276 669 1460 251 -1
277 -1 975 935 883
278 1423 1335 1447 1029
279 867 1281 637 1462
280 -1 787 -1 847
281 -1 -1 1283 -1
282 1253 -1 1145 -1
283 -1 1464 -1 1449
284 945 -1 949 785
285 1466 477 791 93
286 1289 1333 309 1401
287 1472 1263 1468 1470
288 1476 985 621 -1
289 -1 833 1167 -1
290 217 1480 1478 -1
291 -1 1175 1355 411
292 -1 1482 1279 1269
293 229 1053 991 479
294 1479 -1 519 727
295 969 -1 1429 539
296 -1 1543 -1 -1
297 749 1475 1387 1193
298 733 -1 657 -1
299 953 -1 1205 643
300 -1 -1 -1 1385
301 -1 1415 -1 901
302 667 -1 913 -1
303 -1 -1 1163 1455
304 601 619 495 687
305 1391 -1 1211 1151
306 1075 1484 757 71
307 1143 -1 1083 1486
308 769 1488 -1 -1
309 885 1492 315 1490
310 995 1297 -1 1275
311 423 -1 1494 -1
312 1403 1195 279 -1
313 1169 1496 -1 1207
314 457 1369 1177 811
315 1491 -1 1317 -1
316 -1 -1 1187 -1
317 343 -1 1367 -1
318 -1 -1 -1 1241
319 1005 -1 1500 -1
320 1501 -1 1502 -1
321 1343 -1 1309 721
322 115 -1 1255 -1
323 575 699 959 1321
324 -1 493 1508 -1
325 35 1457 1510 -1
326 1023 1179 443 -1
327 -1 1395 777 -1
328 547 1413 613 917
329 1103 881 465 1512
330 1511 1459 -1 1431
331 -1 1113 -1 -1
332 739 673 -1 659
333 1189 -1 441 -1
334 911 -1 1221 1041
335 357 -1 1117 1137
336 1495 -1 -1 1293
337 379 -1 735 731
338 -1 1237 -1 1381
339 -1 1069 -1 -1
340 359 -1 -1 -1
341 19 -1 123 1393
342 -1 1499 -1 1371
343 425 -1 665 1514
344 573 1357 -1 165
345 1091 1515 1349 -1
346 -1 1031 -1 1097
347 5 -1 529 -1
348 -1 855 -1 1213
349 311 -1 -1 1405
350 1503 -1 1518 1516
351 1469 559 1520 -1
352 1522 1524 195 1507
353 1526 -1 1003 -1
354 -1 -1 1527 -1
355 1441 -1 983 -1
356 829 -1 1467 95
357 541 795 1149 1361
358 773 -1 1528 -1
359 1521 -1 997 1530
360 1443 1425 -1 -1
361 1227 -1 1231 -1
362 1417 987 501 -1
363 -1 729 139 905
364 607 1463 635 -1
365 1532 1534 317 1493
366 1536 1538 -1 1481
367 511 -1 393 903
368 27 -1 1477 1542
369 -1 1157 487 1465
370 -1 271 481 1489
371 2 6 4 -1
372 -1 -1 -1 565
373 -1 10 -1 8
374 16 18 12 14
375 20 -1 -1 22
376 -1 28 26 24
377 -1 1439 -1 -1
378 -1 32 34 30
379 40 38 -1 36
380 46 50 -1 48
381 871 -1 -1 -1
382 52 56 54 45
383 58 -1 60 -1
384 64 -1 62 66
385 70 68 -1 72
386 -1 1531 -1 -1
387 74 78 -1 76
388 84 -1 82 80
389 86 90 -1 88
390 98 94 92 96
391 102 100 104 106
392 -1 108 -1 110
393 -1 43 -1 -1
394 116 112 114 91
395 -1 118 -1 120
396 130 128 132 -1
397 134 136 -1 51
398 138 142 -1 140
399 -1 144 148 146
400 -1 156 -1 154
401 61 -1 -1 -1
402 160 162 158 -1
403 -1 164 166 168
404 172 -1 170 -1
405 178 174 -1 176
406 1519 -1 -1 -1
407 186 180 182 184
408 194 -1 192 -1
409 -1 196 -1 198
410 -1 1305 -1 -1
411 -1 -1 1485 -1
412 204 206 208 87
413 212 210 214 -1
414 -1 -1 -1 1483
415 -1 -1 228 226
416 234 232 230 236
417 242 240 238 244
418 -1 -1 -1 1535
419 250 -1 252 -1
420 256 254 -1 258
421 268 266 -1 270
422 -1 274 -1 272
423 278 276 77 280
424 -1 107 -1 -1
425 282 284 288 286
426 -1 290 -1 163
427 57 -1 292 -1
428 -1 298 296 294
429 304 306 300 302
430 314 316 -1 312
431 -1 322 320 318
432 -1 295 -1 275
433 324 330 328 326
434 -1 389 -1 -1
435 334 332 336 -1
436 340 -1 -1 338
437 344 -1 342 -1
438 1529 -1 -1 -1
439 354 352 356 -1
440 193 -1 358 -1
441 370 155 -1 -1
442 374 -1 372 -1
443 380 -1 378 376
444 -1 384 -1 382
445 -1 25 388 386
446 392 390 49 -1
447 -1 400 398 -1
448 402 -1 404 -1
449 -1 408 406 -1
450 -1 410 -1 412
451 207 -1 414 -1
452 -1 -1 -1 549
453 416 -1 418 267
454 -1 37 420 -1
455 -1 259 422 -1
456 -1 426 424 428
457 -1 1139 -1 -1
458 434 -1 325 436
459 440 -1 438 -1
460 442 -1 444 -1
461 329 -1 446 -1
462 450 -1 448 -1
463 -1 452 -1 454
464 -1 -1 -1 363
465 458 -1 456 -1
466 464 460 466 462
467 -1 468 -1 470
468 474 -1 3 472
469 476 227 478 -1
470 480 482 484 486
471 -1 490 -1 488
472 494 -1 496 492
473 500 -1 498 -1
474 504 -1 -1 502
475 506 303 510 508
476 -1 514 -1 516
477 522 518 520 143
478 528 185 -1 -1
479 -1 -1 1433 -1
480 532 -1 530 -1
481 536 534 538 -1
482 542 -1 540 544
483 -1 548 -1 546
484 558 556 562 560
485 489 564 -1 566
486 -1 572 568 570
487 133 576 574 -1
488 578 582 580 584
489 588 586 590 592
490 13 -1 594 596
491 598 -1 600 -1
492 225 608 606 610
493 616 614 -1 612
494 620 -1 189 618
495 -1 1487 -1 -1
496 630 81 628 587
497 -1 -1 -1 581
498 636 640 638 634
499 -1 -1 1437 -1
500 -1 642 451 -1
501 646 141 644 -1
502 652 650 -1 648
503 656 658 654 -1
504 297 -1 660 -1
505 664 89 666 662
506 670 -1 668 672
507 -1 676 674 -1
508 678 682 680 -1
509 686 684 690 688
510 -1 694 431 692
511 696 -1 698 577
512 -1 702 -1 700
513 706 -1 704 -1
514 521 287 708 -1
515 710 -1 712 -1
516 63 -1 714 716
517 -1 720 341 -1
518 -1 726 523 728
519 377 730 732 -1
520 734 -1 738 736
521 740 -1 742 -1
522 750 746 748 744
523 307 649 752 -1
524 756 -1 754 -1
525 -1 -1 679 -1
526 766 770 768 -1
527 776 -1 774 -1
528 231 -1 671 778
529 -1 780 -1 782
530 -1 788 -1 786
531 790 319 -1 792
532 796 -1 798 794
533 -1 -1 -1 1533
534 806 -1 509 591
535 -1 812 810 175
536 818 -1 663 255
537 -1 820 822 427
538 -1 15 797 826
539 447 828 99 -1
540 -1 830 -1 832
541 836 -1 834 -1
542 842 838 -1 840
543 183 273 711 -1
544 844 -1 205 -1
545 848 846 -1 -1
546 209 -1 719 -1
547 709 -1 850 -1
548 -1 1517 -1 -1
549 645 653 305 -1
550 852 75 -1 277
551 -1 856 -1 854
552 -1 858 -1 860
553 863 159 862 651
554 223 864 866 609
555 -1 868 870 815
556 261 -1 876 878
557 321 888 543 873
558 1329 -1 -1 -1
559 895 -1 894 896
560 67 717 589 902
561 906 904 647 -1
562 912 -1 910 908
563 715 -1 631 -1
564 -1 -1 135 -1
565 -1 -1 1185 -1
566 -1 918 916 914
567 926 924 -1 922
568 928 -1 375 930
569 -1 701 -1 936
570 755 177 -1 69
571 -1 783 -1 11
572 950 -1 952 -1
573 361 -1 633 289
574 954 -1 697 129
575 -1 937 -1 958
576 691 960 805 211
577 966 -1 964 962
578 -1 31 968 535
579 -1 -1 -1 1497
580 -1 972 -1 974
581 978 980 976 -1
582 982 -1 435 -1
583 253 -1 845 -1
584 817 -1 -1 984
585 -1 1008 371 869
586 1012 -1 263 247
587 1024 1026 1022 -1
588 1046 -1 1048 -1
589 1070 -1 1072 -1
590 -1 1086 -1 1084
591 -1 1471 -1 -1
592 1094 1033 -1 1092
593 -1 313 -1 -1
594 -1 793 1154 1156
595 395 -1 1057 -1
596 -1 517 853 1194
597 563 1198 -1 999
598 -1 1216 -1 1214
599 -1 73 -1 1236
600 531 571 -1 353
601 1320 -1 1051 -1
602 351 -1 1079 -1
603 947 -1 355 -1
604 527 1095 149 1111
605 1354 -1 767 1089
606 -1 -1 -1 1461
607 555 -1 1388 839
608 595 1392 1390 -1
609 1315 -1 537 1394
610 1073 -1 617 -1
611 569 -1 1259 -1
612 -1 1473 -1 -1
613 -1 -1 1451 -1
614 1446 -1 -1 -1
615 -1 -1 525 -1
616 449 -1 201 -1
617 1311 -1 1399 -1
618 -1 387 -1 -1
619 629 -1 807 -1
620 -1 1513 -1 -1
621 -1 -1 -1 1077
