262
52.0585365 5.1231089 1 0
52.1046295 5.1576271 2 0
52.0720634 5.0911369 3 0
52.0806808 5.0739975 4 0
52.0669975 5.1109285 5 0
52.0884819 5.1478028 6 1
52.1061211 5.0948753 7 0
52.1186485 5.1369386 8 0
52.0979805 5.0745244 9 0
52.0807915 5.090662 10 1
52.0740013 5.0740786 11 0
52.1063042 5.1165977 12 0
52.1213875 5.0872698 13 0
52.0668411 5.1367917 14 0
52.0868607 5.0744538 15 0
52.0794144 5.0741925 16 0
52.0791588 5.0743117 17 0
52.0704155 5.113318 18 0
52.1104698 5.1110973 19 1
52.0648766 5.141398 20 0
52.0693398 5.1067567 21 0
52.0585861 5.1059318 22 0
52.0786438 5.0797205 23 1
52.103775 5.1542931 24 1
52.082737 5.0945592 25 1
52.10952 5.1119933 26 1
52.1183701 5.136652 27 0
52.0989418 5.1590409 28 0
52.0769272 5.1090894 29 0
52.097187 5.0840983 30 0
52.1218185 5.0754099 31 0
52.1127777 5.0870314 32 1
52.0909691 5.1459928 33 1
52.0916252 5.1036782 34 1
52.089035 5.0741282 35 0
52.1102982 5.110991 36 1
52.0680962 5.1133466 37 1
52.1221008 5.0997214 38 0
52.0915565 5.1587129 39 0
52.1191254 5.0847502 40 1
52.1213036 5.1198559 41 0
52.0865974 5.1594143 42 0
52.1038399 5.0900869 43 0
52.1126633 5.1459641 44 0
52.1218987 5.1001091 45 0
52.0797424 5.0852466 46 1
52.0971069 5.0850945 47 0
52.0812302 5.1438036 48 0
52.0782127 5.1434035 49 0
52.1049118 5.1580882 50 0
52.1210709 5.0869579 51 0
52.0613708 5.1081219 52 0
52.0586739 5.1105685 53 0
52.0804291 5.0741153 54 0
52.072403 5.0921502 55 0
52.091217 5.1586981 56 0
52.0972481 5.1059561 57 0
52.0971069 5.1130137 58 0
52.0927277 5.1035848 59 0
52.093338 5.1056137 60 1
52.1023407 5.0821419 61 0
52.1120644 5.1370225 62 1
52.0655632 5.1418967 63 0
52.0585823 5.1323137 64 0
52.0846748 5.0974002 65 1
52.1036034 5.1535516 66 1
52.0588646 5.0969338 67 0
52.0800362 5.0868669 68 1
52.0918846 5.1529431 69 0
52.0975952 5.0784664 70 0
52.0799561 5.0860796 71 0
52.0739441 5.0740566 72 0
52.0586166 5.0972395 73 0
52.1029892 5.1302962 74 0
52.0963669 5.1074729 75 0
52.0891838 5.136488 76 0
52.0671921 5.1128788 77 0
52.1183167 5.0776663 78 0
52.0978165 5.0755091 79 1
52.0652161 5.1591926 80 0
52.09795 5.0740404 81 0
52.080485 5.1215385 82 1
52.0844657 5.1385315 83 1
52.115638 5.0825058 84 1
52.0642706 5.0892939 85 1
52.0788432 5.1201465 86 1
52.092438 5.1050544 87 1
52.106603 5.0943122 88 1
52.1189423 5.1401233 89 0
52.0667635 5.1073768 90 1
52.1129316 5.1149028 91 1
52.1204262 5.1413548 92 1
52.0928627 5.1044326 93 0
52.102349 5.1433441 94 1
52.0797927 5.1027479 95 1
52.0853205 5.1300796 96 1
52.090219 5.104432 97 1
52.1153718 5.0746112 98 0
52.0792465 5.0924186 99 1
52.0730251 5.0938832 100 1
52.0968908 5.0832914 101 1
52.0962044 5.1437424 102 1
52.0942364 5.0907974 103 0
52.1053364 5.1058271 104 1
52.0806726 5.127366 105 1
52.0652139 5.1421715 106 0
52.1110382 5.0823099 107 1
52.0834666 5.0981967 108 1
52.084203 5.0970971 109 1
52.0954989 5.1092403 110 1
52.0687328 5.0815579 111 1
52.0656632 5.0780725 112 0
52.1174825 5.0851752 113 1
52.0801172 5.1265259 114 0
52.1087403 5.0981452 115 1
52.0662734 5.0793624 116 0
52.0841932 5.1585177 117 0
52.1116709 5.125154 118 0
52.0663325 5.1198297 119 1
52.1174482 5.0860168 120 0
52.0770717 5.1502066 121 0
52.0669384 5.0812544 122 1
52.1061452 5.1152535 123 1
52.0615852 5.1072687 124 1
52.1062326 5.1069 125 0
52.1036143 5.1305456 126 1
52.115099 5.1117951 127 1
52.1002977 5.1088525 128 1
52.0797566 5.1414146 129 1
52.1003418 5.0865781 130 1
52.0740122 5.097265 131 1
52.1109818 5.1244309 132 0
52.0763634 5.1045899 133 1
52.0908218 5.1052319 134 0
52.110118 5.0925038 135 1
52.0788539 5.1491177 136 1
52.0948817 5.1094599 137 1
52.1172665 5.1341197 138 1
52.116591 5.1345662 139 1
52.0892211 5.1303586 140 1
52.0780668 5.1151392 141 1
52.0970633 5.0859274 142 0
52.1215793 5.1008387 143 1
52.0793139 5.1433702 144 1
52.1131935 5.105818 145 1
52.0826874 5.0948909 146 0
52.0671668 5.082214 147 1
52.0869223 5.0746906 148 1
52.0649321 5.1271326 149 1
52.065464 5.1258843 150 1
52.0989246 5.1585498 151 0
52.0685088 5.0812058 152 1
52.0775868 5.1143012 153 1
52.0796639 5.1426147 154 1
52.0927712 5.1031509 155 1
52.077343 5.1124846 156 1
52.0991535 5.1026833 157 0
52.0672857 5.113616 158 1
52.079257 5.143679 159 1
52.1074265 5.135095 160 0
52.1130046 5.08724 161 1
52.106767 5.1434349 162 1
52.1033958 5.1051908 163 1
52.0867672 5.0744293 164 0
52.1189128 5.1049692 165 1
52.1166995 5.1338512 166 1
52.0648746 5.1255689 167 1
52.10834 5.086844 168 1
52.0586186 5.1233573 169 0
52.0909337 5.1331334 170 1
52.1087065 5.1126139 171 0
52.0949954 5.0856044 172 1
52.1097794 5.0920658 173 1
52.0811529 5.125749 174 1
52.1161049 5.110147 175 1
52.0967884 5.1131951 176 0
52.0850227 5.1085821 177 0
52.0892949 5.1146801 178 0
52.0585994 5.1061936 179 0
52.1038764 5.1539706 180 1
52.1148439 5.1182002 181 1
52.0929791 5.111231 182 0
52.0980141 5.1120846 183 1
52.1118946 5.108917 184 1
52.1123295 5.1083174 185 1
52.0925729 5.1276112 186 0
52.0727983 5.1479597 187 1
52.069175 5.0832388 188 1
52.0774676 5.1235896 189 1
52.1102705 5.111373 190 1
52.0842679 5.0992188 191 0
52.113519 5.1160658 192 0
52.0845166 5.096903 193 1
52.117691 5.107557 194 1
52.0696411 5.0802705 195 1
52.1200161 5.0856807 196 1
52.0742693 5.0969107 197 1
52.066845 5.1157934 198 1
52.0661511 5.1198172 199 1
52.0955219 5.1415718 200 0
52.077652 5.1146658 201 0
52.1164558 5.1096765 202 1
52.1052231 5.0921677 203 1
52.1054581 5.1204249 204 1
52.0698509 5.1131552 205 1
52.1136762 5.1222169 206 1
52.0910874 5.1461914 207 0
52.0922088 5.1511066 208 0
52.1057206 5.1148207 209 0
52.0726791 5.1290838 210 0
52.0939903 5.0926742 211 0
52.0694613 5.0804718 212 1
52.0811225 5.0903803 213 1
52.1199068 5.0862487 214 1
52.1121852 5.108249 215 1
52.0907455 5.1132875 216 0
52.0680249 5.1135338 217 1
52.0988846 5.109777 218 0
52.0671606 5.114367 219 0
52.0807381 5.091148 220 1
52.1134822 5.1064169 221 1
52.0935075 5.1285925 222 0
52.0897828 5.1046374 223 1
52.0884579 5.1481923 224 1
52.1190446 5.105295 225 1
52.0847656 5.1088613 226 1
52.1137504 5.1061151 227 1
52.0674546 5.0820482 228 1
52.1162224 5.1093186 229 1
52.0810566 5.1124956 230 1
52.0938759 5.0851876 231 1
52.1106561 5.110973 232 1
52.1091538 5.0971848 233 0
52.0867558 5.0749519 234 1
52.0810376 5.1122563 235 1
52.0588277 5.1361216 236 0
52.1133966 5.105568 237 1
52.1220951 5.1157554 238 0
52.0894537 5.1358352 239 0
52.0794153 5.1431253 240 0
52.1111183 5.1377523 241 0
52.0734024 5.105687 242 0
52.0937479 5.0854124 243 1
52.1182203 5.1283177 244 1
52.0784982 5.1436017 245 1
52.079277 5.1343072 246 0
52.1058893 5.1207494 247 1
52.115935 5.1097727 248 1
52.1175054 5.1072688 249 1
52.0611744 5.1173265 250 1
52.0840015 5.0964038 251 1
52.0935154 5.0858455 252 0
52.1071472 5.1437329 253 0
52.1069774 5.0938594 254 0
52.1104222 5.1117606 255 1
52.0793018 5.134592 256 0
52.0977078 5.1051752 257 0
52.0774956 5.1140349 258 0
52.0729008 5.1228352 259 1
52.0645352 5.1314819 260 1
52.0780812 5.1154383 261 0
52.1202182 5.0743465 262 0
334
218 183 263.4091668062993 16.67 3 3 2 3
1 0 0 0 1 0 0 0 1
1 0 0 0 1 0 0 0 1
218 128 141.02221484432232 16.67 3 3 4 5
1 0 0 0 1 0 0 0 1
1 0 0 0 1 0 0 0 1
219 158 83.94925964876268 16.67 3 3 6 7
1 0 0 0 1 0 0 0 1
1 0 0 0 1 0 0 0 1
219 198 160.07871808734876 16.67 3 3 8 9
1 0 0 0 1 0 0 0 1
1 0 0 0 1 0 0 0 1
220 213 89.31998582389927 16.67 3 3 10 11
1 0 0 0 1 0 0 0 1
1 0 0 0 1 0 0 0 1
220 99 174.22506641700133 16.67 3 3 12 13
1 0 0 0 1 0 0 0 1
1 0 0 0 1 0 0 0 1
220 146 437.0154952215133 16.67 3 3 14 15
1 0 0 0 1 0 0 0 1
1 0 0 0 1 0 0 0 1
220 10 54.16713695109155 16.67 3 3 16 17
1 0 0 0 1 0 0 0 1
1 0 0 0 1 0 0 0 1
221 145 69.45556547991333 16.67 3 3 18 19
1 0 0 0 1 0 0 0 1
1 0 0 0 1 0 0 0 1
221 227 38.23301431411075 16.67 3 3 20 21
1 0 0 0 1 0 0 0 1
1 0 0 0 1 0 0 0 1
221 185 225.5226972931524 16.67 3 3 22 23
1 0 0 0 1 0 0 0 1
1 0 0 0 1 0 0 0 1
221 248 409.03854370068905 16.67 3 3 24 25
1 0 0 0 1 0 0 0 1
1 0 0 0 1 0 0 0 1
222 186 126.43056348838235 16.67 3 3 26 27
1 0 0 0 1 0 0 0 1
1 0 0 0 1 0 0 0 1
222 74 674.9215317467612 16.67 3 3 28 29
1 0 0 0 1 0 0 0 1
1 0 0 0 1 0 0 0 1
23 16 616.9752875953645 16.67 3 3 30 31
1 0 0 0 1 0 0 0 1
1 0 0 0 1 0 0 0 1
23 46 619.0818734819848 16.67 3 3 32 33
1 0 0 0 1 0 0 0 1
1 0 0 0 1 0 0 0 1
23 17 602.4971347269964 16.67 3 3 34 35
1 0 0 0 1 0 0 0 1
1 0 0 0 1 0 0 0 1
223 97 37.54932151535019 16.67 3 3 36 37
1 0 0 0 1 0 0 0 1
1 0 0 0 1 0 0 0 1
223 109 921.0963467761185 16.67 3 3 38 39
1 0 0 0 1 0 0 0 1
1 0 0 0 1 0 0 0 1
223 87 187.2498123861815 16.67 3 3 40 41
1 0 0 0 1 0 0 0 1
1 0 0 0 1 0 0 0 1
224 39 1188.9125960500537 16.67 3 3 42 43
1 0 0 0 1 0 0 0 1
1 0 0 0 1 0 0 0 1
224 6 43.34412729994165 16.67 3 3 44 45
1 0 0 0 1 0 0 0 1
1 0 0 0 1 0 0 0 1
224 56 1183.3767773556503 16.67 3 3 46 47
1 0 0 0 1 0 0 0 1
1 0 0 0 1 0 0 0 1
224 169 3432.7581822518882 16.67 3 3 48 49
1 0 0 0 1 0 0 0 1
1 0 0 0 1 0 0 0 1
225 143 524.9016181408813 16.67 3 3 50 51
1 0 0 0 1 0 0 0 1
1 0 0 0 1 0 0 0 1
225 194 267.98107608936397 16.67 3 3 52 53
1 0 0 0 1 0 0 0 1
1 0 0 0 1 0 0 0 1
225 165 37.330526627829215 16.67 3 3 54 55
1 0 0 0 1 0 0 0 1
1 0 0 0 1 0 0 0 1
226 235 455.4383223610865 16.67 3 3 56 57
1 0 0 0 1 0 0 0 1
1 0 0 0 1 0 0 0 1
226 230 477.0377168906134 16.67 3 3 58 59
1 0 0 0 1 0 0 0 1
1 0 0 0 1 0 0 0 1
226 95 760.0193287514207 16.67 3 3 60 61
1 0 0 0 1 0 0 0 1
1 0 0 0 1 0 0 0 1
227 237 65.4603082708571 16.67 3 3 62 63
1 0 0 0 1 0 0 0 1
1 0 0 0 1 0 0 0 1
227 229 394.2079371186291 16.67 3 3 64 65
1 0 0 0 1 0 0 0 1
1 0 0 0 1 0 0 0 1
228 122 95.06379219353063 16.67 3 3 66 67
1 0 0 0 1 0 0 0 1
1 0 0 0 1 0 0 0 1
228 152 118.18866576554588 16.67 3 3 68 69
1 0 0 0 1 0 0 0 1
1 0 0 0 1 0 0 0 1
228 147 26.96280205451462 16.67 3 3 70 71
1 0 0 0 1 0 0 0 1
1 0 0 0 1 0 0 0 1
229 202 42.87165749199268 16.67 3 3 72 73
1 0 0 0 1 0 0 0 1
1 0 0 0 1 0 0 0 1
229 249 244.1980544831416 16.67 3 3 74 75
1 0 0 0 1 0 0 0 1
1 0 0 0 1 0 0 0 1
229 248 54.17621320339797 16.67 3 3 76 77
1 0 0 0 1 0 0 0 1
1 0 0 0 1 0 0 0 1
230 235 26.642246316063257 16.67 3 3 78 79
1 0 0 0 1 0 0 0 1
1 0 0 0 1 0 0 0 1
230 141 358.0032431278316 16.67 3 3 80 81
1 0 0 0 1 0 0 0 1
1 0 0 0 1 0 0 0 1
60 87 87.45851177330253 16.67 3 3 82 83
1 0 0 0 1 0 0 0 1
1 0 0 0 1 0 0 0 1
60 137 440.5154982478492 16.67 3 3 84 85
1 0 0 0 1 0 0 0 1
1 0 0 0 1 0 0 0 1
60 93 135.29510553301154 16.67 3 3 86 87
1 0 0 0 1 0 0 0 1
1 0 0 0 1 0 0 0 1
231 172 89.43090576987156 16.67 3 3 88 89
1 0 0 0 1 0 0 0 1
1 0 0 0 1 0 0 0 1
231 213 1045.27352109302 16.67 3 3 90 91
1 0 0 0 1 0 0 0 1
1 0 0 0 1 0 0 0 1
231 243 26.483582452717975 16.67 3 3 92 93
1 0 0 0 1 0 0 0 1
1 0 0 0 1 0 0 0 1
65 97 868.8917246625463 16.67 3 3 94 95
1 0 0 0 1 0 0 0 1
1 0 0 0 1 0 0 0 1
65 109 46.64153738575451 16.67 3 3 96 97
1 0 0 0 1 0 0 0 1
1 0 0 0 1 0 0 0 1
65 193 56.336438757731614 16.67 3 3 98 99
1 0 0 0 1 0 0 0 1
1 0 0 0 1 0 0 0 1
232 184 243.774612354988 16.67 3 3 100 101
1 0 0 0 1 0 0 0 1
1 0 0 0 1 0 0 0 1
232 91 463.80951846520327 16.67 3 3 102 103
1 0 0 0 1 0 0 0 1
1 0 0 0 1 0 0 0 1
232 19 18.786537476214917 16.67 3 3 104 105
1 0 0 0 1 0 0 0 1
1 0 0 0 1 0 0 0 1
233 135 524.6842585926056 16.67 3 3 106 107
1 0 0 0 1 0 0 0 1
1 0 0 0 1 0 0 0 1
233 115 110.46884128807889 16.67 3 3 108 109
1 0 0 0 1 0 0 0 1
1 0 0 0 1 0 0 0 1
234 54 442.1996111934553 16.67 3 3 110 111
1 0 0 0 1 0 0 0 1
1 0 0 0 1 0 0 0 1
234 35 180.67695018461174 16.67 3 3 112 113
1 0 0 0 1 0 0 0 1
1 0 0 0 1 0 0 0 1
234 148 31.204891721501845 16.67 3 3 114 115
1 0 0 0 1 0 0 0 1
1 0 0 0 1 0 0 0 1
58 183 120.4797106067133 16.67 3 3 116 117
1 0 0 0 1 0 0 0 1
1 0 0 0 1 0 0 0 1
58 176 29.670208613631157 16.67 3 3 118 119
1 0 0 0 1 0 0 0 1
1 0 0 0 1 0 0 0 1
19 190 33.54385492880007 16.67 3 3 120 121
1 0 0 0 1 0 0 0 1
1 0 0 0 1 0 0 0 1
19 36 16.64539726672046 16.67 3 3 122 123
1 0 0 0 1 0 0 0 1
1 0 0 0 1 0 0 0 1
235 141 379.46168208009203 16.67 3 3 124 125
1 0 0 0 1 0 0 0 1
1 0 0 0 1 0 0 0 1
237 145 31.068122913777145 16.67 3 3 126 127
1 0 0 0 1 0 0 0 1
1 0 0 0 1 0 0 0 1
237 115 884.5564897067311 16.67 3 3 128 129
1 0 0 0 1 0 0 0 1
1 0 0 0 1 0 0 0 1
20 236 717.8240311136846 16.67 3 3 130 131
1 0 0 0 1 0 0 0 1
1 0 0 0 1 0 0 0 1
20 106 89.05180711836704 16.67 3 3 132 133
1 0 0 0 1 0 0 0 1
1 0 0 0 1 0 0 0 1
82 86 191.17957128800404 16.67 3 3 134 135
1 0 0 0 1 0 0 0 1
1 0 0 0 1 0 0 0 1
82 174 470.43465829225244 16.67 3 3 136 137
1 0 0 0 1 0 0 0 1
1 0 0 0 1 0 0 0 1
82 178 971.6692439289897 16.67 3 3 138 139
1 0 0 0 1 0 0 0 1
1 0 0 0 1 0 0 0 1
83 76 394.4396290030101 16.67 3 3 142 143
1 0 0 0 1 0 0 0 1
1 0 0 0 1 0 0 0 1
83 129 454.2424038957839 16.67 3 3 144 145
1 0 0 0 1 0 0 0 1
1 0 0 0 1 0 0 0 1
83 96 941.6797173751735 16.67 3 3 146 147
1 0 0 0 1 0 0 0 1
1 0 0 0 1 0 0 0 1
84 32 539.8280375676986 16.67 3 3 148 149
1 0 0 0 1 0 0 0 1
1 0 0 0 1 0 0 0 1
84 113 322.4582663534362 16.67 3 3 150 151
1 0 0 0 1 0 0 0 1
1 0 0 0 1 0 0 0 1
84 161 556.3161429565179 16.67 3 3 152 153
1 0 0 0 1 0 0 0 1
1 0 0 0 1 0 0 0 1
84 78 568.3976263328873 16.67 3 3 154 155
1 0 0 0 1 0 0 0 1
1 0 0 0 1 0 0 0 1
85 67 926.4759039308392 16.67 3 3 156 157
1 0 0 0 1 0 0 0 1
1 0 0 0 1 0 0 0 1
85 73 964.4137173610053 16.67 3 3 158 159
1 0 0 0 1 0 0 0 1
1 0 0 0 1 0 0 0 1
85 112 1251.4662577100191 16.67 3 3 160 161
1 0 0 0 1 0 0 0 1
1 0 0 0 1 0 0 0 1
86 141 559.3431288053218 16.67 3 3 162 163
1 0 0 0 1 0 0 0 1
1 0 0 0 1 0 0 0 1
86 189 394.25162802240123 16.67 3 3 164 165
1 0 0 0 1 0 0 0 1
1 0 0 0 1 0 0 0 1
86 261 526.1438077534166 16.67 3 3 166 167
1 0 0 0 1 0 0 0 1
1 0 0 0 1 0 0 0 1
87 137 517.5673479633992 16.67 3 3 168 169
1 0 0 0 1 0 0 0 1
1 0 0 0 1 0 0 0 1
87 134 112.17100501843103 16.67 3 3 170 171
1 0 0 0 1 0 0 0 1
1 0 0 0 1 0 0 0 1
88 7 70.74093510860659 16.67 3 3 172 173
1 0 0 0 1 0 0 0 1
1 0 0 0 1 0 0 0 1
88 254 56.47330266261041 16.67 3 3 174 175
1 0 0 0 1 0 0 0 1
1 0 0 0 1 0 0 0 1
88 115 450.5403985961712 16.67 3 3 176 177
1 0 0 0 1 0 0 0 1
1 0 0 0 1 0 0 0 1
88 203 256.42036363250804 16.67 3 3 178 179
1 0 0 0 1 0 0 0 1
1 0 0 0 1 0 0 0 1
90 124 354.1952274549162 16.67 3 3 180 181
1 0 0 0 1 0 0 0 1
1 0 0 0 1 0 0 0 1
90 5 395.2791895318352 16.67 3 3 182 183
1 0 0 0 1 0 0 0 1
1 0 0 0 1 0 0 0 1
90 22 581.6473624264623 16.67 3 3 184 185
1 0 0 0 1 0 0 0 1
1 0 0 0 1 0 0 0 1
90 131 1228.7933440340705 16.67 3 3 186 187
1 0 0 0 1 0 0 0 1
1 0 0 0 1 0 0 0 1
91 255 389.17806968685653 16.67 3 3 188 189
1 0 0 0 1 0 0 0 1
1 0 0 0 1 0 0 0 1
91 192 135.40581740231792 16.67 3 3 190 191
1 0 0 0 1 0 0 0 1
1 0 0 0 1 0 0 0 1
239 170 317.00610957843713 16.67 3 3 192 193
1 0 0 0 1 0 0 0 1
1 0 0 0 1 0 0 0 1
239 76 74.89826310287285 16.67 3 3 194 195
1 0 0 0 1 0 0 0 1
1 0 0 0 1 0 0 0 1
43 130 457.5295731177244 16.67 3 3 196 197
1 0 0 0 1 0 0 0 1
1 0 0 0 1 0 0 0 1
43 203 249.93350887627605 16.67 3 3 198 199
1 0 0 0 1 0 0 0 1
1 0 0 0 1 0 0 0 1
92 92 0.0 16.67 3 3 200 201
1 0 0 0 1 0 0 0 1
1 0 0 0 1 0 0 0 1
92 89 170.3505550818969 16.67 3 3 202 203
1 0 0 0 1 0 0 0 1
1 0 0 0 1 0 0 0 1
93 155 142.6643564057828 16.67 3 3 204 205
1 0 0 0 1 0 0 0 1
1 0 0 0 1 0 0 0 1
94 180 1186.2824916630238 16.67 3 3 206 207
1 0 0 0 1 0 0 0 1
1 0 0 0 1 0 0 0 1
94 162 301.9448411769897 16.67 3 3 208 209
1 0 0 0 1 0 0 0 1
1 0 0 0 1 0 0 0 1
94 126 1425.8378835920626 16.67 3 3 210 211
1 0 0 0 1 0 0 0 1
1 0 0 0 1 0 0 0 1
94 66 1138.321551428455 16.67 3 3 212 213
1 0 0 0 1 0 0 0 1
1 0 0 0 1 0 0 0 1
95 108 564.9585259875229 16.67 3 3 214 215
1 0 0 0 1 0 0 0 1
1 0 0 0 1 0 0 0 1
95 133 311.2580486847794 16.67 3 3 216 217
1 0 0 0 1 0 0 0 1
1 0 0 0 1 0 0 0 1
95 177 740.7137382579543 16.67 3 3 218 219
1 0 0 0 1 0 0 0 1
1 0 0 0 1 0 0 0 1
96 174 559.4731603501012 16.67 3 3 220 221
1 0 0 0 1 0 0 0 1
1 0 0 0 1 0 0 0 1
96 140 268.3357772890084 16.67 3 3 222 223
1 0 0 0 1 0 0 0 1
1 0 0 0 1 0 0 0 1
97 34 127.50465335278611 16.67 3 3 224 225
1 0 0 0 1 0 0 0 1
1 0 0 0 1 0 0 0 1
97 134 98.02269702079734 16.67 3 3 226 227
1 0 0 0 1 0 0 0 1
1 0 0 0 1 0 0 0 1
99 108 704.2940881865395 16.67 3 3 228 229
1 0 0 0 1 0 0 0 1
1 0 0 0 1 0 0 0 1
99 197 604.3434022590058 16.67 3 3 230 231
1 0 0 0 1 0 0 0 1
1 0 0 0 1 0 0 0 1
99 10 222.0479115323443 16.67 3 3 232 233
1 0 0 0 1 0 0 0 1
1 0 0 0 1 0 0 0 1
100 197 347.2382849519381 16.67 3 3 234 235
1 0 0 0 1 0 0 0 1
1 0 0 0 1 0 0 0 1
100 131 382.0665767189266 16.67 3 3 236 237
1 0 0 0 1 0 0 0 1
1 0 0 0 1 0 0 0 1
100 55 197.34798464996413 16.67 3 3 238 239
1 0 0 0 1 0 0 0 1
1 0 0 0 1 0 0 0 1
101 172 287.96303389172147 16.67 3 3 240 241
1 0 0 0 1 0 0 0 1
1 0 0 0 1 0 0 0 1
101 70 538.7021572190157 16.67 3 3 242 243
1 0 0 0 1 0 0 0 1
1 0 0 0 1 0 0 0 1
101 30 91.98199359224915 16.67 3 3 244 245
1 0 0 0 1 0 0 0 1
1 0 0 0 1 0 0 0 1
102 151 1657.0623560496492 16.67 3 3 246 247
1 0 0 0 1 0 0 0 1
1 0 0 0 1 0 0 0 1
102 200 245.83655576324173 16.67 3 3 248 249
1 0 0 0 1 0 0 0 1
1 0 0 0 1 0 0 0 1
102 33 436.50782085054846 16.67 3 3 250 251
1 0 0 0 1 0 0 0 1
1 0 0 0 1 0 0 0 1
102 28 1711.468007673045 16.67 3 3 252 253
1 0 0 0 1 0 0 0 1
1 0 0 0 1 0 0 0 1
14 63 574.3672734686903 16.67 3 3 254 255
1 0 0 0 1 0 0 0 1
1 0 0 0 1 0 0 0 1
14 260 611.1383057568379 16.67 3 3 256 257
1 0 0 0 1 0 0 0 1
1 0 0 0 1 0 0 0 1
103 172 579.7942871946468 16.67 3 3 258 259
1 0 0 0 1 0 0 0 1
1 0 0 0 1 0 0 0 1
103 211 209.37965121565566 16.67 3 3 260 261
1 0 0 0 1 0 0 0 1
1 0 0 0 1 0 0 0 1
104 163 150.2499020077303 16.67 3 3 262 263
1 0 0 0 1 0 0 0 1
1 0 0 0 1 0 0 0 1
104 115 885.3134314017261 16.67 3 3 264 265
1 0 0 0 1 0 0 0 1
1 0 0 0 1 0 0 0 1
104 125 134.09463661455865 16.67 3 3 266 267
1 0 0 0 1 0 0 0 1
1 0 0 0 1 0 0 0 1
240 154 59.26696619410846 16.67 3 3 268 269
1 0 0 0 1 0 0 0 1
1 0 0 0 1 0 0 0 1
240 144 28.10116676544633 16.67 3 3 270 271
1 0 0 0 1 0 0 0 1
1 0 0 0 1 0 0 0 1
105 174 182.78454205041785 16.67 3 3 272 273
1 0 0 0 1 0 0 0 1
1 0 0 0 1 0 0 0 1
105 114 100.83669728295914 16.67 3 3 274 275
1 0 0 0 1 0 0 0 1
1 0 0 0 1 0 0 0 1
105 246 777.7438237927421 16.67 3 3 276 277
1 0 0 0 1 0 0 0 1
1 0 0 0 1 0 0 0 1
106 63 38.781704011217464 16.67 3 3 278 279
1 0 0 0 1 0 0 0 1
1 0 0 0 1 0 0 0 1
241 62 103.73429872831097 16.67 3 3 280 281
1 0 0 0 1 0 0 0 1
1 0 0 0 1 0 0 0 1
241 160 388.4378558800871 16.67 3 3 282 283
1 0 0 0 1 0 0 0 1
1 0 0 0 1 0 0 0 1
77 158 82.22728205621411 16.67 3 3 284 285
1 0 0 0 1 0 0 0 1
1 0 0 0 1 0 0 0 1
77 5 217.28444520314193 16.67 3 3 286 287
1 0 0 0 1 0 0 0 1
1 0 0 0 1 0 0 0 1
108 109 132.22734499341684 16.67 3 3 288 289
1 0 0 0 1 0 0 0 1
1 0 0 0 1 0 0 0 1
108 191 126.16160893602968 16.67 3 3 290 291
1 0 0 0 1 0 0 0 1
1 0 0 0 1 0 0 0 1
109 251 78.31613057335956 16.67 3 3 292 293
1 0 0 0 1 0 0 0 1
1 0 0 0 1 0 0 0 1
107 98 905.820776123273 16.67 3 3 294 295
1 0 0 0 1 0 0 0 1
1 0 0 0 1 0 0 0 1
107 32 538.3107698164044 16.67 3 3 296 297
1 0 0 0 1 0 0 0 1
1 0 0 0 1 0 0 0 1
107 168 536.8166570795013 16.67 3 3 298 299
1 0 0 0 1 0 0 0 1
1 0 0 0 1 0 0 0 1
110 137 48.72591532010188 16.67 3 3 300 301
1 0 0 0 1 0 0 0 1
1 0 0 0 1 0 0 0 1
110 176 448.5172772002502 16.67 3 3 302 303
1 0 0 0 1 0 0 0 1
1 0 0 0 1 0 0 0 1
110 75 205.28891484106848 16.67 3 3 304 305
1 0 0 0 1 0 0 0 1
1 0 0 0 1 0 0 0 1
111 188 189.3474472488497 16.67 3 3 306 307
1 0 0 0 1 0 0 0 1
1 0 0 0 1 0 0 0 1
111 152 42.04173005645111 16.67 3 3 308 309
1 0 0 0 1 0 0 0 1
1 0 0 0 1 0 0 0 1
111 212 130.63991876728593 16.67 3 3 310 311
1 0 0 0 1 0 0 0 1
1 0 0 0 1 0 0 0 1
243 172 87.86180980153287 16.67 3 3 312 313
1 0 0 0 1 0 0 0 1
1 0 0 0 1 0 0 0 1
243 213 1024.3016642311645 16.67 3 3 314 315
1 0 0 0 1 0 0 0 1
1 0 0 0 1 0 0 0 1
243 252 50.71328818522758 16.67 3 3 316 317
1 0 0 0 1 0 0 0 1
1 0 0 0 1 0 0 0 1
112 116 149.38175144648514 16.67 3 3 318 319
1 0 0 0 1 0 0 0 1
1 0 0 0 1 0 0 0 1
66 180 50.18635263719305 16.67 3 3 320 321
1 0 0 0 1 0 0 0 1
1 0 0 0 1 0 0 0 1
66 24 83.28501568411399 16.67 3 3 322 323
1 0 0 0 1 0 0 0 1
1 0 0 0 1 0 0 0 1
113 196 181.9047159675212 16.67 3 3 324 325
1 0 0 0 1 0 0 0 1
1 0 0 0 1 0 0 0 1
113 214 204.09133391257578 16.67 3 3 326 327
1 0 0 0 1 0 0 0 1
1 0 0 0 1 0 0 0 1
113 120 93.61672482405667 16.67 3 3 328 329
1 0 0 0 1 0 0 0 1
1 0 0 0 1 0 0 0 1
36 190 42.521184129807246 16.67 3 3 330 331
1 0 0 0 1 0 0 0 1
1 0 0 0 1 0 0 0 1
36 215 331.03011501459855 16.67 3 3 332 333
1 0 0 0 1 0 0 0 1
1 0 0 0 1 0 0 0 1
36 171 210.67891331360795 16.67 3 3 334 335
1 0 0 0 1 0 0 0 1
1 0 0 0 1 0 0 0 1
7 163 1162.1061218833001 16.67 3 3 336 337
1 0 0 0 1 0 0 0 1
1 0 0 0 1 0 0 0 1
244 175 2025.7704506619407 16.67 3 3 338 339
1 0 0 0 1 0 0 0 1
1 0 0 0 1 0 0 0 1
244 41 964.2320983351881 16.67 3 3 340 341
1 0 0 0 1 0 0 0 1
1 0 0 0 1 0 0 0 1
244 206 746.0070299332976 16.67 3 3 342 343
1 0 0 0 1 0 0 0 1
1 0 0 0 1 0 0 0 1
244 138 648.4714617871566 16.67 3 3 344 345
1 0 0 0 1 0 0 0 1
1 0 0 0 1 0 0 0 1
114 189 373.3687386708225 16.67 3 3 346 347
1 0 0 0 1 0 0 0 1
1 0 0 0 1 0 0 0 1
116 122 215.24909945182299 16.67 3 3 348 349
1 0 0 0 1 0 0 0 1
1 0 0 0 1 0 0 0 1
25 213 477.61861368044515 16.67 3 3 350 351
1 0 0 0 1 0 0 0 1
1 0 0 0 1 0 0 0 1
25 251 222.58081169042723 16.67 3 3 352 353
1 0 0 0 1 0 0 0 1
1 0 0 0 1 0 0 0 1
25 71 961.9053904504444 16.67 3 3 354 355
1 0 0 0 1 0 0 0 1
1 0 0 0 1 0 0 0 1
118 132 93.1686536111536 16.67 3 3 356 357
1 0 0 0 1 0 0 0 1
1 0 0 0 1 0 0 0 1
118 206 354.159059489481 16.67 3 3 358 359
1 0 0 0 1 0 0 0 1
1 0 0 0 1 0 0 0 1
57 75 179.09125713575744 16.67 3 3 360 361
1 0 0 0 1 0 0 0 1
1 0 0 0 1 0 0 0 1
57 257 92.34148449718984 16.67 3 3 362 363
1 0 0 0 1 0 0 0 1
1 0 0 0 1 0 0 0 1
119 259 559.7471738866113 16.67 3 3 364 365
1 0 0 0 1 0 0 0 1
1 0 0 0 1 0 0 0 1
119 150 675.8950316921072 16.67 3 3 366 367
1 0 0 0 1 0 0 0 1
1 0 0 0 1 0 0 0 1
119 198 450.2090469143829 16.67 3 3 368 369
1 0 0 0 1 0 0 0 1
1 0 0 0 1 0 0 0 1
120 135 878.0070475447191 16.67 3 3 370 371
1 0 0 0 1 0 0 0 1
1 0 0 0 1 0 0 0 1
121 136 171.7510335411871 16.67 3 3 372 373
1 0 0 0 1 0 0 0 1
1 0 0 0 1 0 0 0 1
121 187 384.35821447829267 16.67 3 3 374 375
1 0 0 0 1 0 0 0 1
1 0 0 0 1 0 0 0 1
245 159 52.565905688346824 16.67 3 3 376 377
1 0 0 0 1 0 0 0 1
1 0 0 0 1 0 0 0 1
245 49 29.43603669241778 16.67 3 3 378 379
1 0 0 0 1 0 0 0 1
1 0 0 0 1 0 0 0 1
245 144 61.403923252133936 16.67 3 3 380 381
1 0 0 0 1 0 0 0 1
1 0 0 0 1 0 0 0 1
122 147 107.84545060686204 16.67 3 3 382 383
1 0 0 0 1 0 0 0 1
1 0 0 0 1 0 0 0 1
123 26 429.6106636230071 16.67 3 3 384 385
1 0 0 0 1 0 0 0 1
1 0 0 0 1 0 0 0 1
123 12 149.8714081432032 16.67 3 3 386 387
1 0 0 0 1 0 0 0 1
1 0 0 0 1 0 0 0 1
123 209 56.19014620183463 16.67 3 3 388 389
1 0 0 0 1 0 0 0 1
1 0 0 0 1 0 0 0 1
123 204 576.9805840503204 16.67 3 3 390 391
1 0 0 0 1 0 0 0 1
1 0 0 0 1 0 0 0 1
78 262 391.3342907631211 16.67 3 3 392 393
1 0 0 0 1 0 0 0 1
1 0 0 0 1 0 0 0 1
246 256 31.715587353666777 16.67 3 3 394 395
1 0 0 0 1 0 0 0 1
1 0 0 0 1 0 0 0 1
124 52 96.00300354475314 16.67 3 3 396 397
1 0 0 0 1 0 0 0 1
1 0 0 0 1 0 0 0 1
124 179 236.56669966689518 16.67 3 3 398 399
1 0 0 0 1 0 0 0 1
1 0 0 0 1 0 0 0 1
125 171 657.4784834701189 16.67 3 3 400 401
1 0 0 0 1 0 0 0 1
1 0 0 0 1 0 0 0 1
126 74 50.91348444736407 16.67 3 3 402 403
1 0 0 0 1 0 0 0 1
1 0 0 0 1 0 0 0 1
126 204 1132.464411949244 16.67 3 3 404 405
1 0 0 0 1 0 0 0 1
1 0 0 0 1 0 0 0 1
126 247 1100.3821041284752 16.67 3 3 406 407
1 0 0 0 1 0 0 0 1
1 0 0 0 1 0 0 0 1
127 181 712.4715474766645 16.67 3 3 408 409
1 0 0 0 1 0 0 0 1
1 0 0 0 1 0 0 0 1
127 175 195.72105862417956 16.67 3 3 410 411
1 0 0 0 1 0 0 0 1
1 0 0 0 1 0 0 0 1
127 248 232.02697076916525 16.67 3 3 412 413
1 0 0 0 1 0 0 0 1
1 0 0 0 1 0 0 0 1
79 70 329.20433934232676 16.67 3 3 414 415
1 0 0 0 1 0 0 0 1
1 0 0 0 1 0 0 0 1
79 9 110.07202981413168 16.67 3 3 416 417
1 0 0 0 1 0 0 0 1
1 0 0 0 1 0 0 0 1
79 81 163.57648538710336 16.67 3 3 418 419
1 0 0 0 1 0 0 0 1
1 0 0 0 1 0 0 0 1
128 163 458.8991025673542 16.67 3 3 420 421
1 0 0 0 1 0 0 0 1
1 0 0 0 1 0 0 0 1
128 209 760.0559051144547 16.67 3 3 422 423
1 0 0 0 1 0 0 0 1
1 0 0 0 1 0 0 0 1
129 256 759.3216958977256 16.67 3 3 424 425
1 0 0 0 1 0 0 0 1
1 0 0 0 1 0 0 0 1
129 154 133.60354738745747 16.67 3 3 426 427
1 0 0 0 1 0 0 0 1
1 0 0 0 1 0 0 0 1
129 187 869.4049043263515 16.67 3 3 428 429
1 0 0 0 1 0 0 0 1
1 0 0 0 1 0 0 0 1
242 21 302.0859762455665 16.67 3 3 430 431
1 0 0 0 1 0 0 0 1
1 0 0 0 1 0 0 0 1
242 133 236.31272235897046 16.67 3 3 432 433
1 0 0 0 1 0 0 0 1
1 0 0 0 1 0 0 0 1
130 61 511.86138142831237 16.67 3 3 434 435
1 0 0 0 1 0 0 0 1
1 0 0 0 1 0 0 0 1
130 142 235.35086523838956 16.67 3 3 436 437
1 0 0 0 1 0 0 0 1
1 0 0 0 1 0 0 0 1
131 197 43.14003076947387 16.67 3 3 438 439
1 0 0 0 1 0 0 0 1
1 0 0 0 1 0 0 0 1
131 133 830.2433969681332 16.67 3 3 440 441
1 0 0 0 1 0 0 0 1
1 0 0 0 1 0 0 0 1
40 196 120.02273638141513 16.67 3 3 442 443
1 0 0 0 1 0 0 0 1
1 0 0 0 1 0 0 0 1
40 214 174.96911179331397 16.67 3 3 444 445
1 0 0 0 1 0 0 0 1
1 0 0 0 1 0 0 0 1
40 31 1054.8101641901835 16.67 3 3 446 447
1 0 0 0 1 0 0 0 1
1 0 0 0 1 0 0 0 1
247 132 537.1954416257195 16.67 3 3 448 449
1 0 0 0 1 0 0 0 1
1 0 0 0 1 0 0 0 1
247 12 462.54533365053936 16.67 3 3 450 451
1 0 0 0 1 0 0 0 1
1 0 0 0 1 0 0 0 1
247 204 46.57788974439336 16.67 3 3 452 453
1 0 0 0 1 0 0 0 1
1 0 0 0 1 0 0 0 1
248 175 43.20946971395458 16.67 3 3 454 455
1 0 0 0 1 0 0 0 1
1 0 0 0 1 0 0 0 1
69 208 205.41976662926814 16.67 3 3 456 457
1 0 0 0 1 0 0 0 1
1 0 0 0 1 0 0 0 1
69 42 805.1868549762702 16.67 3 3 458 459
1 0 0 0 1 0 0 0 1
1 0 0 0 1 0 0 0 1
249 194 34.46315788939189 16.67 3 3 460 461
1 0 0 0 1 0 0 0 1
1 0 0 0 1 0 0 0 1
249 165 273.18120395136543 16.67 3 3 462 463
1 0 0 0 1 0 0 0 1
1 0 0 0 1 0 0 0 1
250 199 438.7301632908308 16.67 3 3 464 465
1 0 0 0 1 0 0 0 1
1 0 0 0 1 0 0 0 1
250 250 0.0 16.67 3 3 466 467
1 0 0 0 1 0 0 0 1
1 0 0 0 1 0 0 0 1
133 29 501.83401593684584 16.67 3 3 468 469
1 0 0 0 1 0 0 0 1
1 0 0 0 1 0 0 0 1
251 193 65.73079264016265 16.67 3 3 470 471
1 0 0 0 1 0 0 0 1
1 0 0 0 1 0 0 0 1
59 155 48.34189586163181 16.67 3 3 472 473
1 0 0 0 1 0 0 0 1
1 0 0 0 1 0 0 0 1
135 173 53.91705619192052 16.67 3 3 474 475
1 0 0 0 1 0 0 0 1
1 0 0 0 1 0 0 0 1
135 161 617.6494639251197 16.67 3 3 476 477
1 0 0 0 1 0 0 0 1
1 0 0 0 1 0 0 0 1
252 34 1987.2284485760235 16.67 3 3 478 479
1 0 0 0 1 0 0 0 1
1 0 0 0 1 0 0 0 1
136 159 605.4202553937968 16.67 3 3 480 481
1 0 0 0 1 0 0 0 1
1 0 0 0 1 0 0 0 1
136 117 1107.1568138622345 16.67 3 3 482 483
1 0 0 0 1 0 0 0 1
1 0 0 0 1 0 0 0 1
136 144 639.9049581756427 16.67 3 3 484 485
1 0 0 0 1 0 0 0 1
1 0 0 0 1 0 0 0 1
137 182 235.97479065554091 16.67 3 3 486 487
1 0 0 0 1 0 0 0 1
1 0 0 0 1 0 0 0 1
138 166 48.89225511855482 16.67 3 3 488 489
1 0 0 0 1 0 0 0 1
1 0 0 0 1 0 0 0 1
138 139 67.77036499853553 16.67 3 3 490 491
1 0 0 0 1 0 0 0 1
1 0 0 0 1 0 0 0 1
138 8 327.3630621064186 16.67 3 3 492 493
1 0 0 0 1 0 0 0 1
1 0 0 0 1 0 0 0 1
139 166 79.8537159379667 16.67 3 3 494 495
1 0 0 0 1 0 0 0 1
1 0 0 0 1 0 0 0 1
139 62 412.49004837408364 16.67 3 3 496 497
1 0 0 0 1 0 0 0 1
1 0 0 0 1 0 0 0 1
139 27 261.8335367286492 16.67 3 3 498 499
1 0 0 0 1 0 0 0 1
1 0 0 0 1 0 0 0 1
140 170 330.00535118502603 16.67 3 3 500 501
1 0 0 0 1 0 0 0 1
1 0 0 0 1 0 0 0 1
140 186 381.8219302210091 16.67 3 3 502 503
1 0 0 0 1 0 0 0 1
1 0 0 0 1 0 0 0 1
141 153 98.79263914072173 16.67 3 3 504 505
1 0 0 0 1 0 0 0 1
1 0 0 0 1 0 0 0 1
142 47 92.6678465885207 16.67 3 3 506 507
1 0 0 0 1 0 0 0 1
1 0 0 0 1 0 0 0 1
253 44 451.10420735974816 16.67 3 3 508 509
1 0 0 0 1 0 0 0 1
1 0 0 0 1 0 0 0 1
253 162 42.100223354945726 16.67 3 3 510 511
1 0 0 0 1 0 0 0 1
1 0 0 0 1 0 0 0 1
255 26 66.82777558166178 16.67 3 3 512 513
1 0 0 0 1 0 0 0 1
1 0 0 0 1 0 0 0 1
255 190 44.32943545841845 16.67 3 3 514 515
1 0 0 0 1 0 0 0 1
1 0 0 0 1 0 0 0 1
143 45 84.01251950355595 16.67 3 3 516 517
1 0 0 0 1 0 0 0 1
1 0 0 0 1 0 0 0 1
143 165 494.0845700129757 16.67 3 3 518 519
1 0 0 0 1 0 0 0 1
1 0 0 0 1 0 0 0 1
254 173 276.4141098047063 16.67 3 3 520 521
1 0 0 0 1 0 0 0 1
1 0 0 0 1 0 0 0 1
144 159 34.55858699210915 16.67 3 3 522 523
1 0 0 0 1 0 0 0 1
1 0 0 0 1 0 0 0 1
145 215 278.9629353135521 16.67 3 3 524 525
1 0 0 0 1 0 0 0 1
1 0 0 0 1 0 0 0 1
52 53 328.66002720179495 16.67 3 3 526 527
1 0 0 0 1 0 0 0 1
1 0 0 0 1 0 0 0 1
257 157 294.1769366932276 16.67 3 3 528 529
1 0 0 0 1 0 0 0 1
1 0 0 0 1 0 0 0 1
146 68 910.4903841094407 16.67 3 3 530 531
1 0 0 0 1 0 0 0 1
1 0 0 0 1 0 0 0 1
147 188 178.41713457384873 16.67 3 3 532 533
1 0 0 0 1 0 0 0 1
1 0 0 0 1 0 0 0 1
258 156 172.71130690398283 16.67 3 3 534 535
1 0 0 0 1 0 0 0 1
1 0 0 0 1 0 0 0 1
258 153 30.261888664709975 16.67 3 3 536 537
1 0 0 0 1 0 0 0 1
1 0 0 0 1 0 0 0 1
148 15 26.66686129863913 16.67 3 3 538 539
1 0 0 0 1 0 0 0 1
1 0 0 0 1 0 0 0 1
148 164 30.929384881098652 16.67 3 3 540 541
1 0 0 0 1 0 0 0 1
1 0 0 0 1 0 0 0 1
148 4 433.3879354001781 16.67 3 3 542 543
1 0 0 0 1 0 0 0 1
1 0 0 0 1 0 0 0 1
259 189 323.22230100550166 16.67 3 3 544 545
1 0 0 0 1 0 0 0 1
1 0 0 0 1 0 0 0 1
259 210 695.0206924949198 16.67 3 3 546 547
1 0 0 0 1 0 0 0 1
1 0 0 0 1 0 0 0 1
149 150 143.49678969951884 16.67 3 3 548 549
1 0 0 0 1 0 0 0 1
1 0 0 0 1 0 0 0 1
149 167 173.93065781371715 16.67 3 3 550 551
1 0 0 0 1 0 0 0 1
1 0 0 0 1 0 0 0 1
149 260 484.41043854429665 16.67 3 3 552 553
1 0 0 0 1 0 0 0 1
1 0 0 0 1 0 0 0 1
150 167 53.419399654609386 16.67 3 3 554 555
1 0 0 0 1 0 0 0 1
1 0 0 0 1 0 0 0 1
152 212 104.41067688750458 16.67 3 3 556 557
1 0 0 0 1 0 0 0 1
1 0 0 0 1 0 0 0 1
153 156 202.69517250537092 16.67 3 3 558 559
1 0 0 0 1 0 0 0 1
1 0 0 0 1 0 0 0 1
153 18 502.16171431314524 16.67 3 3 560 561
1 0 0 0 1 0 0 0 1
1 0 0 0 1 0 0 0 1
260 64 417.3429407033832 16.67 3 3 562 563
1 0 0 0 1 0 0 0 1
1 0 0 0 1 0 0 0 1
154 48 170.10854890013673 16.67 3 3 564 565
1 0 0 0 1 0 0 0 1
1 0 0 0 1 0 0 0 1
30 47 110.91428016321474 16.67 3 3 566 567
1 0 0 0 1 0 0 0 1
1 0 0 0 1 0 0 0 1
155 34 97.81844536289906 16.67 3 3 568 569
1 0 0 0 1 0 0 0 1
1 0 0 0 1 0 0 0 1
155 211 1168.0012147219898 16.67 3 3 570 571
1 0 0 0 1 0 0 0 1
1 0 0 0 1 0 0 0 1
24 180 36.52525075678828 16.67 3 3 572 573
1 0 0 0 1 0 0 0 1
1 0 0 0 1 0 0 0 1
24 2 375.31280468171616 16.67 3 3 574 575
1 0 0 0 1 0 0 0 1
1 0 0 0 1 0 0 0 1
156 29 378.62025752402883 16.67 3 3 576 577
1 0 0 0 1 0 0 0 1
1 0 0 0 1 0 0 0 1
157 203 1240.6841877623565 16.67 3 3 578 579
1 0 0 0 1 0 0 0 1
1 0 0 0 1 0 0 0 1
158 37 62.986038926093 16.67 3 3 580 581
1 0 0 0 1 0 0 0 1
1 0 0 0 1 0 0 0 1
158 217 51.35158812004427 16.67 3 3 582 583
1 0 0 0 1 0 0 0 1
1 0 0 0 1 0 0 0 1
261 201 90.77339411205753 16.67 3 3 584 585
1 0 0 0 1 0 0 0 1
1 0 0 0 1 0 0 0 1
160 162 928.5049493331974 16.67 3 3 586 587
1 0 0 0 1 0 0 0 1
1 0 0 0 1 0 0 0 1
55 3 115.04680103692705 16.67 3 3 588 589
1 0 0 0 1 0 0 0 1
1 0 0 0 1 0 0 0 1
161 32 27.895867828783263 16.67 3 3 590 591
1 0 0 0 1 0 0 0 1
1 0 0 0 1 0 0 0 1
68 46 181.295514850741 16.67 3 3 592 593
1 0 0 0 1 0 0 0 1
1 0 0 0 1 0 0 0 1
68 10 425.16682776968264 16.67 3 3 594 595
1 0 0 0 1 0 0 0 1
1 0 0 0 1 0 0 0 1
71 46 93.7752879596144 16.67 3 3 596 597
1 0 0 0 1 0 0 0 1
1 0 0 0 1 0 0 0 1
166 62 473.8558373162875 16.67 3 3 598 599
1 0 0 0 1 0 0 0 1
1 0 0 0 1 0 0 0 1
33 207 23.517276567611898 16.67 3 3 600 601
1 0 0 0 1 0 0 0 1
1 0 0 0 1 0 0 0 1
33 6 263.41849738434547 16.67 3 3 602 603
1 0 0 0 1 0 0 0 1
1 0 0 0 1 0 0 0 1
167 199 645.5250662615173 16.67 3 3 604 605
1 0 0 0 1 0 0 0 1
1 0 0 0 1 0 0 0 1
168 173 588.936208745322 16.67 3 3 606 607
1 0 0 0 1 0 0 0 1
1 0 0 0 1 0 0 0 1
168 203 629.1147538246854 16.67 3 3 608 609
1 0 0 0 1 0 0 0 1
1 0 0 0 1 0 0 0 1
170 200 989.3432318495977 16.67 3 3 610 611
1 0 0 0 1 0 0 0 1
1 0 0 0 1 0 0 0 1
3 188 900.1993911764221 16.67 3 3 612 613
1 0 0 0 1 0 0 0 1
1 0 0 0 1 0 0 0 1
26 190 85.93687877753857 16.67 3 3 614 615
1 0 0 0 1 0 0 0 1
1 0 0 0 1 0 0 0 1
6 1 3424.4735381639816 16.67 3 3 616 617
1 0 0 0 1 0 0 0 1
1 0 0 0 1 0 0 0 1
173 32 596.1075924162717 16.67 3 3 618 619
1 0 0 0 1 0 0 0 1
1 0 0 0 1 0 0 0 1
175 202 57.54621570317878 16.67 3 3 620 621
1 0 0 0 1 0 0 0 1
1 0 0 0 1 0 0 0 1
178 216 183.86142570228148 16.67 3 3 622 623
1 0 0 0 1 0 0 0 1
1 0 0 0 1 0 0 0 1
180 50 463.31386654928315 16.67 3 3 624 625
1 0 0 0 1 0 0 0 1
1 0 0 0 1 0 0 0 1
18 205 42.62834613693267 16.67 3 3 626 627
1 0 0 0 1 0 0 0 1
1 0 0 0 1 0 0 0 1
181 192 254.0078856556267 16.67 3 3 628 629
1 0 0 0 1 0 0 0 1
1 0 0 0 1 0 0 0 1
181 206 453.7258655421433 16.67 3 3 630 631
1 0 0 0 1 0 0 0 1
1 0 0 0 1 0 0 0 1
182 216 274.92612370918016 16.67 3 3 632 633
1 0 0 0 1 0 0 0 1
1 0 0 0 1 0 0 0 1
183 204 1057.7178587641165 16.67 3 3 634 635
1 0 0 0 1 0 0 0 1
1 0 0 0 1 0 0 0 1
184 185 72.9921462746133 16.67 3 3 636 637
1 0 0 0 1 0 0 0 1
1 0 0 0 1 0 0 0 1
184 215 76.88807680897793 16.67 3 3 638 639
1 0 0 0 1 0 0 0 1
1 0 0 0 1 0 0 0 1
185 215 12.448396010828537 16.67 3 3 640 641
1 0 0 0 1 0 0 0 1
1 0 0 0 1 0 0 0 1
187 80 1352.3620958732818 16.67 3 3 642 643
1 0 0 0 1 0 0 0 1
1 0 0 0 1 0 0 0 1
37 205 121.82230544841298 16.67 3 3 644 645
1 0 0 0 1 0 0 0 1
1 0 0 0 1 0 0 0 1
37 217 21.37994125485315 16.67 3 3 646 647
1 0 0 0 1 0 0 0 1
1 0 0 0 1 0 0 0 1
191 193 258.0812484278476 16.67 3 3 648 649
1 0 0 0 1 0 0 0 1
1 0 0 0 1 0 0 0 1
194 202 250.32873148998488 16.67 3 3 650 651
1 0 0 0 1 0 0 0 1
1 0 0 0 1 0 0 0 1
195 72 750.9944718771968 16.67 3 3 652 653
1 0 0 0 1 0 0 0 1
1 0 0 0 1 0 0 0 1
195 11 750.2887002170679 16.67 3 3 654 655
1 0 0 0 1 0 0 0 1
1 0 0 0 1 0 0 0 1
195 212 25.53701611368989 16.67 3 3 656 657
1 0 0 0 1 0 0 0 1
1 0 0 0 1 0 0 0 1
45 38 45.267274251938744 16.67 3 3 658 659
1 0 0 0 1 0 0 0 1
1 0 0 0 1 0 0 0 1
196 13 199.98680263509667 16.67 3 3 660 661
1 0 0 0 1 0 0 0 1
1 0 0 0 1 0 0 0 1
198 199 449.9610637237868 16.67 3 3 662 663
1 0 0 0 1 0 0 0 1
1 0 0 0 1 0 0 0 1
202 238 777.9709596288221 16.67 3 3 664 665
1 0 0 0 1 0 0 0 1
1 0 0 0 1 0 0 0 1
205 217 131.72675600132553 16.67 3 3 666 667
1 0 0 0 1 0 0 0 1
1 0 0 0 1 0 0 0 1
207 208 551.9229066585938 16.67 3 3 668 669
1 0 0 0 1 0 0 0 1
1 0 0 0 1 0 0 0 1
214 51 111.96982264983794 16.67 3 3 670 671
1 0 0 0 1 0 0 0 1
1 0 0 0 1 0 0 0 1
143
6 45 603 -1 616
10 17 -1 595 233
19 120 105 -1 122
23 32 30 34 -1
24 574 572 323 -1
25 352 -1 354 350
26 -1 513 614 385
32 619 591 149 297
33 600 251 -1 602
34 -1 569 479 225
36 330 123 332 334
37 646 644 -1 581
40 444 442 446 -1
46 593 597 33 -1
60 84 -1 86 82
62 -1 497 599 281
65 94 -1 98 96
66 322 320 213 -1
68 594 531 592 -1
79 414 416 418 -1
82 136 138 -1 134
83 -1 142 146 144
84 152 150 154 148
85 156 -1 160 158
86 164 135 162 166
87 168 83 41 170
88 176 174 178 172
90 182 186 184 180
91 190 -1 103 188
92 201 -1 200 202
94 206 208 210 212
95 61 218 214 216
96 147 222 220 -1
97 226 224 95 37
99 228 13 232 230
100 236 234 238 -1
101 244 -1 242 240
102 252 246 248 250
104 266 -1 264 262
105 276 -1 272 274
107 296 -1 294 298
108 215 290 288 229
109 39 97 292 289
110 302 -1 304 300
111 306 310 308 -1
113 328 324 326 151
115 265 129 109 177
119 366 364 368 -1
122 382 67 349 -1
123 386 384 388 390
124 396 181 -1 398
126 211 406 404 402
127 408 410 412 -1
128 422 -1 420 5
129 426 145 424 428
130 197 -1 434 436
131 440 438 237 187
133 468 217 441 433
135 107 371 476 474
136 482 484 480 373
137 486 301 85 169
138 490 492 345 488
139 498 491 494 496
140 500 502 -1 223
141 163 81 125 504
143 51 -1 516 518
144 485 522 271 381
145 524 19 127 -1
147 532 71 383 -1
148 115 538 540 542
149 552 548 550 -1
150 549 -1 367 554
152 309 556 -1 69
153 505 537 558 560
154 269 564 427 -1
155 473 205 570 568
156 535 559 576 -1
158 7 582 580 285
159 481 -1 523 377
161 477 -1 153 590
162 -1 511 587 209
163 421 263 337 -1
165 55 -1 519 463
166 495 489 -1 598
167 551 555 604 -1
168 606 -1 299 608
170 610 -1 501 193
172 259 241 89 313
173 475 618 607 521
174 273 221 137 -1
175 339 620 455 411
180 573 624 207 321
181 630 -1 409 628
183 634 -1 3 117
184 101 636 638 -1
185 637 -1 23 640
187 642 375 429 -1
188 613 -1 307 533
189 347 -1 165 545
190 515 121 331 615
193 649 99 -1 471
194 650 -1 53 461
195 656 654 652 -1
196 660 -1 443 325
197 439 231 235 -1
198 369 -1 9 662
199 605 -1 663 465
202 621 664 651 73
203 579 179 609 199
204 405 453 391 635
205 666 627 -1 645
206 359 343 631 -1
212 311 -1 657 557
213 351 315 91 11
214 -1 670 445 327
215 639 641 525 333
217 -1 667 647 583
220 14 10 16 12
221 24 20 18 22
223 -1 40 36 38
224 46 42 44 48
225 52 50 54 -1
226 58 -1 60 56
227 64 -1 62 21
228 -1 68 66 70
229 76 72 74 65
230 -1 59 78 80
231 92 88 -1 90
232 102 -1 100 104
234 -1 112 114 110
235 79 57 -1 124
237 63 -1 128 126
243 316 312 93 314
244 344 340 338 342
245 -1 376 380 378
247 407 448 450 452
248 413 454 77 25
249 75 460 462 -1
250 467 464 466 -1
251 293 470 353 -1
255 189 -1 514 512
259 546 544 -1 365
260 257 -1 553 562
