2706
0 2 10
2
73 74
0 2 10
5
68 101 45 46 37
2 4 10
9
75 23 3 4 16 62 68 103 55
3 5 10
9
75 23 20 83 81 59 56 11 12
4 6 10
2
73 74
6 8 10
2
73 74
16 18 10
9
73 23 20 83 81 59 56 11 12
18 20 10
2
58 47
19 21 10
9
56 11 12 76 13 10 57 54 7
25 27 10
8
102 69 63 17 5 2 22 74
27 29 10
5
102 101 45 46 37
28 30 10
9
75 23 3 4 16 62 68 103 55
29 31 10
2
73 74
30 32 10
2
73 74
31 33 10
5
68 101 45 46 37
33 35 10
6
46 80 82 98 65 17
38 40 10
9
76 13 10 57 58 80 82 21 22
41 43 10
5
68 101 45 46 37
41 43 10
4
59 56 11 12
44 46 10
7
45 46 80 82 21 22 72
44 46 10
9
76 13 10 57 58 80 82 21 22
46 48 10
7
45 46 80 82 21 22 72
54 56 10
9
75 23 3 4 16 62 68 103 7
54 56 10
5
81 47 44 9 6
56 58 10
9
73 23 20 83 81 59 56 11 12
61 63 10
2
68 101
62 64 10
2
68 101
64 66 10
2
73 74
66 68 10
4
59 56 11 12
67 69 10
6
68 103 55 56 11 12
68 70 10
5
68 101 45 46 37
72 74 10
2
65 62
72 74 10
4
59 56 11 12
73 75 10
2
58 47
73 75 10
4
59 56 11 12
74 76 10
7
45 46 80 82 21 22 72
77 79 10
2
58 47
78 80 10
7
16 64 15 5 2 22 72
79 81 10
6
36 80 82 98 65 62
79 81 10
2
73 74
80 82 10
4
68 101 45 46
80 82 10
5
68 101 45 46 37
81 83 10
5
81 47 44 9 6
83 85 10
9
76 13 10 57 58 80 82 21 22
83 85 10
5
68 101 45 46 37
84 86 10
2
58 47
86 88 10
9
76 13 10 57 58 80 82 21 22
86 88 10
2
58 47
91 93 10
7
16 64 15 5 2 22 72
92 94 10
8
101 45 46 80 82 21 22 74
93 95 10
8
102 69 63 17 5 2 22 74
95 97 10
2
73 74
96 98 10
4
59 56 11 12
98 100 10
2
58 47
102 104 10
2
73 74
113 115 10
4
59 56 11 12
118 120 10
4
16 62 68 103
123 125 10
10
76 13 10 57 58 80 82 21 22 74
125 127 10
7
45 46 80 82 21 22 72
125 127 10
4
68 101 45 46
125 127 10
9
73 23 20 83 81 59 56 11 12
127 129 10
6
46 80 82 98 65 17
127 129 10
4
59 56 11 12
128 130 10
4
68 103 55 56
128 130 10
6
58 80 82 98 15 16
130 132 10
2
73 74
130 132 10
9
73 23 20 83 81 59 56 11 12
134 136 10
2
58 47
134 136 10
5
68 101 45 46 37
135 137 10
5
68 101 45 46 37
135 137 10
5
68 101 45 46 37
141 143 10
6
36 80 82 98 65 62
143 145 10
8
72 19 3 4 16 62 68 103
145 147 10
2
58 47
147 149 10
8
72 19 3 4 16 62 68 103
151 153 10
8
101 45 46 80 82 21 22 74
154 156 10
7
16 64 15 5 2 22 72
156 158 10
5
68 101 45 46 37
161 163 10
8
102 69 63 17 5 2 22 74
164 166 10
7
76 13 10 57 54 102 69
164 166 10
6
36 80 82 98 65 62
165 167 10
9
75 23 20 83 81 59 56 11 12
166 168 10
9
76 13 10 57 58 80 82 21 22
167 169 10
4
59 56 11 12
168 170 10
9
75 23 20 83 81 59 56 11 12
170 172 10
2
73 74
171 173 10
9
73 23 20 83 81 59 56 11 12
172 174 10
6
58 80 82 98 15 16
173 175 10
9
73 23 20 83 81 59 56 11 12
173 175 10
5
68 101 45 46 37
178 180 10
2
58 47
183 185 10
6
36 80 82 98 65 62
185 187 10
5
68 101 45 46 37
186 188 10
7
76 13 10 57 54 102 69
187 189 10
7
76 13 10 57 54 102 69
187 189 10
7
45 46 80 82 21 22 72
191 193 10
9
75 23 3 4 16 62 68 103 55
191 193 10
2
58 47
191 193 10
5
81 47 44 9 6
200 202 10
9
72 19 3 4 16 62 68 103 55
200 202 10
9
73 23 20 83 81 59 56 11 12
203 205 10
2
58 47
203 205 10
6
58 80 82 98 15 16
205 207 10
6
102 69 63 64 99 83
206 208 10
8
101 45 46 80 82 21 22 74
206 208 10
4
68 101 45 46
207 209 10
6
58 80 82 98 65 62
207 209 10
4
59 56 11 12
214 216 10
9
56 11 12 76 13 10 57 54 7
214 216 10
9
56 11 12 76 13 10 57 54 7
214 216 10
6
58 80 82 98 15 16
215 217 10
4
59 56 11 12
222 224 10
2
58 47
223 225 10
7
76 13 10 57 54 102 69
227 229 10
4
59 56 11 12
232 234 10
5
81 47 44 9 6
235 237 10
9
76 13 10 57 58 80 82 21 22
235 237 10
2
58 47
235 237 10
9
73 23 20 83 81 59 56 11 12
236 238 10
9
75 23 20 83 81 59 56 11 12
237 239 10
7
45 46 80 82 21 22 72
237 239 10
9
76 13 10 57 58 80 82 21 22
237 239 10
2
58 47
239 241 10
6
46 80 82 98 65 17
240 242 10
4
16 62 68 103
243 245 10
6
102 69 63 64 99 83
245 247 10
7
45 46 80 82 21 22 72
248 250 10
10
76 13 10 57 58 80 82 21 22 74
253 255 10
7
45 46 80 82 21 22 72
254 256 10
9
75 23 3 4 16 62 68 103 7
254 256 10
2
58 47
254 256 10
10
76 13 10 57 58 80 82 21 22 74
255 257 10
8
102 69 63 17 5 2 22 74
260 262 10
4
59 56 11 12
260 262 10
10
76 13 10 57 58 80 82 21 22 74
265 267 10
2
58 47
266 268 10
6
36 80 82 98 65 62
267 269 10
2
73 74
267 269 10
5
68 101 45 46 37
271 273 10
9
75 23 20 83 81 59 56 11 12
271 273 10
4
59 56 11 12
273 275 10
9
76 13 10 57 58 80 82 21 22
276 278 10
4
36 47 44 9
283 285 10
2
58 47
288 290 10
4
59 56 11 12
291 293 10
4
68 103 55 56
298 300 10
5
81 47 44 9 6
299 301 10
8
101 45 46 80 82 21 22 74
303 305 10
9
56 11 12 76 13 10 57 54 7
303 305 10
2
65 62
304 306 10
5
68 101 45 46 37
306 308 10
6
36 80 82 98 65 62
306 308 10
2
58 47
309 311 10
2
58 47
309 311 10
9
56 11 12 76 13 10 57 54 7
310 312 10
4
59 56 11 12
310 312 10
4
59 56 11 12
314 316 10
8
102 69 63 17 5 2 22 74
316 318 10
9
76 13 10 57 58 80 82 21 22
318 320 10
2
58 47
319 321 10
2
65 62
319 321 10
2
68 101
322 324 10
2
73 74
324 326 10
4
16 62 68 103
327 329 10
2
58 37
329 331 10
5
68 101 45 46 37
331 333 10
4
16 62 68 103
335 337 10
2
58 47
335 337 10
4
59 56 11 12
339 341 10
2
73 74
341 343 10
2
58 47
341 343 10
9
73 23 20 83 81 59 56 11 12
346 348 10
4
16 62 68 103
349 351 10
6
46 80 82 98 65 17
358 360 10
5
102 101 45 46 37
365 367 10
2
58 47
367 369 10
2
58 47
369 371 10
4
68 101 45 46
372 374 10
5
68 101 45 46 37
373 375 10
6
102 69 63 64 99 83
376 378 10
6
68 103 55 56 11 12
378 380 10
7
45 46 80 82 21 22 72
382 384 10
6
68 103 55 56 11 12
385 387 10
2
73 74
386 388 10
9
75 23 3 4 16 62 68 103 7
387 389 10
6
68 103 55 56 11 12
387 389 10
7
16 64 15 5 2 22 72
389 391 10
6
46 80 82 98 65 17
390 392 10
6
102 69 63 64 99 83
390 392 10
7
16 64 15 5 2 22 72
391 393 10
4
68 103 55 56
393 395 10
9
75 23 20 83 81 59 56 11 12
393 395 10
9
73 23 20 83 81 59 56 11 12
398 400 10
7
45 46 80 82 21 22 72
399 401 10
4
59 56 11 12
405 407 10
9
73 23 20 83 81 59 56 11 12
405 407 10
9
56 11 12 76 13 10 57 54 7
406 408 10
6
102 69 63 64 99 83
408 410 10
4
68 101 45 46
413 415 10
9
56 11 12 76 13 10 57 54 7
416 418 10
7
76 13 10 57 54 102 69
416 418 10
4
16 62 68 103
421 423 10
9
76 13 10 57 58 80 82 21 22
422 424 10
5
68 101 45 46 37
425 427 10
2
58 47
431 433 10
7
45 46 80 82 21 22 72
437 439 10
2
73 74
440 442 10
9
75 23 20 83 81 59 56 11 12
442 444 10
5
81 47 44 9 6
444 446 10
9
73 23 20 83 81 59 56 11 12
448 450 10
8
101 45 46 80 82 21 22 74
448 450 10
9
56 11 12 76 13 10 57 54 7
450 452 10
9
73 23 20 83 81 59 56 11 12
451 453 10
6
46 80 82 98 65 17
452 454 10
8
72 19 3 4 16 62 68 103
452 454 10
9
73 23 20 83 81 59 56 11 12
454 456 10
4
68 103 55 56
456 458 10
2
73 74
460 462 10
5
68 101 45 46 37
470 472 10
5
81 47 44 9 6
478 480 10
5
68 101 45 46 37
482 484 10
9
75 23 20 83 81 59 56 11 12
488 490 10
4
68 103 55 56
489 491 10
4
59 56 11 12
490 492 10
2
58 37
490 492 10
2
58 47
491 493 10
4
36 47 44 9
495 497 10
6
68 103 55 56 11 12
497 499 10
6
46 80 82 98 65 17
499 501 10
9
75 23 3 4 16 62 68 103 55
513 515 10
4
16 62 68 103
513 515 10
5
102 101 45 46 37
521 523 10
5
68 101 45 46 37
523 525 10
5
81 47 44 9 6
525 527 10
9
76 13 10 57 58 80 82 21 22
526 528 10
2
65 62
530 532 10
2
73 74
531 533 10
8
76 13 10 57 54 102 69 63
532 534 10
6
68 103 55 56 11 12
532 534 10
8
102 69 63 17 5 2 22 74
532 534 10
4
16 62 68 103
534 536 10
9
73 23 20 83 81 59 56 11 12
536 538 10
5
68 101 45 46 37
552 554 10
2
58 47
555 557 10
6
46 80 82 98 65 17
555 557 10
2
58 47
562 564 10
9
76 13 10 57 58 80 82 21 22
563 565 10
9
75 23 20 83 81 59 56 11 12
564 566 10
9
75 23 3 4 16 62 68 103 55
570 572 10
9
76 13 10 57 58 80 82 21 22
573 575 10
6
102 69 63 64 99 83
575 577 10
4
36 47 44 9
587 589 10
4
59 56 11 12
589 591 10
7
76 13 10 57 54 102 69
589 591 10
9
75 23 20 83 81 59 56 11 12
592 594 10
2
58 47
593 595 10
9
73 23 20 83 81 59 56 11 12
593 595 10
5
68 101 45 46 37
594 596 10
6
68 103 55 56 11 12
596 598 10
8
102 69 63 17 5 2 22 74
596 598 10
2
58 47
600 602 10
2
58 47
601 603 10
10
76 13 10 57 58 80 82 21 22 74
602 604 10
5
68 101 45 46 37
606 608 10
10
76 13 10 57 58 80 82 21 22 74
612 614 10
2
58 47
615 617 10
5
68 101 45 46 37
616 618 10
8
72 19 3 4 16 62 68 103
617 619 10
7
76 13 10 57 54 102 69
618 620 10
2
58 47
619 621 10
6
102 69 63 64 99 83
619 621 10
2
58 47
619 621 10
5
68 101 45 46 37
620 622 10
5
68 101 45 46 37
625 627 10
5
81 47 44 9 6
630 632 10
2
58 47
635 637 10
9
75 23 20 83 81 59 56 11 12
637 639 10
5
102 101 45 46 37
639 641 10
2
73 74
644 646 10
2
58 47
647 649 10
2
73 74
649 651 10
7
76 13 10 57 54 102 69
651 653 10
2
65 62
655 657 10
7
76 13 10 57 54 102 69
659 661 10
2
65 62
660 662 10
9
56 11 12 76 13 10 57 54 7
663 665 10
4
59 56 11 12
664 666 10
9
75 23 20 83 81 59 56 11 12
664 666 10
2
68 101
666 668 10
4
68 103 55 56
667 669 10
2
73 74
672 674 10
2
58 47
677 679 10
5
68 101 45 46 37
681 683 10
8
102 69 63 17 5 2 22 74
681 683 10
6
46 80 82 98 65 17
681 683 10
5
68 101 45 46 37
682 684 10
9
75 23 3 4 16 62 68 103 55
682 684 10
2
58 47
684 686 10
2
58 37
684 686 10
4
59 56 11 12
686 688 10
9
75 23 20 83 81 59 56 11 12
686 688 10
2
58 47
687 689 10
8
102 69 63 17 5 2 22 74
690 692 10
2
58 47
691 693 10
2
58 47
691 693 10
10
76 13 10 57 58 80 82 21 22 74
692 694 10
2
58 47
696 698 10
4
102 101 45 46
701 703 10
4
16 62 68 103
703 705 10
2
58 47
709 711 10
4
59 56 11 12
710 712 10
9
76 13 10 57 58 80 82 21 22
717 719 10
8
72 19 3 4 16 62 68 103
721 723 10
5
80 82 98 65 62
722 724 10
4
59 56 11 12
730 732 10
7
16 64 15 5 2 22 72
731 733 10
9
75 23 20 83 81 59 56 11 12
731 733 10
5
102 101 45 46 37
734 736 10
4
16 62 68 103
734 736 10
9
73 23 20 83 81 59 56 11 12
735 737 10
9
75 23 20 83 81 59 56 11 12
739 741 10
2
58 47
740 742 10
9
56 11 12 76 13 10 57 54 7
751 753 10
2
58 47
752 754 10
2
58 47
754 756 10
9
73 23 20 83 81 59 56 11 12
758 760 10
7
45 46 80 82 21 22 72
760 762 10
5
68 101 45 46 37
760 762 10
7
16 64 15 5 2 22 72
761 763 10
6
46 80 82 98 65 17
762 764 10
2
58 47
769 771 10
2
58 47
769 771 10
2
58 47
774 776 10
9
56 11 12 76 13 10 57 54 7
775 777 10
2
73 74
776 778 10
2
65 62
782 784 10
5
68 101 45 46 37
785 787 10
4
59 56 11 12
785 787 10
4
59 56 11 12
786 788 10
4
59 56 11 12
788 790 10
7
76 13 10 57 54 102 69
788 790 10
9
73 23 20 83 81 59 56 11 12
791 793 10
4
59 56 11 12
793 795 10
10
76 13 10 57 58 80 82 21 22 74
794 796 10
9
75 23 20 83 81 59 56 11 12
795 797 10
5
102 101 45 46 37
795 797 10
5
68 101 45 46 37
801 803 10
9
75 23 3 4 16 62 68 103 55
801 803 10
7
45 46 80 82 21 22 72
801 803 10
4
68 101 45 46
802 804 10
7
16 64 15 5 2 22 72
806 808 10
9
73 23 20 83 81 59 56 11 12
808 810 10
2
58 47
812 814 10
4
65 62 68 103
816 818 10
9
75 23 3 4 16 62 68 103 55
822 824 10
2
73 74
823 825 10
2
73 74
825 827 10
2
58 47
831 833 10
9
56 11 12 76 13 10 57 54 7
835 837 10
4
59 56 11 12
839 841 10
5
102 101 45 46 37
842 844 10
4
59 56 11 12
848 850 10
9
75 23 20 83 81 59 56 11 12
848 850 10
2
73 74
849 851 10
2
58 47
850 852 10
2
73 74
850 852 10
6
58 80 82 98 15 16
851 853 10
6
58 80 82 98 15 16
854 856 10
2
68 101
855 857 10
2
73 74
855 857 10
5
68 101 45 46 37
855 857 10
4
59 56 11 12
856 858 10
2
73 74
858 860 10
9
75 23 20 83 81 59 56 11 12
860 862 10
5
81 47 44 9 6
864 866 10
5
102 101 45 46 37
866 868 10
9
73 23 20 83 81 59 56 11 12
866 868 10
9
56 11 12 76 13 10 57 54 7
871 873 10
9
68 101 45 46 80 82 21 22 74
872 874 10
6
46 80 82 98 65 17
872 874 10
5
102 101 45 46 37
873 875 10
2
58 47
873 875 10
5
68 101 45 46 37
882 884 10
2
68 101
883 885 10
9
73 23 20 83 81 59 56 11 12
891 893 10
2
58 47
893 895 10
4
68 101 45 46
905 907 10
5
102 101 45 46 37
910 912 10
7
16 64 15 5 2 22 72
911 913 10
7
76 13 10 57 54 102 69
912 914 10
2
73 74
914 916 10
2
73 74
914 916 10
2
68 101
917 919 10
7
76 13 10 57 54 102 69
917 919 10
2
73 74
918 920 10
9
73 23 20 83 81 59 56 11 12
918 920 10
5
68 101 45 46 37
922 924 10
9
75 23 20 83 81 59 56 11 12
927 929 10
9
76 13 10 57 58 80 82 21 22
932 934 10
7
16 64 15 5 2 22 72
937 939 10
8
102 69 63 17 5 2 22 74
938 940 10
9
56 11 12 76 13 10 57 54 7
939 941 10
2
58 47
939 941 10
4
59 56 11 12
943 945 10
5
68 101 45 46 37
954 956 10
4
59 56 11 12
956 958 10
4
68 101 45 46
956 958 10
2
73 74
956 958 10
10
76 13 10 57 58 80 82 21 22 74
963 965 10
4
16 62 68 103
963 965 10
5
68 101 45 46 37
964 966 10
4
59 56 11 12
965 967 10
5
102 101 45 46 37
970 972 10
2
58 47
974 976 10
5
68 101 45 46 59
975 977 10
6
68 103 55 56 11 12
979 981 10
2
58 47
981 983 10
7
45 46 80 82 21 22 72
981 983 10
2
58 47
985 987 10
2
58 47
985 987 10
4
59 56 11 12
986 988 10
4
36 47 44 9
987 989 10
5
68 101 45 46 37
995 997 10
5
81 47 44 9 6
996 998 10
9
75 23 20 83 81 59 56 11 12
997 999 10
2
73 74
999 1001 10
9
56 11 12 76 13 10 57 54 7
1000 1002 10
9
73 23 20 83 81 59 56 11 12
1002 1004 10
7
76 13 10 57 54 102 69
1004 1006 10
4
59 56 11 12
1007 1009 10
4
59 56 11 12
1008 1010 10
9
75 23 20 83 81 59 56 11 12
1010 1012 10
9
75 23 3 4 16 62 68 103 55
1010 1012 10
5
68 101 45 46 37
1012 1014 10
2
73 74
1012 1014 10
2
58 47
1014 1016 10
9
56 11 12 76 13 10 57 54 7
1017 1019 10
2
68 101
1019 1021 10
2
58 47
1020 1022 10
9
56 11 12 76 13 10 57 54 7
1021 1023 10
9
56 11 12 76 13 10 57 54 7
1028 1030 10
5
68 101 45 46 37
1028 1030 10
5
81 47 44 9 6
1031 1033 10
4
68 101 45 46
1034 1036 10
5
68 101 45 46 37
1038 1040 10
5
68 101 45 46 37
1038 1040 10
5
81 47 44 9 6
1040 1042 10
7
76 13 10 57 54 102 69
1041 1043 10
5
102 101 45 46 37
1057 1059 10
5
68 101 45 46 37
1060 1062 10
5
68 101 45 46 37
1062 1064 10
9
73 23 20 83 81 59 56 11 12
1062 1064 10
7
16 64 15 5 2 22 72
1065 1067 10
5
81 47 44 9 6
1066 1068 10
9
76 13 10 57 58 80 82 21 22
1067 1069 10
9
56 11 12 76 13 10 57 54 7
1068 1070 10
9
75 23 20 83 81 59 56 11 12
1071 1073 10
2
58 47
1072 1074 10
5
81 47 44 9 6
1074 1076 10
9
75 23 3 4 16 62 68 103 55
1075 1077 10
2
65 62
1076 1078 10
9
73 23 20 83 81 59 56 11 12
1080 1082 10
2
73 74
1082 1084 10
9
72 19 3 4 16 62 68 103 55
1084 1086 10
4
16 62 68 103
1085 1087 10
5
68 101 45 46 37
1094 1096 10
8
101 45 46 80 82 21 22 74
1096 1098 10
5
68 101 45 46 37
1101 1103 10
2
58 47
1106 1108 10
8
102 69 63 17 5 2 22 74
1107 1109 10
9
75 23 3 4 16 62 68 103 55
1111 1113 10
9
56 11 12 76 13 10 57 54 7
1112 1114 10
7
76 13 10 57 54 102 69
1114 1116 10
7
45 46 80 82 21 22 72
1114 1116 10
4
36 47 44 9
1119 1121 10
9
56 11 12 76 13 10 57 54 7
1120 1122 10
7
76 13 10 57 54 102 69
1121 1123 10
8
102 69 63 17 5 2 22 74
1123 1125 10
9
75 23 3 4 16 62 68 103 55
1123 1125 10
2
73 74
1123 1125 10
2
58 47
1124 1126 10
4
59 56 11 12
1128 1130 10
7
76 13 10 57 54 102 69
1139 1141 10
9
73 23 20 83 81 59 56 11 12
1143 1145 10
2
58 47
1148 1150 10
8
102 69 63 17 5 2 22 74
1148 1150 10
2
58 47
1149 1151 10
2
73 74
1154 1156 10
9
56 11 12 76 13 10 57 54 7
1156 1158 10
2
58 47
1159 1161 10
5
102 101 45 46 37
1162 1164 10
4
68 103 55 56
1162 1164 10
2
73 74
1162 1164 10
2
58 47
1163 1165 10
2
73 74
1165 1167 10
5
102 101 45 46 37
1165 1167 10
5
81 47 44 9 6
1166 1168 10
4
16 62 68 103
1167 1169 10
5
68 101 45 46 37
1171 1173 10
5
81 47 44 9 6
1175 1177 10
8
101 45 46 80 82 21 22 74
1175 1177 10
5
68 101 45 46 37
1178 1180 10
7
76 13 10 57 54 102 69
1179 1181 10
9
75 23 3 4 16 62 68 103 7
1187 1189 10
9
75 23 20 83 81 59 56 11 12
1193 1195 10
2
65 62
1194 1196 10
2
58 47
1197 1199 10
9
73 23 20 83 81 59 56 11 12
1198 1200 10
9
73 23 20 83 81 59 56 11 12
1200 1202 10
5
16 62 68 103 55
1203 1205 10
9
75 23 20 83 81 59 56 11 12
1207 1209 10
4
68 103 55 56
1207 1209 10
7
76 13 10 57 54 102 69
1213 1215 10
4
68 103 55 56
1214 1216 10
7
76 13 10 57 54 102 69
1215 1217 10
9
75 23 20 83 81 59 56 11 12
1217 1219 10
10
76 13 10 57 58 80 82 21 22 72
1218 1220 10
8
73 23 3 4 16 62 68 103
1220 1222 10
4
68 103 55 56
1225 1227 10
8
8 45 46 80 82 21 22 74
1231 1233 10
5
76 13 10 57 54
1233 1235 10
3
75 23 3
1234 1236 10
5
73 23 20 83 35
1242 1244 10
6
58 80 82 98 15 16
1244 1246 10
5
16 62 68 103 55
1251 1253 10
5
76 13 10 57 54
1252 1254 10
4
68 103 55 56
1253 1255 10
8
8 45 46 80 82 21 22 74
1259 1261 10
3
81 59 56
1268 1270 10
8
96 75 23 20 83 81 59 56
1272 1274 10
5
16 62 68 103 55
1278 1280 10
5
73 23 20 83 35
1280 1282 10
6
58 80 82 21 22 74
1283 1285 10
5
16 62 68 103 55
1284 1286 10
4
68 103 55 56
1286 1288 10
7
76 13 10 57 54 102 69
1289 1291 10
7
76 13 10 57 54 102 69
1290 1292 10
3
81 59 56
1291 1293 10
8
73 23 3 4 16 62 68 103
1294 1296 10
6
58 80 82 98 15 16
1297 1299 10
5
83 81 47 44 9
1301 1303 10
8
96 75 23 20 83 81 59 56
1307 1309 10
4
68 103 55 56
1307 1309 10
7
76 13 10 57 54 102 69
1310 1312 10
8
96 75 23 20 83 81 59 56
1316 1318 10
8
96 75 23 20 83 81 59 56
1318 1320 10
6
102 69 63 17 5 2
1321 1323 10
5
73 23 20 83 35
1323 1325 10
2
102 69
1330 1332 10
7
76 13 10 57 54 102 69
1336 1338 10
4
68 103 55 56
1339 1341 10
5
16 62 68 103 55
1344 1346 10
5
16 62 68 103 55
1348 1350 10
8
73 23 3 4 16 62 68 103
1349 1351 10
6
58 80 82 98 15 16
1356 1358 10
5
76 13 10 57 54
1357 1359 10
6
58 80 82 21 22 74
1359 1361 10
6
58 80 82 98 15 16
1361 1363 10
5
73 23 20 83 35
1364 1366 10
3
101 45 46
1365 1367 10
9
73 23 20 83 81 59 56 11 12
1366 1368 10
4
68 103 55 56
1366 1368 10
5
83 81 47 44 9
1373 1375 10
6
102 69 63 17 5 2
1373 1375 10
8
96 75 23 20 83 81 59 56
1374 1376 10
5
16 62 68 103 55
1375 1377 10
3
81 59 56
1375 1377 10
5
83 81 47 44 9
1377 1379 10
6
75 23 3 4 16 62
1377 1379 10
8
96 75 23 20 83 81 59 56
1386 1388 10
10
76 13 10 57 58 80 82 21 22 72
1389 1391 10
5
16 62 68 103 55
1402 1404 10
5
83 81 47 44 9
1402 1404 10
3
75 23 3
1408 1410 10
5
16 62 68 103 55
1409 1411 10
3
81 59 56
1410 1412 10
6
58 80 82 98 15 16
1415 1417 10
5
16 62 68 103 55
1415 1417 10
8
73 23 3 4 16 62 68 103
1419 1421 10
6
58 80 82 21 22 74
1421 1423 10
8
8 45 46 80 82 21 22 74
1422 1424 10
11
12 76 13 10 57 58 80 82 21 22 74
1429 1431 10
11
12 76 13 10 57 58 80 82 21 22 74
1434 1436 10
9
75 23 20 83 81 59 56 11 12
1437 1439 10
4
68 103 55 56
1441 1443 10
5
83 81 47 44 9
1442 1444 10
5
16 62 68 103 55
1443 1445 10
3
75 23 3
1446 1448 10
9
75 23 3 4 16 62 68 103 7
1447 1449 10
5
16 62 68 103 55
1452 1454 10
9
75 23 3 4 16 62 68 103 7
1456 1458 10
6
58 80 82 98 15 16
1462 1464 10
6
58 80 82 21 22 74
1464 1466 10
8
73 23 3 4 16 62 68 103
1465 1467 10
5
76 13 10 57 54
1470 1472 10
6
58 80 82 98 15 16
1470 1472 10
6
58 80 82 98 15 16
1470 1472 10
5
76 13 10 57 54
1471 1473 10
8
8 45 46 80 82 21 22 74
1475 1477 10
5
16 62 68 103 55
1477 1479 10
5
76 13 10 57 54
1481 1483 10
5
76 13 10 57 54
1481 1483 10
5
73 23 20 83 35
1482 1484 10
9
75 23 3 4 16 62 68 103 7
1485 1487 10
9
75 23 3 4 16 62 68 103 7
1487 1489 10
7
76 13 10 57 54 102 69
1488 1490 10
4
68 103 55 56
1491 1493 10
6
102 69 63 17 5 2
1491 1493 10
6
75 23 3 4 16 62
1492 1494 10
8
75 23 20 83 81 59 56 11
1500 1502 10
6
58 80 82 98 15 16
1502 1504 10
8
73 23 3 4 16 62 68 103
1503 1505 10
8
73 23 3 4 16 62 68 103
1514 1516 10
6
58 80 82 21 22 74
1515 1517 10
11
12 76 13 10 57 58 80 82 21 22 74
1517 1519 10
5
76 13 10 57 54
1519 1521 10
5
16 62 68 103 55
1520 1522 10
6
58 80 82 98 15 16
1521 1523 10
9
75 23 3 4 16 62 68 103 7
1532 1534 10
5
73 23 20 83 35
1533 1535 10
7
76 13 10 57 54 102 69
1533 1535 10
8
8 45 46 80 82 21 22 74
1534 1536 10
5
16 62 68 103 55
1544 1546 10
8
73 23 3 4 16 62 68 103
1550 1552 10
5
76 13 10 57 54
1553 1555 10
3
75 23 3
1555 1557 10
8
96 75 23 20 83 81 59 56
1557 1559 10
2
102 69
1562 1564 10
5
76 13 10 57 54
1569 1571 10
6
58 80 82 21 22 74
1576 1578 10
9
73 23 20 83 81 59 56 11 12
1576 1578 10
6
58 80 82 98 15 16
1579 1581 10
10
76 13 10 57 58 80 82 21 22 72
1579 1581 10
2
102 69
1582 1584 10
5
57 54 102 69 63
1582 1584 10
8
96 75 23 20 83 81 59 56
1584 1586 10
7
16 64 15 5 2 22 72
1589 1591 10
3
101 45 46
1591 1593 10
7
36 80 82 21 22 74 97
1591 1593 10
5
73 23 20 83 35
1594 1596 10
4
102 101 45 46
1601 1603 10
5
16 62 68 103 55
1601 1603 10
4
102 69 63 17
1612 1614 10
7
16 64 15 5 2 22 72
1612 1614 10
6
58 80 82 21 22 74
1617 1619 10
10
76 13 10 57 58 80 82 21 22 72
1617 1619 10
6
75 23 3 4 16 62
1618 1620 10
8
96 75 23 20 83 81 59 56
1622 1624 10
5
76 13 10 57 54
1627 1629 10
5
57 54 102 69 63
1627 1629 10
5
73 23 20 83 35
1629 1631 10
3
101 45 46
1630 1632 10
5
16 62 68 103 55
1637 1639 10
6
58 80 82 21 22 74
1637 1639 10
5
76 13 10 57 54
1641 1643 10
4
68 103 55 56
1641 1643 10
7
102 69 63 17 5 2 20
1646 1648 10
10
76 13 10 57 58 80 82 21 22 74
1646 1648 10
6
36 80 82 98 65 17
1647 1649 10
9
75 23 20 83 81 59 56 11 12
1650 1652 10
4
102 69 63 17
1650 1652 10
6
58 80 82 21 22 74
1650 1652 10
8
8 45 46 80 82 21 22 74
1652 1654 10
4
102 101 45 46
1654 1656 10
4
102 101 45 46
1656 1658 10
6
58 80 82 98 15 16
1662 1664 10
5
73 23 20 83 35
1664 1666 10
4
68 103 55 56
1674 1676 10
3
75 23 3
1675 1677 10
5
16 62 68 103 55
1677 1679 10
8
96 75 23 20 83 81 59 56
1678 1680 10
5
76 13 10 57 54
1678 1680 10
5
76 13 10 57 54
1679 1681 10
8
96 75 23 20 83 81 59 56
1681 1683 10
5
76 13 10 57 54
1684 1686 10
6
58 80 82 98 15 16
1691 1693 10
8
73 23 3 4 16 62 68 103
1693 1695 10
5
83 81 47 44 9
1697 1699 10
6
58 80 82 98 15 16
1707 1709 10
2
102 69
1708 1710 10
6
102 69 63 17 5 2
1709 1711 10
6
36 80 82 98 65 17
1710 1712 10
5
16 62 68 103 55
1711 1713 10
6
58 80 82 21 22 74
1711 1713 10
5
73 23 20 83 35
1714 1716 10
7
16 64 15 5 2 22 72
1717 1719 10
5
16 62 68 103 55
1721 1723 10
7
102 69 63 17 5 2 20
1721 1723 10
7
16 64 15 5 2 22 72
1723 1725 10
3
81 59 56
1725 1727 10
5
16 62 68 103 55
1730 1732 10
5
73 23 20 83 35
1732 1734 10
5
73 23 20 83 35
1734 1736 10
3
75 23 3
1737 1739 10
5
16 62 68 103 55
1744 1746 10
7
102 69 63 17 5 2 20
1753 1755 10
5
16 62 68 103 55
1753 1755 10
4
68 103 55 56
1758 1760 10
3
75 23 3
1767 1769 10
11
12 76 13 10 57 58 80 82 21 22 74
1770 1772 10
10
76 13 10 57 58 80 82 21 22 74
1771 1773 10
6
58 80 82 21 22 74
1773 1775 10
5
16 62 68 103 55
1779 1781 10
5
16 62 68 103 55
1780 1782 10
5
16 62 68 103 55
1782 1784 10
8
96 75 23 20 83 81 59 56
1782 1784 10
6
36 80 82 98 65 17
1784 1786 10
6
58 80 82 21 22 74
1787 1789 10
5
76 13 10 57 54
1789 1791 10
4
68 103 55 56
1793 1795 10
5
16 62 68 103 55
1793 1795 10
7
76 13 10 57 54 102 69
1796 1798 10
6
58 80 82 98 15 16
1797 1799 10
5
73 23 20 83 35
1798 1800 10
10
76 13 10 57 58 80 82 21 22 74
1799 1801 10
9
73 23 20 83 81 59 56 11 12
1799 1801 10
4
68 103 55 56
1800 1802 10
10
76 13 10 57 58 80 82 21 22 72
1803 1805 10
9
75 23 20 83 81 59 56 11 12
1806 1808 10
9
73 23 20 83 81 59 56 11 12
1807 1809 10
6
58 80 82 21 22 74
1809 1811 10
8
96 75 23 20 83 81 59 56
1810 1812 10
6
102 69 63 17 5 2
1811 1813 10
9
75 23 20 83 81 59 56 11 12
1812 1814 10
9
75 23 3 4 16 62 68 103 7
1813 1815 10
5
80 82 21 22 74
1814 1816 10
2
102 69
1816 1818 10
9
75 23 20 83 81 59 56 11 12
1817 1819 10
7
16 64 15 5 2 22 72
1824 1826 10
5
73 23 20 83 35
1825 1827 10
5
16 62 68 103 55
1826 1828 10
8
73 23 3 4 16 62 68 103
1830 1832 10
6
58 80 82 98 15 16
1832 1834 10
8
8 45 46 80 82 21 22 74
1839 1841 10
7
16 64 15 5 2 22 72
1842 1844 10
8
8 45 46 80 82 21 22 74
1845 1847 10
5
73 23 20 83 35
1846 1848 10
6
58 80 82 98 15 16
1847 1849 10
8
73 23 3 4 16 62 68 103
1848 1850 10
5
73 23 20 83 35
1851 1853 10
2
102 69
1853 1855 10
3
81 59 56
1854 1856 10
6
58 80 82 21 22 74
1856 1858 10
10
76 13 10 57 58 80 82 21 22 72
1861 1863 10
3
81 59 56
1865 1867 10
3
81 59 56
1869 1871 10
9
73 23 20 83 81 59 56 11 12
1871 1873 10
5
76 13 10 57 54
1876 1878 10
8
73 23 3 4 16 62 68 103
1877 1879 10
8
73 23 3 4 16 62 68 103
1886 1888 10
9
73 23 20 83 81 59 56 11 12
1890 1892 10
7
102 69 63 17 5 2 20
1895 1897 10
4
102 101 45 46
1896 1898 10
5
16 62 68 103 55
1897 1899 10
6
75 23 3 4 16 62
1902 1904 10
5
73 23 20 83 35
1904 1906 10
7
16 64 15 5 2 22 72
1904 1906 10
5
73 23 20 83 35
1908 1910 10
3
101 45 46
1915 1917 10
2
102 69
1916 1918 10
7
76 13 10 57 54 102 69
1921 1923 10
6
58 80 82 21 22 74
1923 1925 10
8
96 75 23 20 83 81 59 56
1923 1925 10
8
8 45 46 80 82 21 22 74
1924 1926 10
5
16 62 68 103 55
1925 1927 10
10
76 13 10 57 58 80 82 21 22 74
1926 1928 10
6
102 69 63 17 5 2
1927 1929 10
6
75 23 3 4 16 62
1927 1929 10
4
68 103 55 56
1929 1931 10
5
73 23 20 83 35
1934 1936 10
8
8 45 46 80 82 21 22 74
1939 1941 10
4
68 103 55 56
1941 1943 10
9
73 23 20 83 81 59 56 11 12
1944 1946 10
8
96 75 23 20 83 81 59 56
1951 1953 10
5
76 13 10 57 54
1955 1957 10
3
101 45 46
1956 1958 10
6
102 69 63 17 5 2
1961 1963 10
10
76 13 10 57 58 80 82 21 22 72
1961 1963 10
9
73 23 20 83 81 59 56 11 12
1962 1964 10
6
58 80 82 98 15 16
1964 1966 10
5
76 13 10 57 54
1970 1972 10
6
102 69 63 17 5 2
1971 1973 10
6
58 80 82 98 15 16
1981 1983 10
9
75 23 3 4 16 62 68 103 7
1986 1988 10
8
73 23 3 4 16 62 68 103
1986 1988 10
5
73 23 20 83 35
1987 1989 10
7
16 64 15 5 2 22 72
1987 1989 10
5
76 13 10 57 54
1995 1997 10
8
96 75 23 20 83 81 59 56
1996 1998 10
5
36 47 44 9 6
1997 1999 10
5
36 47 44 9 6
2000 2002 10
4
68 103 55 56
2006 2008 10
6
58 80 82 98 15 16
2007 2009 10
6
58 80 82 21 22 74
2009 2011 10
4
68 103 55 56
2010 2012 10
5
76 13 10 57 54
2011 2013 10
5
16 62 68 103 55
2012 2014 10
4
102 101 45 46
2015 2017 10
5
16 62 68 103 55
2016 2018 10
11
12 76 13 10 57 58 80 82 21 22 74
2021 2023 10
9
75 23 3 4 16 62 68 103 7
2022 2024 10
5
73 23 20 83 35
2026 2028 10
10
76 13 10 57 58 80 82 21 22 74
2030 2032 10
5
16 62 68 103 55
2036 2038 10
10
76 13 10 57 58 80 82 21 22 72
2041 2043 10
5
16 62 68 103 55
2042 2044 10
8
96 75 23 20 83 81 59 56
2044 2046 10
5
83 81 47 44 9
2047 2049 10
6
58 80 82 21 22 74
2049 2051 10
5
16 62 68 103 55
2049 2051 10
6
36 80 82 98 65 17
2050 2052 10
10
76 13 10 57 58 80 82 21 22 74
2053 2055 10
5
80 82 21 22 74
2054 2056 10
10
76 13 10 57 58 80 82 21 22 72
2059 2061 10
6
58 80 82 98 15 16
2060 2062 10
5
80 82 21 22 74
2063 2065 10
2
102 69
2063 2065 10
8
73 23 3 4 16 62 68 103
2064 2066 10
6
102 69 63 17 5 2
2068 2070 10
5
16 62 68 103 55
2074 2076 10
6
58 80 82 21 22 74
2075 2077 10
5
36 47 44 9 6
2076 2078 10
3
68 101 45
2081 2083 10
7
102 69 63 17 5 2 20
2084 2086 10
2
102 69
2088 2090 10
8
73 23 3 4 16 62 68 103
2090 2092 10
6
58 80 82 21 22 74
2091 2093 10
8
73 23 3 4 16 62 68 103
2097 2099 10
2
101 45
2099 2101 10
4
102 69 63 17
2101 2103 10
5
83 81 47 44 9
2102 2104 10
6
58 80 82 21 22 74
2103 2105 10
10
76 13 10 57 58 80 82 21 22 72
2103 2105 10
5
73 23 20 83 35
2104 2106 10
3
75 23 3
2105 2107 10
10
76 13 10 57 58 80 82 21 22 74
2109 2111 10
2
102 69
2109 2111 10
3
68 101 45
2110 2112 10
6
102 69 63 17 5 2
2110 2112 10
5
16 62 68 103 55
2113 2115 10
11
12 76 13 10 57 58 80 82 21 22 74
2116 2118 10
8
73 23 3 4 16 62 68 103
2119 2121 10
9
75 23 20 83 81 59 56 11 12
2128 2130 10
6
75 23 3 4 16 62
2129 2131 10
4
102 101 45 46
2131 2133 10
7
102 69 63 17 5 2 20
2133 2135 10
3
81 59 56
2133 2135 10
8
8 45 46 80 82 21 22 74
2138 2140 10
8
96 75 23 20 83 81 59 56
2143 2145 10
8
73 23 3 4 16 62 68 103
2143 2145 10
2
101 45
2143 2145 10
5
83 81 47 44 9
2146 2148 10
9
75 23 20 83 81 59 56 11 12
2146 2148 10
3
75 23 3
2147 2149 10
6
75 23 3 4 16 62
2158 2160 10
9
75 23 3 4 16 62 68 103 7
2164 2166 10
10
76 13 10 57 58 80 82 21 22 72
2165 2167 10
5
16 62 68 103 55
2165 2167 10
4
68 103 55 56
2168 2170 10
10
76 13 10 57 58 80 82 21 22 74
2169 2171 10
9
73 23 20 83 81 59 56 11 12
2174 2176 10
7
102 69 63 17 5 2 20
2176 2178 10
10
76 13 10 57 58 80 82 21 22 74
2183 2185 10
5
76 13 10 57 54
2184 2186 10
8
8 45 46 80 82 21 22 74
2187 2189 10
7
16 64 15 5 2 22 72
2189 2191 10
6
75 23 3 4 16 62
2201 2203 10
2
102 69
2201 2203 10
8
8 45 46 80 82 21 22 74
2203 2205 10
7
102 69 63 17 5 2 20
2203 2205 10
6
58 80 82 21 22 74
2207 2209 10
5
36 47 44 9 6
2209 2211 10
2
102 69
2210 2212 10
5
83 81 47 44 9
2213 2215 10
8
8 45 46 80 82 21 22 74
2214 2216 10
4
68 103 55 56
2214 2216 10
2
101 45
2217 2219 10
5
76 13 10 57 54
2219 2221 10
5
16 62 68 103 55
2220 2222 10
8
8 45 46 80 82 21 22 74
2227 2229 10
2
102 69
2233 2235 10
5
76 13 10 57 54
2241 2243 10
6
58 80 82 98 15 16
2245 2247 10
5
76 13 10 57 54
2248 2250 10
8
96 75 23 20 83 81 59 56
2252 2254 10
3
75 23 3
2257 2259 10
8
96 75 23 20 83 81 59 56
2258 2260 10
7
16 64 15 5 2 22 72
2264 2266 10
5
16 62 68 103 55
2269 2271 10
3
81 59 56
2271 2273 10
6
75 23 3 4 16 62
2271 2273 10
5
16 62 68 103 55
2273 2275 10
8
73 23 3 4 16 62 68 103
2274 2276 10
3
101 45 46
2277 2279 10
5
16 62 68 103 55
2278 2280 10
4
68 103 55 56
2278 2280 10
8
8 45 46 80 82 21 22 74
2283 2285 10
6
102 69 63 17 5 2
2285 2287 10
5
16 62 68 103 55
2288 2290 10
5
16 62 68 103 55
2292 2294 10
6
58 80 82 98 15 16
2292 2294 10
5
16 62 68 103 55
2297 2299 10
3
81 59 56
2298 2300 10
3
75 23 3
2304 2306 10
5
73 23 20 83 35
2308 2310 10
6
58 80 82 21 22 74
2313 2315 10
5
16 62 68 103 55
2313 2315 10
5
16 62 68 103 55
2316 2318 10
7
57 58 80 82 21 22 72
2318 2320 10
8
8 45 46 80 82 21 22 74
2320 2322 10
7
102 69 63 17 5 2 20
2327 2329 10
5
80 82 21 22 74
2330 2332 10
8
73 23 3 4 16 62 68 103
2332 2334 10
9
73 23 20 83 81 59 56 11 12
2332 2334 10
5
76 13 10 57 54
2337 2339 10
8
8 45 46 80 82 21 22 74
2340 2342 10
6
58 80 82 21 22 74
2342 2344 10
4
102 101 45 46
2343 2345 10
11
12 76 13 10 57 58 80 82 21 22 74
2344 2346 10
6
58 80 82 21 22 74
2346 2348 10
9
75 23 3 4 16 62 68 103 7
2363 2365 10
9
75 23 3 4 16 62 68 103 7
2366 2368 10
5
76 13 10 57 54
2373 2375 10
4
68 103 55 56
2374 2376 10
5
73 23 20 83 35
2375 2377 10
5
16 62 68 103 55
2389 2391 10
6
58 80 82 98 15 16
2389 2391 10
7
102 69 63 17 5 2 20
2391 2393 10
5
16 62 68 103 55
2392 2394 10
5
76 13 10 57 54
2398 2400 10
5
76 13 10 57 54
2401 2403 10
6
58 80 82 98 65 62
2402 2404 10
5
4 16 62 68 103
2406 2408 10
7
57 58 80 82 21 22 74
2407 2409 10
5
81 59 56 11 12
2409 2411 10
6
58 80 82 98 65 62
2411 2413 10
5
81 59 56 11 12
2412 2414 10
7
57 58 80 82 21 22 74
2418 2420 10
5
102 101 45 46 37
2419 2421 10
2
102 69
2422 2424 10
5
73 23 3 4 16
2427 2429 10
2
68 103
2427 2429 10
6
58 80 82 98 65 62
2427 2429 10
5
81 59 56 11 12
2430 2432 10
3
58 80 82
2432 2434 10
7
57 58 80 82 21 22 74
2439 2441 10
5
68 101 45 46 59
2439 2441 10
3
57 58 37
2439 2441 10
5
81 59 56 11 12
2442 2444 10
6
36 80 82 98 65 62
2443 2445 10
3
57 58 37
2444 2446 10
4
55 56 11 12
2445 2447 10
5
80 82 98 65 62
2446 2448 10
3
57 58 37
2448 2450 10
2
76 13
2449 2451 10
6
58 80 82 98 65 62
2451 2453 10
6
75 23 20 83 81 47
2451 2453 10
5
81 59 56 11 12
2453 2455 10
3
57 58 37
2454 2456 10
4
101 45 46 37
2454 2456 10
7
45 46 80 82 21 22 74
2455 2457 10
10
96 75 23 20 83 81 59 56 11 12
2456 2458 10
6
58 80 82 98 65 62
2461 2463 10
5
73 23 3 4 16
2462 2464 10
3
57 58 37
2463 2465 10
5
36 47 44 9 6
2467 2469 10
6
58 80 82 98 65 62
2469 2471 10
7
99 83 81 59 56 11 12
2470 2472 10
6
36 80 82 98 65 62
2471 2473 10
10
96 75 23 20 83 81 59 56 11 12
2471 2473 10
5
36 47 44 9 6
2474 2476 10
10
96 75 23 20 83 81 59 56 11 12
2474 2476 10
7
57 58 80 82 21 22 74
2475 2477 10
6
58 80 82 98 65 62
2478 2480 10
10
96 75 23 20 83 81 59 56 11 12
2478 2480 10
7
102 69 63 17 5 2 20
2478 2480 10
5
81 59 56 11 12
2479 2481 10
7
99 83 81 59 56 11 12
2482 2484 10
6
58 80 82 21 22 74
2482 2484 10
4
55 56 11 12
2484 2486 10
9
73 23 3 4 16 62 68 103 55
2485 2487 10
6
58 80 82 98 65 62
2488 2490 10
5
76 13 10 57 58
2489 2491 10
5
4 16 62 68 103
2489 2491 10
7
99 83 81 59 56 11 12
2490 2492 10
3
57 58 37
2490 2492 10
2
76 13
2495 2497 10
7
99 83 81 59 56 11 12
2496 2498 10
4
101 45 46 37
2499 2501 10
4
55 56 11 12
2504 2506 10
6
36 80 82 98 65 62
2504 2506 10
5
102 101 45 46 37
2505 2507 10
6
58 80 82 98 65 62
2506 2508 10
3
57 58 37
2510 2512 10
3
57 58 37
2510 2512 10
4
73 23 20 83
2517 2519 10
7
99 83 81 59 56 11 12
2522 2524 10
6
75 23 20 83 81 47
2527 2529 10
3
57 58 37
2529 2531 10
2
68 103
2531 2533 10
3
57 58 37
2533 2535 10
5
73 23 3 4 16
2541 2543 10
4
55 56 11 12
2542 2544 10
6
58 80 82 98 65 62
2543 2545 10
2
102 69
2546 2548 10
7
99 83 81 59 56 11 12
2549 2551 10
7
16 64 15 5 2 22 72
2555 2557 10
5
36 47 44 9 6
2558 2560 10
3
57 58 37
2559 2561 10
5
73 23 3 4 16
2560 2562 10
5
80 82 98 65 62
2563 2565 10
9
75 23 20 83 81 59 56 11 12
2564 2566 10
6
58 80 82 98 65 62
2564 2566 10
6
58 80 82 98 65 62
2565 2567 10
7
99 83 81 59 56 11 12
2566 2568 10
6
58 80 82 98 65 62
2568 2570 10
7
99 83 81 59 56 11 12
2569 2571 10
7
99 83 81 59 56 11 12
2583 2585 10
10
96 75 23 20 83 81 59 56 11 12
2585 2587 10
5
73 23 3 4 16
2596 2598 10
6
58 80 82 98 65 62
2597 2599 10
3
57 58 37
2597 2599 10
7
16 64 15 5 2 22 72
2601 2603 10
6
58 80 82 98 65 62
2605 2607 10
5
73 23 3 4 16
2612 2614 10
6
58 80 82 21 22 74
2614 2616 10
7
45 46 80 82 21 22 74
2618 2620 10
4
55 56 11 12
2625 2627 10
2
68 103
2625 2627 10
5
36 47 44 9 6
2626 2628 10
5
76 13 10 57 58
2629 2631 10
4
101 45 46 37
2630 2632 10
8
101 45 46 80 82 21 22 74
2637 2639 10
8
102 69 63 17 5 2 22 74
2643 2645 10
3
57 58 37
2645 2647 10
8
76 13 10 57 58 80 82 98
2652 2654 10
3
57 58 37
2656 2658 10
6
75 23 20 83 81 47
2656 2658 10
6
75 23 20 83 81 47
2656 2658 10
3
57 58 37
2657 2659 10
2
102 69
2659 2661 10
4
8 45 46 37
2665 2667 10
7
16 64 15 5 2 22 72
2670 2672 10
5
36 47 44 9 6
2674 2676 10
7
99 83 81 59 56 11 12
2674 2676 10
5
36 47 44 9 6
2676 2678 10
7
99 83 81 59 56 11 12
2677 2679 10
6
58 80 82 98 65 62
2678 2680 10
3
57 58 37
2682 2684 10
5
81 59 56 11 12
2682 2684 10
6
46 80 82 98 15 16
2683 2685 10
9
75 23 20 83 81 59 56 11 12
2688 2690 10
5
4 16 62 68 103
2690 2692 10
7
57 58 80 82 21 22 74
2691 2693 10
6
75 23 20 83 81 47
2692 2694 10
4
73 23 20 83
2695 2697 10
4
55 56 11 12
2700 2702 10
2
76 13
2702 2704 10
6
75 23 20 83 81 47
2702 2704 10
4
101 45 46 37
2703 2705 10
9
75 23 20 83 81 59 56 11 12
2704 2706 10
5
81 59 56 11 12
2707 2709 10
6
58 80 82 21 22 74
2708 2710 10
10
96 75 23 20 83 81 59 56 11 12
2712 2714 10
7
99 83 81 59 56 11 12
2713 2715 10
6
58 80 82 21 22 72
2713 2715 10
4
101 45 46 37
2715 2717 10
6
58 80 82 98 65 62
2717 2719 10
7
99 83 81 59 56 11 12
2718 2720 10
7
57 58 80 82 21 22 74
2719 2721 10
5
4 16 62 68 103
2721 2723 10
2
76 13
2722 2724 10
2
68 103
2724 2726 10
8
102 69 63 17 5 2 22 72
2725 2727 10
2
76 13
2725 2727 10
8
101 45 46 80 82 21 22 74
2726 2728 10
7
99 83 81 59 56 11 12
2728 2730 10
2
76 13
2730 2732 10
8
101 45 46 80 82 21 22 74
2732 2734 10
8
102 69 63 17 5 2 22 74
2732 2734 10
6
58 80 82 21 22 72
2732 2734 10
5
81 59 56 11 12
2733 2735 10
6
75 23 20 83 81 47
2735 2737 10
5
81 59 56 11 12
2736 2738 10
5
73 23 3 4 16
2739 2741 10
5
36 47 44 9 6
2744 2746 10
5
80 82 98 65 62
2744 2746 10
3
57 58 37
2745 2747 10
5
80 82 98 65 62
2747 2749 10
2
68 103
2747 2749 10
8
101 45 46 80 82 21 22 74
2748 2750 10
5
4 16 62 68 103
2748 2750 10
2
76 13
2750 2752 10
7
57 58 80 82 21 22 74
2752 2754 10
5
81 59 56 11 12
2756 2758 10
2
68 103
2757 2759 10
7
99 83 81 59 56 11 12
2757 2759 10
2
76 13
2761 2763 10
9
75 23 20 83 81 59 56 11 12
2762 2764 10
7
99 83 81 59 56 11 12
2762 2764 10
3
57 58 37
2762 2764 10
4
73 23 20 83
2769 2771 10
7
99 83 81 59 56 11 12
2770 2772 10
3
57 58 37
2773 2775 10
3
57 58 37
2779 2781 10
6
36 47 44 9 6 55
2784 2786 10
2
102 69
2785 2787 10
5
73 23 3 4 16
2789 2791 10
7
57 58 80 82 21 22 74
2790 2792 10
5
76 13 10 57 58
2790 2792 10
3
57 58 37
2795 2797 10
7
99 83 81 59 56 11 12
2795 2797 10
3
57 58 37
2798 2800 10
8
102 69 63 17 5 2 22 72
2800 2802 10
4
73 23 20 83
2812 2814 10
7
99 83 81 59 56 11 12
2815 2817 10
7
102 69 63 17 5 2 20
2824 2826 10
8
75 23 3 4 16 62 68 103
2826 2828 10
5
36 47 44 9 6
2827 2829 10
8
102 69 63 17 5 2 22 74
2843 2845 10
7
16 64 15 5 2 22 72
2860 2862 10
4
55 56 11 12
2862 2864 10
5
81 59 56 11 12
2863 2865 10
2
76 13
2867 2869 10
7
57 58 80 82 21 22 74
2883 2885 10
8
102 69 63 17 5 2 22 74
2884 2886 10
5
73 23 3 4 16
2885 2887 10
4
55 56 11 12
2886 2888 10
9
75 23 20 83 81 59 56 11 12
2887 2889 10
5
81 59 56 11 12
2888 2890 10
7
99 83 81 59 56 11 12
2891 2893 10
4
55 56 11 12
2892 2894 10
2
76 13
2895 2897 10
6
36 47 44 9 6 55
2896 2898 10
6
58 80 82 21 22 72
2896 2898 10
2
76 13
2903 2905 10
7
16 64 15 5 2 22 72
2905 2907 10
5
80 82 98 65 62
2907 2909 10
6
46 80 82 98 15 16
2910 2912 10
5
68 101 45 46 59
2913 2915 10
8
73 23 3 4 16 62 68 103
2913 2915 10
5
73 23 3 4 16
2916 2918 10
4
55 56 11 12
2917 2919 10
6
58 80 82 21 22 74
2917 2919 10
5
73 23 3 4 16
2919 2921 10
7
99 83 81 59 56 11 12
2920 2922 10
6
36 80 82 98 65 62
2923 2925 10
3
57 58 37
2927 2929 10
2
102 69
2927 2929 10
4
73 23 20 83
2928 2930 10
2
68 103
2930 2932 10
7
99 83 81 59 56 11 12
2934 2936 10
7
99 83 81 59 56 11 12
2937 2939 10
10
96 75 23 20 83 81 59 56 11 12
2937 2939 10
6
58 80 82 98 65 62
2940 2942 10
3
57 58 37
2943 2945 10
7
99 83 81 59 56 11 12
2944 2946 10
2
68 103
2951 2953 10
5
36 47 44 9 6
2952 2954 10
8
102 69 63 17 5 2 22 74
2956 2958 10
5
73 23 3 4 16
2959 2961 10
6
36 80 82 98 65 62
2962 2964 10
6
36 47 44 9 6 55
2963 2965 10
6
75 23 20 83 81 47
2964 2966 10
4
55 56 11 12
2965 2967 10
4
55 56 11 12
2970 2972 10
2
68 103
2970 2972 10
6
58 80 82 98 65 62
2974 2976 10
2
68 103
2976 2978 10
2
76 13
2981 2983 10
8
101 45 46 80 82 21 22 74
2983 2985 10
2
68 103
2987 2989 10
6
58 80 82 98 65 62
2990 2992 10
3
58 80 82
2993 2995 10
8
75 23 3 4 16 62 68 103
2996 2998 10
5
4 16 62 68 103
2996 2998 10
9
73 23 3 4 16 62 68 103 55
2999 3001 10
10
96 75 23 20 83 81 59 56 11 12
3000 3002 10
5
4 16 62 68 103
3006 3008 10
9
73 23 3 4 16 62 68 103 55
3026 3028 10
6
75 23 20 83 81 47
3028 3030 10
5
73 23 3 4 16
3034 3036 10
3
57 58 37
3036 3038 10
3
58 80 82
3037 3039 10
2
68 103
3037 3039 10
3
57 58 37
3044 3046 10
5
76 13 10 57 58
3044 3046 10
6
75 23 20 83 81 47
3047 3049 10
7
99 83 81 59 56 11 12
3048 3050 10
3
57 58 37
3051 3053 10
2
68 103
3058 3060 10
4
55 56 11 12
3061 3063 10
5
4 16 62 68 103
3061 3063 10
6
58 80 82 98 65 62
3062 3064 10
5
81 59 56 11 12
3064 3066 10
4
73 23 20 83
3071 3073 10
5
73 23 3 4 16
3071 3073 10
6
58 80 82 98 65 62
3071 3073 10
7
99 83 81 59 56 11 12
3072 3074 10
2
76 13
3072 3074 10
2
76 13
3074 3076 10
6
75 23 20 83 35 36
3075 3077 10
9
75 23 20 83 81 59 56 11 12
3077 3079 10
5
102 101 45 46 37
3081 3083 10
6
46 80 82 98 15 16
3083 3085 10
7
99 83 81 59 56 11 12
3083 3085 10
6
58 80 82 98 65 62
3087 3089 10
3
57 58 37
3091 3093 10
8
102 69 63 17 5 2 22 74
3091 3093 10
3
57 58 37
3091 3093 10
2
76 13
3096 3098 10
10
96 75 23 20 83 81 59 56 11 12
3096 3098 10
8
73 23 3 4 16 62 68 103
3097 3099 10
8
101 45 46 80 82 21 22 74
3099 3101 10
2
102 69
3100 3102 10
2
68 103
3105 3107 10
5
4 16 62 68 103
3105 3107 10
7
99 83 81 59 56 11 12
3107 3109 10
4
73 23 20 83
3109 3111 10
8
76 13 10 57 58 80 82 98
3110 3112 10
5
36 47 44 9 6
3111 3113 10
6
58 80 82 98 65 62
3118 3120 10
3
57 58 37
3118 3120 10
7
16 64 15 5 2 22 72
3121 3123 10
5
81 59 56 11 12
3123 3125 10
6
58 80 82 21 22 72
3125 3127 10
8
102 69 63 17 5 2 22 72
3126 3128 10
4
8 45 46 37
3126 3128 10
3
57 58 37
3128 3130 10
8
102 69 63 17 5 2 22 74
3129 3131 10
5
73 23 3 4 16
3131 3133 10
5
36 47 44 9 6
3132 3134 10
3
57 58 37
3132 3134 10
3
57 58 37
3132 3134 10
4
73 23 20 83
3133 3135 10
10
96 75 23 20 83 81 59 56 11 12
3134 3136 10
6
58 80 82 98 65 62
3139 3141 10
7
57 58 80 82 21 22 74
3139 3141 10
6
58 80 82 98 65 62
3141 3143 10
8
102 69 63 17 5 2 22 72
3141 3143 10
3
57 58 37
3143 3145 10
5
4 16 62 68 103
3144 3146 10
5
81 59 56 11 12
3145 3147 10
6
46 80 82 98 15 16
3154 3156 10
8
101 45 46 80 82 21 22 74
3161 3163 10
4
55 56 11 12
3168 3170 10
5
36 47 44 9 6
3171 3173 10
10
96 75 23 20 83 81 59 56 11 12
3171 3173 10
6
58 80 82 98 65 62
3174 3176 10
3
57 58 37
3177 3179 10
4
101 45 46 37
3178 3180 10
9
73 23 3 4 16 62 68 103 55
3181 3183 10
4
55 56 11 12
3186 3188 10
7
57 58 80 82 21 22 74
3187 3189 10
2
68 103
3190 3192 10
8
73 23 3 4 16 62 68 103
3191 3193 10
7
102 69 63 17 5 2 20
3191 3193 10
5
81 59 56 11 12
3193 3195 10
7
99 83 81 59 56 11 12
3193 3195 10
3
57 58 37
3197 3199 10
7
102 69 63 17 5 2 20
3197 3199 10
3
57 58 37
3198 3200 10
5
81 59 56 11 12
3199 3201 10
7
57 58 80 82 21 22 74
3200 3202 10
4
55 56 11 12
3203 3205 10
7
45 46 80 82 21 22 74
3204 3206 10
3
58 80 82
3204 3206 10
6
75 23 20 83 81 47
3205 3207 10
7
45 46 80 82 21 22 74
3208 3210 10
5
73 23 3 4 16
3208 3210 10
4
55 56 11 12
3209 3211 10
8
76 13 10 57 58 80 82 98
3213 3215 10
4
55 56 11 12
3214 3216 10
7
102 69 63 17 5 2 20
3215 3217 10
6
58 80 82 98 65 62
3215 3217 10
2
76 13
3215 3217 10
5
36 47 44 9 6
3219 3221 10
7
16 64 15 5 2 22 72
3223 3225 10
6
58 80 82 98 65 62
3226 3228 10
8
76 13 10 57 58 80 82 98
3226 3228 10
5
4 16 62 68 103
3226 3228 10
6
58 80 82 98 65 62
3227 3229 10
6
75 23 20 83 81 47
3228 3230 10
8
102 69 63 17 5 2 22 74
3232 3234 10
6
75 23 20 83 81 47
3235 3237 10
7
16 64 15 5 2 22 72
3236 3238 10
3
57 58 37
3237 3239 10
7
57 58 80 82 21 22 74
3240 3242 10
5
36 47 44 9 6
3241 3243 10
8
101 45 46 80 82 21 22 74
3243 3245 10
7
57 58 80 82 21 22 74
3244 3246 10
3
57 58 37
3247 3249 10
3
57 58 37
3257 3259 10
4
101 45 46 37
3260 3262 10
6
36 47 44 9 6 55
3261 3263 10
5
81 59 56 11 12
3262 3264 10
7
45 46 80 82 21 22 74
3268 3270 10
2
102 69
3273 3275 10
5
73 23 3 4 16
3274 3276 10
6
58 80 82 21 22 74
3277 3279 10
2
68 103
3281 3283 10
5
36 47 44 9 6
3282 3284 10
5
4 16 62 68 103
3283 3285 10
7
16 64 15 5 2 22 72
3283 3285 10
5
36 47 44 9 6
3284 3286 10
7
57 58 80 82 21 22 74
3286 3288 10
7
45 46 80 82 21 22 74
3290 3292 10
2
68 103
3292 3294 10
7
102 69 63 17 5 2 20
3293 3295 10
6
46 80 82 98 15 16
3293 3295 10
7
16 64 15 5 2 22 72
3295 3297 10
5
73 23 3 4 16
3302 3304 10
5
73 23 3 4 16
3302 3304 10
3
57 58 37
3304 3306 10
5
4 16 62 68 103
3317 3319 10
5
73 23 3 4 16
3319 3321 10
7
99 83 81 59 56 11 12
3320 3322 10
5
73 23 3 4 16
3329 3331 10
3
57 58 37
3329 3331 10
3
57 58 37
3333 3335 10
8
76 13 10 57 58 80 82 98
3334 3336 10
7
99 83 81 59 56 11 12
3334 3336 10
6
58 80 82 98 65 62
3335 3337 10
7
99 83 81 59 56 11 12
3336 3338 10
6
58 80 82 21 22 74
3338 3340 10
10
96 75 23 20 83 81 59 56 11 12
3339 3341 10
7
99 83 81 59 56 11 12
3343 3345 10
7
45 46 80 82 21 22 74
3346 3348 10
7
45 46 80 82 21 22 74
3348 3350 10
5
81 59 56 11 12
3349 3351 10
5
36 47 44 9 6
3350 3352 10
7
57 58 80 82 21 22 74
3352 3354 10
4
8 45 46 37
3360 3362 10
10
96 75 23 20 83 81 59 56 11 12
3364 3366 10
5
76 13 10 57 58
3364 3366 10
7
16 64 15 5 2 22 72
3365 3367 10
6
58 80 82 98 65 62
3368 3370 10
4
73 23 20 83
3370 3372 10
6
58 80 82 98 65 62
3371 3373 10
4
55 56 11 12
3371 3373 10
8
101 45 46 80 82 21 22 74
3375 3377 10
7
99 83 81 59 56 11 12
3375 3377 10
6
58 80 82 98 65 62
3383 3385 10
2
102 69
3384 3386 10
7
99 83 81 59 56 11 12
3385 3387 10
4
55 56 11 12
3389 3391 10
2
76 13
3408 3410 10
8
102 69 63 17 5 2 22 74
3408 3410 10
5
73 23 3 4 16
3413 3415 10
5
4 16 62 68 103
3415 3417 10
8
102 69 63 17 5 2 22 74
3415 3417 10
6
58 80 82 98 65 62
3416 3418 10
10
96 75 23 20 83 81 59 56 11 12
3417 3419 10
5
68 101 45 46 59
3425 3427 10
7
57 58 80 82 21 22 74
3431 3433 10
8
101 45 46 80 82 21 22 74
3432 3434 10
2
68 103
3439 3441 10
8
102 69 63 17 5 2 22 74
3442 3444 10
5
73 23 3 4 16
3444 3446 10
5
81 59 56 11 12
3444 3446 10
6
46 80 82 98 15 16
3447 3449 10
7
57 58 80 82 21 22 74
3447 3449 10
6
75 23 20 83 81 47
3449 3451 10
7
99 83 81 59 56 11 12
3449 3451 10
3
57 58 37
3452 3454 10
9
75 23 20 83 81 59 56 11 12
3456 3458 10
6
58 80 82 98 65 62
3457 3459 10
8
73 23 3 4 16 62 68 103
3457 3459 10
6
58 80 82 98 65 62
3459 3461 10
7
99 83 81 59 56 11 12
3460 3462 10
7
99 83 81 59 56 11 12
3462 3464 10
4
73 23 20 83
3464 3466 10
7
99 83 81 59 56 11 12
3468 3470 10
6
58 80 82 98 65 62
3469 3471 10
7
99 83 81 59 56 11 12
3478 3480 10
4
55 56 11 12
3479 3481 10
2
68 103
3483 3485 10
8
73 23 3 4 16 62 68 103
3483 3485 10
8
102 69 63 17 5 2 22 72
3484 3486 10
2
68 103
3486 3488 10
3
58 80 82
3489 3491 10
10
96 75 23 20 83 81 59 56 11 12
3491 3493 10
6
58 80 82 21 22 72
3492 3494 10
7
16 64 15 5 2 22 72
3494 3496 10
4
55 56 11 12
3496 3498 10
6
58 80 82 98 65 62
3501 3503 10
2
68 103
3507 3509 10
5
76 13 10 57 58
3510 3512 10
4
55 56 11 12
3512 3514 10
2
68 103
3512 3514 10
7
99 83 81 59 56 11 12
3522 3524 10
2
76 13
3524 3526 10
2
102 69
3527 3529 10
3
58 80 82
3529 3531 10
9
73 23 3 4 16 62 68 103 55
3530 3532 10
10
96 75 23 20 83 81 59 56 11 12
3531 3533 10
7
99 83 81 59 56 11 12
3534 3536 10
6
58 80 82 98 65 62
3535 3537 10
2
68 103
3536 3538 10
7
99 83 81 59 56 11 12
3538 3540 10
7
99 83 81 59 56 11 12
3546 3548 10
7
99 83 81 59 56 11 12
3549 3551 10
5
80 82 98 65 62
3550 3552 10
7
57 58 80 82 21 22 74
3552 3554 10
3
57 58 37
3553 3555 10
7
57 58 80 82 21 22 74
3555 3557 10
4
8 45 46 37
3556 3558 10
5
102 101 45 46 37
3556 3558 10
5
81 59 56 11 12
3557 3559 10
5
81 59 56 11 12
3559 3561 10
6
75 23 20 83 35 36
3559 3561 10
6
58 80 82 98 65 62
3559 3561 10
7
16 64 15 5 2 22 72
3563 3565 10
6
46 80 82 98 15 16
3564 3566 10
5
4 16 62 68 103
3564 3566 10
4
8 45 46 37
3568 3570 10
10
96 75 23 20 83 81 59 56 11 12
3570 3572 10
8
12 76 13 10 57 54 102 69
3573 3575 10
5
73 23 3 4 16
3573 3575 10
4
101 45 46 37
3581 3583 10
5
36 47 44 9 6
3587 3589 10
2
68 103
3590 3592 10
4
55 56 11 12
3591 3593 10
8
75 23 3 4 16 62 68 103
3593 3595 10
7
102 69 63 17 5 2 20
3595 3597 10
5
81 59 56 11 12
3595 3597 10
4
73 23 20 83
3597 3599 10
5
102 101 45 46 37
3599 3601 10
7
99 83 81 59 56 11 12
3599 3601 10
7
99 83 81 59 56 11 12
3600 3602 10
6
4 14 99 83 35 36
3601 3603 10
6
73 23 20 83 81 47
3603 3605 10
5
80 82 21 22 72
3603 3605 10
8
73 23 3 4 16 62 68 103
3608 3610 10
8
4 14 99 83 81 59 56 11
3609 3611 10
10
76 13 10 57 58 80 82 21 22 74
3610 3612 10
5
57 58 80 82 21
3610 3612 10
5
80 82 98 65 62
3612 3614 10
5
16 62 68 103 55
3614 3616 10
4
57 54 102 69
3616 3618 10
10
76 13 10 57 58 80 82 21 22 74
3618 3620 10
6
68 103 55 56 11 12
3621 3623 10
5
57 58 80 82 21
3631 3633 10
6
73 23 3 4 16 62
3643 3645 10
8
75 23 20 83 81 59 56 11
3643 3645 10
5
76 13 10 57 54
3647 3649 10
6
73 23 3 4 16 62
3648 3650 10
5
16 62 68 103 55
3649 3651 10
4
101 45 46 59
3649 3651 10
2
102 101
3652 3654 10
8
75 23 20 83 81 59 56 11
3657 3659 10
6
36 47 44 9 6 55
3657 3659 10
6
73 23 3 4 16 62
3658 3660 10
6
4 14 99 83 35 36
3663 3665 10
5
81 47 44 9 6
3665 3667 10
5
81 47 44 9 6
3667 3669 10
4
57 54 102 69
3667 3669 10
6
73 23 20 83 81 47
3673 3675 10
5
57 58 80 82 21
3675 3677 10
2
73 74
3680 3682 10
4
102 101 45 46
3682 3684 10
6
36 80 82 21 22 74
3684 3686 10
6
4 14 99 83 35 36
3689 3691 10
10
76 13 10 57 58 80 82 21 22 74
3689 3691 10
6
73 23 20 83 81 47
3690 3692 10
6
73 23 3 4 16 62
3695 3697 10
5
76 13 10 57 54
3696 3698 10
2
73 74
3699 3701 10
5
80 82 21 22 72
3709 3711 10
8
75 23 20 83 81 59 56 11
3716 3718 10
3
98 65 62
3720 3722 10
2
73 74
3722 3724 10
5
81 47 44 9 6
3727 3729 10
6
73 23 20 83 81 47
3729 3731 10
6
45 46 59 56 11 12
3735 3737 10
6
73 23 3 4 16 62
3736 3738 10
6
58 80 82 21 22 74
3737 3739 10
5
76 13 10 57 54
3740 3742 10
8
75 23 3 4 16 62 68 103
3740 3742 10
8
75 23 3 4 16 62 68 103
3758 3760 10
6
68 103 55 56 11 12
3759 3761 10
8
75 23 20 83 81 59 56 11
3760 3762 10
5
16 62 68 103 55
3760 3762 10
6
73 23 3 4 16 62
3767 3769 10
8
73 23 3 4 16 62 68 103
3771 3773 10
6
73 23 3 4 16 62
3774 3776 10
5
57 58 80 82 21
3777 3779 10
4
102 101 45 46
3779 3781 10
2
73 74
3779 3781 10
5
76 13 10 57 54
3782 3784 10
6
73 23 3 4 16 62
3787 3789 10
6
68 103 55 56 11 12
3788 3790 10
8
73 23 3 4 16 62 68 103
3788 3790 10
5
80 82 21 22 72
3788 3790 10
6
4 14 99 83 35 36
3791 3793 10
6
36 80 82 21 22 74
3792 3794 10
9
8 45 46 80 82 21 22 74 97
3799 3801 10
4
68 103 55 56
3800 3802 10
5
57 58 80 82 21
3808 3810 10
4
102 101 45 46
3811 3813 10
6
4 14 99 83 35 36
3811 3813 10
4
101 45 46 59
3815 3817 10
2
102 69
3816 3818 10
6
45 46 59 56 11 12
3818 3820 10
5
57 58 80 82 21
3819 3821 10
4
57 54 102 69
3821 3823 10
8
76 13 10 57 58 80 82 21
3823 3825 10
6
73 23 20 83 81 47
3825 3827 10
4
58 80 82 98
3825 3827 10
6
73 23 3 4 16 62
3827 3829 10
5
57 58 80 82 21
3827 3829 10
9
8 45 46 80 82 21 22 74 97
3831 3833 10
6
36 47 44 9 6 55
3832 3834 10
5
76 13 10 57 54
3836 3838 10
5
57 58 80 82 21
3836 3838 10
5
81 47 44 9 6
3838 3840 10
10
76 13 10 57 58 80 82 21 22 74
3838 3840 10
2
102 101
3843 3845 10
5
81 47 44 9 6
3844 3846 10
5
4 16 62 68 103
3846 3848 10
6
45 46 59 56 11 12
3847 3849 10
4
58 80 82 98
3851 3853 10
2
73 74
3855 3857 10
6
45 46 59 56 11 12
3863 3865 10
5
16 62 68 103 55
3864 3866 10
5
4 16 62 68 103
3865 3867 10
10
76 13 10 57 58 80 82 21 22 74
3873 3875 10
2
102 101
3874 3876 10
8
75 23 20 83 81 59 56 11
3874 3876 10
6
73 23 20 83 81 47
3875 3877 10
6
4 14 99 83 35 36
3878 3880 10
6
45 46 59 56 11 12
3879 3881 10
8
4 14 99 83 81 59 56 11
3880 3882 10
3
98 65 62
3883 3885 10
3
98 65 62
3888 3890 10
9
8 45 46 80 82 21 22 74 97
3888 3890 10
6
76 13 10 57 58 47
3890 3892 10
6
45 46 59 56 11 12
3890 3892 10
5
81 47 44 9 6
3894 3896 10
8
75 23 3 4 16 62 68 103
3897 3899 10
2
68 101
3900 3902 10
5
76 13 10 57 54
3902 3904 10
5
57 58 80 82 21
3904 3906 10
6
76 13 10 57 58 47
3911 3913 10
2
73 74
3914 3916 10
6
73 23 3 4 16 62
3915 3917 10
5
57 58 80 82 21
3915 3917 10
4
58 80 82 98
3917 3919 10
2
73 74
3917 3919 10
6
73 23 3 4 16 62
3919 3921 10
5
76 13 10 57 54
3925 3927 10
6
58 80 82 21 22 74
3926 3928 10
10
76 13 10 57 58 80 82 21 22 74
3928 3930 10
2
73 74
3934 3936 10
5
76 13 10 57 54
3941 3943 10
8
75 23 20 83 81 59 56 11
3943 3945 10
2
73 74
3944 3946 10
8
75 23 20 83 81 59 56 11
3945 3947 10
5
57 58 80 82 21
3950 3952 10
8
75 23 20 83 81 59 56 11
3962 3964 10
8
101 45 46 80 82 98 15 16
3965 3967 10
6
36 47 44 9 6 55
3965 3967 10
5
16 62 68 103 55
3970 3972 10
1
55
3970 3972 10
6
36 47 44 9 6 55
3975 3977 10
2
73 74
3982 3984 10
4
58 80 82 98
3984 3986 10
2
73 74
3984 3986 10
2
73 74
3984 3986 10
2
73 74
3988 3990 10
5
81 47 44 9 6
3993 3995 10
2
73 74
3993 3995 10
6
73 23 20 83 81 47
4002 4004 10
6
73 23 20 83 81 47
4004 4006 10
8
73 23 3 4 16 62 68 103
4006 4008 10
4
57 54 102 69
4008 4010 10
2
68 101
4008 4010 10
8
73 23 3 4 16 62 68 103
4010 4012 10
6
36 80 82 21 22 74
4012 4014 10
6
45 46 59 56 11 12
4017 4019 10
6
73 23 3 4 16 62
4019 4021 10
5
57 58 80 82 21
4024 4026 10
6
45 46 59 56 11 12
4024 4026 10
5
76 13 10 57 54
4026 4028 10
8
75 23 20 83 81 59 56 11
4030 4032 10
6
4 14 99 83 35 36
4030 4032 10
5
76 13 10 57 54
4031 4033 10
8
4 14 99 83 81 59 56 11
4036 4038 10
2
73 74
4049 4051 10
6
73 23 3 4 16 62
4050 4052 10
5
76 13 10 57 54
4051 4053 10
5
80 82 21 22 72
4058 4060 10
5
16 62 68 103 55
4058 4060 10
6
73 23 20 83 81 47
4060 4062 10
6
68 103 55 56 11 12
4063 4065 10
6
68 103 55 56 11 12
4064 4066 10
5
80 82 98 65 62
4064 4066 10
8
101 45 46 80 82 98 15 16
4065 4067 10
5
80 82 21 22 72
4067 4069 10
6
76 13 10 57 58 47
4067 4069 10
6
73 23 3 4 16 62
4068 4070 10
6
58 80 82 21 22 74
4068 4070 10
8
102 69 63 17 5 2 22 74
4068 4070 10
4
58 80 82 98
4070 4072 10
1
55
4070 4072 10
9
8 45 46 80 82 21 22 74 97
4074 4076 10
2
68 101
4076 4078 10
5
80 82 21 22 72
4077 4079 10
4
102 101 45 46
4078 4080 10
10
76 13 10 57 58 80 82 21 22 74
4078 4080 10
5
16 62 68 103 55
4079 4081 10
8
101 45 46 80 82 98 15 16
4080 4082 10
5
16 62 68 103 55
4089 4091 10
6
73 23 3 4 16 62
4093 4095 10
5
16 62 68 103 55
4094 4096 10
5
80 82 98 65 62
4097 4099 10
6
73 23 20 83 81 47
4097 4099 10
6
73 23 20 83 81 47
4098 4100 10
4
58 80 82 98
4107 4109 10
5
81 47 44 9 6
4108 4110 10
5
16 62 68 103 55
4115 4117 10
6
4 14 99 83 35 36
4118 4120 10
6
76 13 10 57 58 47
4119 4121 10
8
76 13 10 57 58 80 82 21
4121 4123 10
5
16 62 68 103 55
4129 4131 10
6
73 23 3 4 16 62
4139 4141 10
6
36 80 82 21 22 74
4140 4142 10
8
75 23 20 83 81 59 56 11
4140 4142 10
6
73 23 3 4 16 62
4141 4143 10
5
81 47 44 9 6
4143 4145 10
1
55
4143 4145 10
9
8 45 46 80 82 21 22 74 97
4146 4148 10
5
57 58 80 82 21
4150 4152 10
4
102 101 45 46
4151 4153 10
6
4 14 99 83 35 36
4157 4159 10
5
81 47 44 9 6
4158 4160 10
4
101 45 46 59
4162 4164 10
6
68 103 55 56 11 12
4168 4170 10
2
102 69
4170 4172 10
6
73 23 3 4 16 62
4179 4181 10
5
4 16 62 68 103
4179 4181 10
2
102 69
4180 4182 10
6
76 13 10 57 58 47
4186 4188 10
6
73 23 20 83 81 47
4189 4191 10
2
68 101
4196 4198 10
4
58 80 82 98
4197 4199 10
5
81 47 44 9 6
4207 4209 10
9
8 45 46 80 82 21 22 74 97
4214 4216 10
2
73 74
4219 4221 10
10
76 13 10 57 58 80 82 21 22 74
4224 4226 10
6
68 103 55 56 11 12
4227 4229 10
7
75 23 20 83 81 59 56
4232 4234 10
6
73 23 3 4 16 62
4237 4239 10
6
68 103 55 56 11 12
4237 4239 10
5
80 82 21 22 72
4239 4241 10
6
73 23 3 4 16 62
4244 4246 10
5
80 82 21 22 72
4246 4248 10
6
73 23 3 4 16 62
4249 4251 10
5
80 82 21 22 72
4250 4252 10
6
73 23 20 83 81 47
4250 4252 10
5
76 13 10 57 54
4251 4253 10
8
76 13 10 57 58 80 82 21
4254 4256 10
6
45 46 59 56 11 12
4254 4256 10
6
45 46 59 56 11 12
4269 4271 10
6
36 80 82 21 22 74
4271 4273 10
2
73 74
4284 4286 10
2
73 74
4285 4287 10
4
102 101 45 46
4287 4289 10
5
16 62 68 103 55
4290 4292 10
6
4 14 99 83 35 36
4292 4294 10
4
58 80 82 98
4292 4294 10
6
73 23 20 83 81 47
4294 4296 10
2
73 74
4295 4297 10
5
16 62 68 103 55
4295 4297 10
6
73 23 3 4 16 62
4298 4300 10
6
68 103 55 56 11 12
4302 4304 10
4
68 103 55 56
4302 4304 10
2
73 74
4304 4306 10
4
58 80 82 98
4304 4306 10
5
81 47 44 9 6
4309 4311 10
5
16 62 68 103 55
4310 4312 10
6
4 14 99 83 35 36
4311 4313 10
4
68 103 55 56
4318 4320 10
5
16 62 68 103 55
4326 4328 10
6
68 103 55 56 11 12
4327 4329 10
5
4 16 62 68 103
4330 4332 10
5
76 13 10 57 54
4334 4336 10
4
68 103 55 56
4335 4337 10
5
4 16 62 68 103
4335 4337 10
2
102 69
4336 4338 10
9
8 45 46 80 82 21 22 74 97
4337 4339 10
6
76 13 10 57 58 47
4337 4339 10
6
73 23 3 4 16 62
4341 4343 10
5
57 58 80 82 21
4345 4347 10
6
36 47 44 9 6 55
4346 4348 10
10
76 13 10 57 58 80 82 21 22 74
4352 4354 10
6
68 103 55 56 11 12
4352 4354 10
6
4 14 99 83 35 36
4352 4354 10
6
73 23 3 4 16 62
4353 4355 10
5
76 13 10 57 54
4355 4357 10
8
76 13 10 57 58 80 82 21
4363 4365 10
5
76 13 10 57 54
4365 4367 10
8
102 69 63 17 5 2 22 74
4365 4367 10
5
81 47 44 9 6
4368 4370 10
8
75 23 20 83 81 59 56 11
4369 4371 10
5
57 58 80 82 21
4372 4374 10
5
16 62 68 103 55
4375 4377 10
5
16 62 68 103 55
4376 4378 10
6
45 46 59 56 11 12
4378 4380 10
6
73 23 3 4 16 62
4380 4382 10
2
68 101
4380 4382 10
6
4 14 99 83 35 36
4382 4384 10
6
4 14 99 83 35 36
4383 4385 10
10
76 13 10 57 58 80 82 21 22 74
4383 4385 10
6
73 23 3 4 16 62
4386 4388 10
4
58 80 82 98
4386 4388 10
6
73 23 3 4 16 62
4387 4389 10
5
4 16 62 68 103
4387 4389 10
5
81 47 44 9 6
4389 4391 10
2
102 101
4395 4397 10
8
75 23 20 83 81 59 56 11
4396 4398 10
4
58 80 82 98
4399 4401 10
5
16 62 68 103 55
4399 4401 10
2
73 74
4400 4402 10
2
73 74
4400 4402 10
5
76 13 10 57 54
4405 4407 10
8
75 23 3 4 16 62 68 103
4407 4409 10
1
55
4407 4409 10
5
80 82 21 22 72
4407 4409 10
5
76 13 10 57 54
4417 4419 10
5
80 82 21 22 72
4420 4422 10
2
102 69
4421 4423 10
5
4 16 62 68 103
4428 4430 10
4
57 54 102 69
4429 4431 10
8
75 23 20 83 81 59 56 11
4429 4431 10
4
102 101 45 46
4429 4431 10
5
16 62 68 103 55
4431 4433 10
5
76 13 10 57 54
4432 4434 10
7
75 23 20 83 81 59 56
4432 4434 10
6
36 80 82 21 22 74
4437 4439 10
8
75 23 20 83 81 59 56 11
4439 4441 10
7
75 23 20 83 81 59 56
4439 4441 10
5
80 82 98 65 62
4440 4442 10
5
16 62 68 103 55
4442 4444 10
2
73 74
4442 4444 10
5
76 13 10 57 54
4444 4446 10
5
76 13 10 57 54
4450 4452 10
6
58 80 82 21 22 74
4450 4452 10
8
101 45 46 80 82 98 15 16
4452 4454 10
5
16 62 68 103 55
4458 4460 10
6
73 23 3 4 16 62
4462 4464 10
6
45 46 59 56 11 12
4464 4466 10
6
68 103 55 56 11 12
4471 4473 10
6
73 23 20 83 81 47
4479 4481 10
5
16 62 68 103 55
4480 4482 10
5
81 47 44 9 6
4483 4485 10
5
80 82 21 22 72
4484 4486 10
4
68 103 55 56
4488 4490 10
2
73 74
4489 4491 10
2
102 101
4490 4492 10
6
45 46 59 56 11 12
4492 4494 10
6
4 14 99 83 35 36
4497 4499 10
8
75 23 20 83 81 59 56 11
4497 4499 10
5
76 13 10 57 54
4498 4500 10
5
76 13 10 57 54
4502 4504 10
6
76 13 10 57 58 47
4503 4505 10
8
75 23 20 83 81 59 56 11
4503 4505 10
2
73 74
4507 4509 10
6
73 23 20 83 81 47
4513 4515 10
4
58 80 82 98
4513 4515 10
5
16 62 68 103 55
4515 4517 10
5
16 62 68 103 55
4515 4517 10
6
73 23 3 4 16 62
4516 4518 10
5
16 62 68 103 55
4526 4528 10
8
76 13 10 57 58 80 82 21
4529 4531 10
6
4 14 99 83 35 36
4529 4531 10
5
16 62 68 103 55
4531 4533 10
5
16 62 68 103 55
4532 4534 10
4
102 101 45 46
4535 4537 10
8
75 23 3 4 16 62 68 103
4545 4547 10
5
80 82 21 22 72
4550 4552 10
5
76 13 10 57 54
4551 4553 10
4
58 80 82 98
4553 4555 10
6
73 23 3 4 16 62
4554 4556 10
8
73 23 3 4 16 62 68 103
4559 4561 10
2
73 74
4559 4561 10
5
76 13 10 57 54
4562 4564 10
5
16 62 68 103 55
4564 4566 10
5
4 16 62 68 103
4565 4567 10
5
16 62 68 103 55
4566 4568 10
5
80 82 21 22 72
4568 4570 10
1
55
4568 4570 10
4
57 54 102 69
4572 4574 10
6
4 14 99 83 35 36
4572 4574 10
6
45 46 59 56 11 12
4572 4574 10
6
76 13 10 57 58 47
4577 4579 10
6
76 13 10 57 58 47
4579 4581 10
8
75 23 3 4 16 62 68 103
4581 4583 10
6
45 46 59 56 11 12
4582 4584 10
4
102 101 45 46
4582 4584 10
2
102 69
4584 4586 10
5
57 58 80 82 21
4584 4586 10
5
16 62 68 103 55
4585 4587 10
2
68 101
4587 4589 10
9
8 45 46 80 82 21 22 74 97
4593 4595 10
6
45 46 59 56 11 12
4595 4597 10
6
76 13 10 57 58 47
4596 4598 10
8
76 13 10 57 58 80 82 21
4596 4598 10
5
80 82 21 22 72
4598 4600 10
6
73 23 20 83 81 47
4602 4604 10
8
4 14 99 83 81 59 56 11
4604 4606 10
6
58 80 82 21 22 74
4604 4606 10
4
57 54 102 69
4609 4611 10
6
73 23 3 4 16 62
4610 4612 10
2
73 74
4610 4612 10
6
73 23 20 83 81 47
4615 4617 10
6
68 103 55 56 11 12
4616 4618 10
2
73 74
4619 4621 10
6
68 103 55 56 11 12
4622 4624 10
4
58 80 82 98
4624 4626 10
5
4 16 62 68 103
4624 4626 10
6
45 46 59 56 11 12
4628 4630 10
5
80 82 21 22 72
4635 4637 10
5
16 62 68 103 55
4637 4639 10
4
102 101 45 46
4637 4639 10
6
73 23 3 4 16 62
4639 4641 10
6
58 80 82 21 22 74
4640 4642 10
8
75 23 20 83 81 59 56 11
4640 4642 10
6
45 46 59 56 11 12
4642 4644 10
6
68 103 55 56 11 12
4642 4644 10
6
45 46 59 56 11 12
4647 4649 10
5
16 62 68 103 55
4649 4651 10
6
73 23 3 4 16 62
4651 4653 10
5
57 58 80 82 21
4651 4653 10
4
58 80 82 98
4656 4658 10
6
73 23 20 83 81 47
4658 4660 10
6
4 14 99 83 35 36
4659 4661 10
5
57 58 80 82 21
4659 4661 10
8
75 23 20 83 81 59 56 11
4660 4662 10
5
80 82 21 22 72
4660 4662 10
2
73 74
4663 4665 10
2
73 74
4665 4667 10
6
58 80 82 21 22 74
4666 4668 10
2
73 74
4669 4671 10
6
76 13 10 57 58 47
4679 4681 10
6
45 46 59 56 11 12
4687 4689 10
8
4 14 99 83 81 59 56 11
4694 4696 10
10
76 13 10 57 58 80 82 21 22 74
4699 4701 10
6
58 80 82 21 22 74
4700 4702 10
6
73 23 3 4 16 62
4707 4709 10
1
55
4707 4709 10
5
76 13 10 57 54
4707 4709 10
5
76 13 10 57 54
4709 4711 10
5
81 47 44 9 6
4709 4711 10
5
81 47 44 9 6
4711 4713 10
2
73 74
4713 4715 10
6
73 23 3 4 16 62
4721 4723 10
5
16 62 68 103 55
4728 4730 10
6
58 80 82 21 22 74
4729 4731 10
6
58 80 82 21 22 74
4731 4733 10
5
16 62 68 103 55
4738 4740 10
8
73 23 3 4 16 62 68 103
4738 4740 10
6
73 23 20 83 81 47
4741 4743 10
5
76 13 10 57 54
4743 4745 10
4
57 54 102 69
4744 4746 10
4
57 54 102 69
4745 4747 10
4
68 103 55 56
4746 4748 10
6
45 46 59 56 11 12
4750 4752 10
6
58 80 82 21 22 74
4754 4756 10
6
45 46 59 56 11 12
4757 4759 10
8
75 23 20 83 81 59 56 11
4757 4759 10
5
16 62 68 103 55
4758 4760 10
5
80 82 21 22 72
4759 4761 10
5
80 82 98 65 62
4766 4768 10
5
76 13 10 57 54
4768 4770 10
2
73 74
4773 4775 10
6
45 46 59 56 11 12
4774 4776 10
6
68 103 55 56 11 12
4778 4780 10
5
80 82 21 22 72
4793 4795 10
6
4 14 99 83 35 36
4793 4795 10
2
73 74
4794 4796 10
5
57 58 80 82 21
4796 4798 10
8
76 13 10 57 58 80 82 21
4796 4798 10
6
45 46 59 56 11 12
4799 4801 10
5
76 13 10 57 54
4800 4802 10
8
14 99 83 81 59 56 11 12
4802 4804 10
5
75 23 20 83 35
4805 4807 10
5
36 59 56 11 12
4813 4815 10
9
12 76 13 10 57 58 80 82 98
4816 4818 10
10
76 13 10 57 58 80 82 21 22 72
4816 4818 10
10
76 13 10 57 58 80 82 21 22 74
4818 4820 10
5
75 23 20 83 35
4818 4820 10
5
76 13 10 57 54
4821 4823 10
6
58 80 82 98 65 62
4823 4825 10
10
76 13 10 57 58 80 82 21 22 74
4827 4829 10
6
36 47 44 9 6 55
4828 4830 10
6
4 16 62 68 103 55
4830 4832 10
10
76 13 10 57 58 80 82 21 22 74
4831 4833 10
8
75 23 3 4 16 62 68 103
4833 4835 10
5
75 23 20 83 35
4837 4839 10
7
99 83 81 59 56 11 12
4842 4844 10
4
82 98 15 16
4843 4845 10
6
36 80 82 98 15 16
4846 4848 10
10
76 13 10 57 58 80 82 21 22 72
4846 4848 10
3
68 101 45
4855 4857 10
7
57 58 80 82 21 22 74
4855 4857 10
10
76 13 10 57 58 80 82 21 22 74
4856 4858 10
6
58 80 82 21 22 72
4862 4864 10
8
102 69 63 17 5 2 22 74
4864 4866 10
10
76 13 10 57 58 80 82 21 22 72
4864 4866 10
5
36 59 56 11 12
4870 4872 10
6
83 81 47 44 9 6
4871 4873 10
8
14 99 83 81 59 56 11 12
4883 4885 10
10
76 13 10 57 58 80 82 21 22 74
4892 4894 10
4
68 103 55 56
4896 4898 10
6
58 80 82 21 22 72
4899 4901 10
9
73 23 3 4 16 62 68 103 55
4899 4901 10
6
58 80 82 21 22 72
4905 4907 10
7
57 58 80 82 21 22 72
4905 4907 10
5
76 13 10 57 54
4906 4908 10
7
99 83 81 59 56 11 12
4909 4911 10
4
68 103 55 56
4910 4912 10
5
36 59 56 11 12
4912 4914 10
5
76 13 10 57 54
4914 4916 10
9
73 23 3 4 16 62 68 103 55
4919 4921 10
5
68 101 45 46 59
4925 4927 10
5
36 59 56 11 12
4927 4929 10
4
45 46 59 56
4928 4930 10
9
12 76 13 10 57 58 80 82 98
4937 4939 10
4
68 103 55 56
4939 4941 10
6
83 81 47 44 9 6
4940 4942 10
7
99 83 81 59 56 11 12
4944 4946 10
6
83 81 47 44 9 6
4951 4953 10
5
102 101 45 46 37
4953 4955 10
10
76 13 10 57 58 80 82 21 22 74
4956 4958 10
10
76 13 10 57 58 80 82 21 22 72
4956 4958 10
7
76 13 10 57 54 102 69
4959 4961 10
5
36 59 56 11 12
4964 4966 10
8
75 23 3 4 16 62 68 103
4965 4967 10
8
73 23 3 4 16 62 68 103
4966 4968 10
8
102 69 63 17 5 2 22 74
4967 4969 10
6
58 80 82 98 65 62
4970 4972 10
8
14 99 83 81 59 56 11 12
4972 4974 10
8
73 23 3 4 16 62 68 103
4973 4975 10
8
14 99 83 81 59 56 11 12
4974 4976 10
5
36 59 56 11 12
4976 4978 10
10
76 13 10 57 58 80 82 21 22 74
4976 4978 10
9
12 76 13 10 57 58 80 82 98
4979 4981 10
6
73 23 3 4 16 62
4982 4984 10
10
76 13 10 57 58 80 82 21 22 74
4982 4984 10
5
76 13 10 57 54
5001 5003 10
8
75 23 3 4 16 62 68 103
5004 5006 10
10
76 13 10 57 58 80 82 21 22 74
5011 5013 10
10
76 13 10 57 58 80 82 21 22 74
5011 5013 10
5
75 23 20 83 35
5020 5022 10
10
76 13 10 57 58 80 82 21 22 74
5026 5028 10
10
76 13 10 57 58 80 82 21 22 74
5028 5030 10
10
76 13 10 57 58 80 82 21 22 74
5030 5032 10
10
76 13 10 57 58 80 82 21 22 74
5034 5036 10
6
58 80 82 21 22 74
5037 5039 10
6
83 81 47 44 9 6
5051 5053 10
8
75 23 3 4 16 62 68 103
5051 5053 10
9
73 23 3 4 16 62 68 103 55
5051 5053 10
10
76 13 10 57 58 80 82 21 22 74
5055 5057 10
8
75 23 3 4 16 62 68 103
5058 5060 10
10
76 13 10 57 58 80 82 21 22 74
5059 5061 10
10
76 13 10 57 58 80 82 21 22 74
5060 5062 10
5
76 13 10 57 54
5063 5065 10
7
102 69 63 17 5 2 22
5063 5065 10
8
75 23 3 4 16 62 68 103
5063 5065 10
6
68 103 55 56 11 12
5071 5073 10
6
58 80 82 21 22 72
5073 5075 10
3
68 101 45
5075 5077 10
6
36 80 82 98 65 62
5077 5079 10
5
36 59 56 11 12
5082 5084 10
5
36 59 56 11 12
5083 5085 10
10
76 13 10 57 58 80 82 21 22 74
5085 5087 10
6
45 46 59 56 11 12
5086 5088 10
9
73 23 3 4 16 62 68 103 55
5087 5089 10
7
99 83 81 59 56 11 12
5093 5095 10
6
83 81 47 44 9 6
5094 5096 10
5
102 101 45 46 37
5097 5099 10
8
75 23 3 4 16 62 68 103
5097 5099 10
5
76 13 10 57 54
5097 5099 10
9
12 76 13 10 57 58 80 82 98
5102 5104 10
6
36 47 44 9 6 55
5103 5105 10
5
102 101 45 46 37
5109 5111 10
6
58 80 82 21 22 74
5109 5111 10
5
36 59 56 11 12
5119 5121 10
6
83 81 47 44 9 6
5121 5123 10
6
68 103 55 56 11 12
5123 5125 10
7
102 69 63 17 5 2 22
5123 5125 10
7
76 13 10 57 54 102 69
5125 5127 10
10
76 13 10 57 58 80 82 21 22 74
5126 5128 10
10
76 13 10 57 58 80 82 21 22 74
5136 5138 10
5
68 101 45 46 59
5140 5142 10
6
58 80 82 21 22 74
5142 5144 10
7
99 83 81 59 56 11 12
5142 5144 10
4
82 98 15 16
5143 5145 10
4
45 46 59 56
5144 5146 10
6
68 103 55 56 11 12
5144 5146 10
5
76 13 10 57 54
5147 5149 10
9
73 23 3 4 16 62 68 103 55
5155 5157 10
5
75 23 20 83 35
5156 5158 10
10
76 13 10 57 58 80 82 21 22 72
5166 5168 10
3
68 103 7
5171 5173 10
4
102 101 45 46
5174 5176 10
8
75 23 3 4 16 62 68 103
5177 5179 10
3
68 103 7
5178 5180 10
5
75 23 20 83 35
5180 5182 10
10
76 13 10 57 58 80 82 21 22 74
5181 5183 10
8
75 23 3 4 16 62 68 103
5186 5188 10
7
99 83 81 59 56 11 12
5187 5189 10
5
36 59 56 11 12
5197 5199 10
7
99 83 81 59 56 11 12
5203 5205 10
3
68 103 7
5208 5210 10
6
45 46 59 56 11 12
5209 5211 10
4
45 46 59 56
5211 5213 10
7
102 69 63 17 5 2 22
5212 5214 10
7
58 80 82 21 22 74 97
5212 5214 10
7
99 83 81 59 56 11 12
5214 5216 10
5
68 101 45 46 59
5224 5226 10
5
76 13 10 57 54
5224 5226 10
9
12 76 13 10 57 58 80 82 98
5227 5229 10
3
68 103 7
5228 5230 10
6
58 80 82 21 22 72
5229 5231 10
7
76 13 10 57 54 102 69
5233 5235 10
5
76 13 10 57 54
5235 5237 10
4
45 46 59 56
5242 5244 10
7
102 69 63 17 5 2 22
5243 5245 10
7
99 83 81 59 56 11 12
5243 5245 10
5
75 23 20 83 35
5249 5251 10
5
102 101 45 46 37
5253 5255 10
6
58 80 82 21 22 74
5261 5263 10
9
73 23 3 4 16 62 68 103 55
5264 5266 10
5
36 59 56 11 12
5273 5275 10
7
57 58 80 82 21 22 72
5276 5278 10
6
68 103 55 56 11 12
5281 5283 10
7
99 83 81 59 56 11 12
5283 5285 10
7
76 13 10 57 54 102 69
5288 5290 10
8
102 69 63 17 5 2 22 74
5293 5295 10
10
76 13 10 57 58 80 82 21 22 72
5296 5298 10
7
76 13 10 57 54 102 69
5297 5299 10
6
58 80 82 98 65 62
5298 5300 10
6
68 103 55 56 11 12
5304 5306 10
8
75 23 3 4 16 62 68 103
5307 5309 10
6
68 103 55 56 11 12
5309 5311 10
9
73 23 3 4 16 62 68 103 55
5309 5311 10
4
68 103 55 56
5310 5312 10
5
68 101 45 46 59
5312 5314 10
7
57 58 80 82 21 22 74
5317 5319 10
5
76 13 10 57 54
5319 5321 10
9
73 23 3 4 16 62 68 103 55
5319 5321 10
3
68 101 45
5319 5321 10
9
12 76 13 10 57 58 80 82 98
5325 5327 10
5
75 23 20 83 35
5326 5328 10
7
99 83 81 59 56 11 12
5328 5330 10
7
76 13 10 57 54 102 69
5330 5332 10
7
99 83 81 59 56 11 12
5330 5332 10
10
76 13 10 57 58 80 82 21 22 74
5331 5333 10
9
73 23 3 4 16 62 68 103 55
5337 5339 10
10
76 13 10 57 58 80 82 21 22 74
5343 5345 10
7
99 83 81 59 56 11 12
5348 5350 10
5
75 23 20 83 35
5348 5350 10
5
76 13 10 57 54
5348 5350 10
6
83 81 47 44 9 6
5349 5351 10
8
75 23 3 4 16 62 68 103
5351 5353 10
7
102 69 63 17 5 2 22
5351 5353 10
10
76 13 10 57 58 80 82 21 22 72
5352 5354 10
5
36 59 56 11 12
5361 5363 10
5
36 59 56 11 12
5363 5365 10
6
58 80 82 21 22 74
5364 5366 10
6
58 80 82 98 65 62
5365 5367 10
10
76 13 10 57 58 80 82 21 22 74
5366 5368 10
8
14 99 83 81 59 56 11 12
5375 5377 10
9
73 23 3 4 16 62 68 103 55
5376 5378 10
8
75 23 3 4 16 62 68 103
5387 5389 10
10
76 13 10 57 58 80 82 21 22 72
5388 5390 10
8
102 69 63 17 5 2 22 74
5389 5391 10
5
76 13 10 57 54
5392 5394 10
6
36 47 44 9 6 55
5398 5400 10
6
58 80 82 21 22 74
5402 5404 10
10
76 13 10 57 58 80 82 21 22 74
5406 5408 10
6
45 46 59 56 11 12
5407 5409 10
10
76 13 10 57 58 80 82 21 22 72
5408 5410 10
3
68 101 45
5408 5410 10
6
58 80 82 21 22 72
5410 5412 10
7
99 83 81 59 56 11 12
5413 5415 10
6
36 80 82 98 15 16
5416 5418 10
8
75 23 3 4 16 62 68 103
5417 5419 10
6
45 46 59 56 11 12
5417 5419 10
7
99 83 81 59 56 11 12
5419 5421 10
6
83 81 47 44 9 6
5431 5433 10
8
14 99 83 81 59 56 11 12
5431 5433 10
8
75 23 3 4 16 62 68 103
5435 5437 10
7
76 13 10 57 54 102 69
5435 5437 10
5
36 59 56 11 12
5440 5442 10
9
73 23 3 4 16 62 68 103 55
5441 5443 10
10
76 13 10 57 58 80 82 21 22 72
5441 5443 10
10
76 13 10 57 58 80 82 21 22 74
5441 5443 10
5
102 101 45 46 37
5442 5444 10
7
102 69 63 17 5 2 22
5446 5448 10
8
73 23 3 4 16 62 68 103
5447 5449 10
5
36 59 56 11 12
5449 5451 10
10
76 13 10 57 58 80 82 21 22 72
5453 5455 10
3
68 103 7
5453 5455 10
6
83 81 47 44 9 6
5462 5464 10
8
14 99 83 81 59 56 11 12
5462 5464 10
9
12 76 13 10 57 58 80 82 98
5463 5465 10
8
75 23 3 4 16 62 68 103
5471 5473 10
8
14 99 83 81 59 56 11 12
5476 5478 10
9
12 76 13 10 57 58 80 82 98
5477 5479 10
5
36 59 56 11 12
5479 5481 10
6
45 46 59 56 11 12
5479 5481 10
5
36 59 56 11 12
5479 5481 10
9
12 76 13 10 57 58 80 82 98
5480 5482 10
9
12 76 13 10 57 58 80 82 98
5494 5496 10
5
36 59 56 11 12
5495 5497 10
6
45 46 59 56 11 12
5499 5501 10
7
99 83 81 59 56 11 12
5507 5509 10
1
68
5509 5511 10
10
76 13 10 57 58 80 82 21 22 74
5513 5515 10
7
102 69 63 17 5 2 22
5513 5515 10
7
102 69 63 17 5 2 22
5514 5516 10
7
99 83 81 59 56 11 12
5519 5521 10
6
36 47 44 9 6 55
5521 5523 10
6
83 81 47 44 9 6
5526 5528 10
6
73 23 3 4 16 62
5528 5530 10
10
76 13 10 57 58 80 82 21 22 74
5531 5533 10
5
68 101 45 46 59
5533 5535 10
3
68 101 45
5538 5540 10
5
75 23 20 83 35
5541 5543 10
8
75 23 3 4 16 62 68 103
5543 5545 10
7
76 13 10 57 54 102 69
5551 5553 10
3
68 101 45
5563 5565 10
9
12 76 13 10 57 58 80 82 98
5566 5568 10
9
73 23 3 4 16 62 68 103 55
5579 5581 10
7
99 83 81 59 56 11 12
5580 5582 10
4
45 46 59 56
5585 5587 10
7
57 58 80 82 21 22 72
5585 5587 10
5
102 101 45 46 37
5586 5588 10
3
68 103 7
5586 5588 10
6
83 81 47 44 9 6
5588 5590 10
4
45 46 59 56
5588 5590 10
10
76 13 10 57 58 80 82 21 22 74
5594 5596 10
4
45 46 59 56
5595 5597 10
9
73 23 3 4 16 62 68 103 55
5604 5606 10
7
76 13 10 57 54 102 69
5610 5612 10
6
58 80 82 98 65 62
5610 5612 10
7
99 83 81 59 56 11 12
5611 5613 10
7
76 13 10 57 54 102 69
5612 5614 10
6
45 46 59 56 11 12
5617 5619 10
6
58 80 82 21 22 72
5618 5620 10
5
102 101 45 46 37
5621 5623 10
7
99 83 81 59 56 11 12
5623 5625 10
6
83 81 47 44 9 6
5625 5627 10
5
76 13 10 57 54
5625 5627 10
5
102 101 45 46 37
5627 5629 10
8
75 23 3 4 16 62 68 103
5628 5630 10
10
76 13 10 57 58 80 82 21 22 74
5628 5630 10
5
76 13 10 57 54
5632 5634 10
5
76 13 10 57 54
5634 5636 10
5
36 59 56 11 12
5635 5637 10
10
76 13 10 57 58 80 82 21 22 74
5637 5639 10
8
75 23 3 4 16 62 68 103
5643 5645 10
4
45 46 59 56
5644 5646 10
6
58 80 82 98 65 62
5644 5646 10
6
58 80 82 21 22 72
5647 5649 10
8
75 23 3 4 16 62 68 103
5649 5651 10
8
75 23 3 4 16 62 68 103
5654 5656 10
6
68 103 55 56 11 12
5657 5659 10
9
73 23 3 4 16 62 68 103 55
5658 5660 10
5
36 59 56 11 12
5658 5660 10
10
76 13 10 57 58 80 82 21 22 74
5662 5664 10
10
76 13 10 57 58 80 82 21 22 74
5667 5669 10
9
73 23 3 4 16 62 68 103 55
5671 5673 10
10
76 13 10 57 58 80 82 21 22 74
5672 5674 10
5
102 101 45 46 37
5683 5685 10
8
75 23 3 4 16 62 68 103
5683 5685 10
7
99 83 81 59 56 11 12
5687 5689 10
7
99 83 81 59 56 11 12
5693 5695 10
5
36 59 56 11 12
5694 5696 10
10
76 13 10 57 58 80 82 21 22 72
5696 5698 10
8
75 23 3 4 16 62 68 103
5698 5700 10
5
102 101 45 46 37
5701 5703 10
6
45 46 59 56 11 12
5712 5714 10
5
76 13 10 57 54
5713 5715 10
4
68 103 55 56
5717 5719 10
10
76 13 10 57 58 80 82 21 22 74
5719 5721 10
10
76 13 10 57 58 80 82 21 22 74
5719 5721 10
9
73 23 3 4 16 62 68 103 55
5722 5724 10
6
58 80 82 98 65 62
5722 5724 10
4
68 103 55 56
5723 5725 10
9
12 76 13 10 57 58 80 82 98
5734 5736 10
7
99 83 81 59 56 11 12
5739 5741 10
7
99 83 81 59 56 11 12
5739 5741 10
10
76 13 10 57 58 80 82 21 22 74
5743 5745 10
6
36 80 82 98 15 16
5748 5750 10
8
75 23 3 4 16 62 68 103
5753 5755 10
7
102 69 63 17 5 2 22
5761 5763 10
5
76 13 10 57 54
5763 5765 10
8
73 23 3 4 16 62 68 103
5764 5766 10
8
75 23 3 4 16 62 68 103
5769 5771 10
6
45 46 59 56 11 12
5773 5775 10
6
45 46 59 56 11 12
5774 5776 10
7
99 83 81 59 56 11 12
5776 5778 10
6
83 81 47 44 9 6
5777 5779 10
7
57 58 80 82 21 22 72
5781 5783 10
3
68 101 45
5783 5785 10
5
102 101 45 46 37
5785 5787 10
5
36 59 56 11 12
5785 5787 10
10
76 13 10 57 58 80 82 21 22 74
5787 5789 10
10
76 13 10 57 58 80 82 21 22 74
5793 5795 10
9
12 76 13 10 57 58 80 82 98
5795 5797 10
5
36 59 56 11 12
5802 5804 10
9
73 23 3 4 16 62 68 103 55
5810 5812 10
10
76 13 10 57 58 80 82 21 22 74
5816 5818 10
5
36 59 56 11 12
5823 5825 10
8
75 23 3 4 16 62 68 103
5823 5825 10
7
76 13 10 57 54 102 69
5827 5829 10
3
68 101 45
5827 5829 10
7
99 83 81 59 56 11 12
5829 5831 10
8
75 23 3 4 16 62 68 103
5829 5831 10
5
36 59 56 11 12
5835 5837 10
4
45 46 59 56
5835 5837 10
5
36 59 56 11 12
5836 5838 10
7
99 83 81 59 56 11 12
5842 5844 10
10
76 13 10 57 58 80 82 21 22 74
5843 5845 10
6
36 47 44 9 6 55
5843 5845 10
7
99 83 81 59 56 11 12
5847 5849 10
4
68 103 55 56
5847 5849 10
5
102 101 45 46 37
5849 5851 10
10
76 13 10 57 58 80 82 21 22 74
5850 5852 10
10
76 13 10 57 58 80 82 21 22 74
5853 5855 10
7
99 83 81 59 56 11 12
5858 5860 10
9
73 23 3 4 16 62 68 103 55
5859 5861 10
7
99 83 81 59 56 11 12
5862 5864 10
5
102 101 45 46 37
5866 5868 10
7
57 58 80 82 21 22 72
5873 5875 10
5
68 101 45 46 59
5873 5875 10
6
36 80 82 98 15 16
5873 5875 10
6
83 81 47 44 9 6
5876 5878 10
8
75 23 3 4 16 62 68 103
5877 5879 10
10
76 13 10 57 58 80 82 21 22 74
5878 5880 10
7
99 83 81 59 56 11 12
5878 5880 10
8
73 23 3 4 16 62 68 103
5879 5881 10
8
75 23 3 4 16 62 68 103
5888 5890 10
7
99 83 81 59 56 11 12
5889 5891 10
8
75 23 3 4 16 62 68 103
5891 5893 10
9
73 23 3 4 16 62 68 103 55
5891 5893 10
10
76 13 10 57 58 80 82 21 22 74
5892 5894 10
4
45 46 59 56
5897 5899 10
10
76 13 10 57 58 80 82 21 22 74
5897 5899 10
8
73 23 3 4 16 62 68 103
5910 5912 10
5
76 13 10 57 54
5910 5912 10
5
102 101 45 46 37
5914 5916 10
7
57 58 80 82 21 22 74
5918 5920 10
5
76 13 10 57 54
5920 5922 10
7
102 69 63 17 5 2 22
5921 5923 10
10
76 13 10 57 58 80 82 21 22 72
5929 5931 10
8
75 23 3 4 16 62 68 103
5929 5931 10
5
102 101 45 46 37
5935 5937 10
10
76 13 10 57 58 80 82 21 22 74
5944 5946 10
10
76 13 10 57 58 80 82 21 22 74
5946 5948 10
6
68 103 55 56 11 12
5947 5949 10
6
58 80 82 21 22 72
5948 5950 10
5
76 13 10 57 54
5949 5951 10
8
14 99 83 81 59 56 11 12
5956 5958 10
7
99 83 81 59 56 11 12
5957 5959 10
6
83 81 47 44 9 6
5957 5959 10
6
83 81 47 44 9 6
5980 5982 10
5
76 13 10 57 54
5984 5986 10
9
12 76 13 10 57 58 80 82 98
5985 5987 10
7
99 83 81 59 56 11 12
5990 5992 10
6
68 103 55 56 11 12
5992 5994 10
9
73 23 3 4 16 62 68 103 55
5997 5999 10
10
76 13 10 57 58 80 82 21 22 74
6006 6008 10
8
73 23 3 4 16 62 68 103
6008 6010 10
8
73 23 3 4 16 62 68 103
6014 6016 10
3
68 101 45
6015 6017 10
4
55 56 11 12
6021 6023 10
5
46 59 56 11 12
6026 6028 10
5
46 59 56 11 12
6035 6037 10
6
73 23 3 4 16 62
6035 6037 10
8
73 23 3 4 16 62 68 103
6036 6038 10
6
58 80 82 21 22 74
6041 6043 10
6
73 23 3 4 16 62
6042 6044 10
9
75 23 3 4 16 62 68 103 55
6045 6047 10
5
46 59 56 11 12
6053 6055 10
4
57 54 102 69
6055 6057 10
6
75 23 20 83 35 36
6059 6061 10
6
73 23 20 83 35 36
6061 6063 10
6
68 101 45 46 37 34
6066 6068 10
9
73 23 20 83 81 59 56 11 12
6070 6072 10
6
73 23 20 83 35 36
6071 6073 10
4
68 103 55 56
6072 6074 10
6
58 80 82 21 22 74
6078 6080 10
6
68 101 45 46 37 34
6084 6086 10
5
102 101 45 46 37
6084 6086 10
4
102 101 45 46
6084 6086 10
5
46 59 56 11 12
6087 6089 10
6
68 101 45 46 37 34
6088 6090 10
9
75 23 3 4 16 62 68 103 55
6089 6091 10
8
75 23 20 83 81 59 56 11
6104 6106 10
4
68 103 55 56
6106 6108 10
4
57 54 102 69
6111 6113 10
10
76 13 10 57 58 80 82 21 22 74
6120 6122 10
7
57 58 80 82 21 22 72
6120 6122 10
5
46 59 56 11 12
6134 6136 10
3
100 103 55
6139 6141 10
5
46 59 56 11 12
6140 6142 10
4
68 103 55 56
6142 6144 10
4
75 23 20 83
6153 6155 10
5
46 59 56 11 12
6154 6156 10
6
58 80 82 21 22 74
6157 6159 10
6
58 80 82 21 22 74
6160 6162 10
7
57 58 80 82 21 22 74
6164 6166 10
7
57 58 80 82 21 22 72
6165 6167 10
7
76 13 10 57 54 102 69
6167 6169 10
8
73 23 3 4 16 62 68 103
6173 6175 10
4
57 54 102 69
6174 6176 10
6
68 101 45 46 37 34
6176 6178 10
6
68 101 45 46 37 34
6179 6181 10
4
36 59 56 11
6180 6182 10
6
58 80 82 21 22 74
6181 6183 10
8
76 13 10 57 58 80 82 98
6181 6183 10
6
58 80 82 21 22 74
6182 6184 10
5
46 59 56 11 12
6183 6185 10
7
57 58 80 82 21 22 72
6186 6188 10
7
57 58 80 82 21 22 72
6186 6188 10
6
73 23 20 83 35 36
6187 6189 10
5
102 101 45 46 37
6187 6189 10
2
68 103
6194 6196 10
3
100 103 55
6194 6196 10
4
75 23 20 83
6194 6196 10
4
47 44 9 6
6195 6197 10
5
102 101 45 46 37
6195 6197 10
5
46 59 56 11 12
6196 6198 10
6
73 23 3 4 16 62
6199 6201 10
4
36 59 56 11
6201 6203 10
6
68 101 45 46 37 34
6204 6206 10
6
73 23 20 83 35 36
6205 6207 10
5
80 82 98 65 62
6206 6208 10
6
68 101 45 46 37 34
6216 6218 10
5
46 59 56 11 12
6219 6221 10
4
55 56 11 12
6233 6235 10
3
100 103 55
6234 6236 10
4
58 80 82 21
6235 6237 10
4
58 80 82 98
6237 6239 10
6
58 80 82 21 22 74
6239 6241 10
6
68 101 45 46 37 34
6249 6251 10
5
68 103 55 56 11
6249 6251 10
6
68 101 45 46 37 34
6254 6256 10
6
58 80 82 21 22 74
6257 6259 10
4
68 103 55 56
6258 6260 10
8
73 23 3 4 16 62 68 103
6260 6262 10
8
73 23 3 4 16 62 68 103
6262 6264 10
5
102 101 45 46 37
6264 6266 10
4
47 44 9 6
6266 6268 10
7
57 58 80 82 21 22 74
6266 6268 10
6
73 23 20 83 35 36
6278 6280 10
6
58 80 82 21 22 74
6279 6281 10
8
102 69 63 17 5 2 22 72
6280 6282 10
10
76 13 10 57 58 80 82 21 22 72
6283 6285 10
3
100 103 55
6285 6287 10
6
68 101 45 46 37 34
6289 6291 10
5
46 59 56 11 12
6292 6294 10
6
58 80 82 21 22 74
6293 6295 10
8
73 23 3 4 16 62 68 103
6293 6295 10
3
68 101 45
6293 6295 10
5
46 59 56 11 12
6294 6296 10
4
58 80 82 21
6294 6296 10
6
58 80 82 21 22 74
6294 6296 10
5
46 59 56 11 12
6295 6297 10
6
75 23 20 83 35 36
6295 6297 10
3
100 103 55
6295 6297 10
5
46 59 56 11 12
6296 6298 10
4
57 54 102 69
6297 6299 10
7
57 58 80 82 21 22 74
6297 6299 10
8
102 69 63 17 5 2 22 74
6298 6300 10
6
58 80 82 21 22 74
6299 6301 10
9
68 101 45 46 80 82 21 22 74
6304 6306 10
6
68 101 45 46 37 34
6311 6313 10
4
68 103 55 56
6316 6318 10
5
46 59 56 11 12
6317 6319 10
6
68 101 45 46 37 34
6318 6320 10
6
68 101 45 46 37 34
6323 6325 10
6
68 101 45 46 37 34
6325 6327 10
5
102 101 45 46 37
6327 6329 10
7
57 58 80 82 21 22 72
6327 6329 10
5
46 59 56 11 12
6328 6330 10
4
55 56 11 12
6329 6331 10
8
75 23 20 83 81 59 56 11
6332 6334 10
6
68 101 45 46 37 34
6334 6336 10
7
76 13 10 57 54 102 69
6337 6339 10
8
75 23 20 83 81 59 56 11
6343 6345 10
5
68 103 55 56 11
6354 6356 10
4
58 80 82 21
6355 6357 10
6
75 23 20 83 35 36
6357 6359 10
4
102 101 45 46
6358 6360 10
3
100 103 55
6363 6365 10
6
58 80 82 21 22 72
6363 6365 10
5
46 59 56 11 12
6367 6369 10
6
68 101 45 46 37 34
6371 6373 10
8
76 13 10 57 58 80 82 98
6372 6374 10
8
102 69 63 17 5 2 22 72
6376 6378 10
6
46 80 82 21 22 74
6385 6387 10
6
68 101 45 46 37 34
6386 6388 10
5
80 82 98 65 62
6392 6394 10
6
73 23 20 83 35 36
6392 6394 10
6
58 80 82 21 22 74
6393 6395 10
7
76 13 10 57 54 102 69
6398 6400 10
4
55 56 11 12
6399 6401 10
6
58 80 82 21 22 72
6399 6401 10
6
73 23 20 83 35 36
6403 6405 10
7
76 13 10 57 54 102 69
6404 6406 10
6
73 23 20 83 35 36
6405 6407 10
5
102 101 45 46 37
6405 6407 10
3
101 45 46
6406 6408 10
6
73 23 20 83 35 36
6407 6409 10
8
73 23 3 4 16 62 68 103
6410 6412 10
6
58 80 82 21 22 74
6410 6412 10
4
47 44 9 6
6412 6414 10
9
73 23 20 83 81 59 56 11 12
6413 6415 10
9
75 23 3 4 16 62 68 103 55
6416 6418 10
6
58 80 82 98 65 62
6418 6420 10
7
57 58 80 82 21 22 74
6419 6421 10
8
76 13 10 57 58 80 82 98
6421 6423 10
6
73 23 20 83 35 36
6424 6426 10
8
73 23 3 4 16 62 68 103
6430 6432 10
8
76 13 10 57 58 80 82 98
6430 6432 10
6
58 80 82 98 65 62
6432 6434 10
6
36 80 82 98 65 62
6433 6435 10
6
68 101 45 46 37 34
6434 6436 10
3
68 101 45
6434 6436 10
5
46 59 56 11 12
6435 6437 10
6
73 23 20 83 35 36
6436 6438 10
8
75 23 20 83 81 59 56 11
6436 6438 10
5
46 59 56 11 12
6440 6442 10
3
68 101 45
6446 6448 10
4
55 56 11 12
6447 6449 10
6
73 23 20 83 35 36
6450 6452 10
4
102 101 45 46
6451 6453 10
7
57 58 80 82 21 22 72
6451 6453 10
8
73 23 3 4 16 62 68 103
6462 6464 10
6
46 80 82 21 22 74
6463 6465 10
5
46 59 56 11 12
6467 6469 10
7
57 58 80 82 21 22 74
6471 6473 10
6
58 80 82 21 22 74
6473 6475 10
5
80 82 98 65 62
6477 6479 10
9
73 23 20 83 81 59 56 11 12
6481 6483 10
6
73 23 3 4 16 62
6484 6486 10
3
68 101 45
6485 6487 10
6
75 23 20 83 35 36
6485 6487 10
6
64 15 5 2 22 74
6486 6488 10
6
68 101 45 46 37 34
6487 6489 10
9
68 101 45 46 80 82 21 22 74
6491 6493 10
6
58 80 82 21 22 74
6492 6494 10
8
75 23 3 4 16 62 68 103
6492 6494 10
9
73 23 20 83 81 59 56 11 12
6495 6497 10
6
36 80 82 98 65 62
6495 6497 10
5
46 59 56 11 12
6498 6500 10
9
68 101 45 46 80 82 21 22 74
6498 6500 10
5
46 59 56 11 12
6503 6505 10
6
68 101 45 46 37 34
6507 6509 10
5
46 59 56 11 12
6510 6512 10
8
76 13 10 57 58 80 82 98
6512 6514 10
4
47 44 9 6
6513 6515 10
7
76 13 10 57 54 102 69
6520 6522 10
5
46 59 56 11 12
6522 6524 10
6
36 80 82 98 65 62
6525 6527 10
4
58 80 82 21
6526 6528 10
6
68 101 45 46 37 34
6526 6528 10
8
76 13 10 57 54 102 69 63
6528 6530 10
7
57 58 80 82 21 22 74
6528 6530 10
5
46 59 56 11 12
6532 6534 10
6
68 101 45 46 37 34
6535 6537 10
3
100 103 55
6536 6538 10
6
73 23 20 83 35 36
6536 6538 10
4
57 54 102 69
6542 6544 10
4
68 103 55 56
6542 6544 10
6
68 101 45 46 37 34
6545 6547 10
7
57 58 80 82 21 22 72
6546 6548 10
4
55 56 11 12
6552 6554 10
5
46 59 56 11 12
6552 6554 10
6
64 15 5 2 22 74
6554 6556 10
8
73 23 3 4 16 62 68 103
6555 6557 10
7
57 58 80 82 21 22 74
6557 6559 10
5
80 82 98 65 62
6559 6561 10
8
76 13 10 57 58 80 82 98
6563 6565 10
5
80 82 98 65 62
6565 6567 10
2
68 103
6568 6570 10
5
102 101 45 46 37
6571 6573 10
8
73 23 3 4 16 62 68 103
6572 6574 10
5
46 59 56 11 12
6579 6581 10
4
55 56 11 12
6579 6581 10
6
58 80 82 21 22 74
6584 6586 10
4
57 54 102 69
6585 6587 10
4
55 56 11 12
6589 6591 10
8
75 23 20 83 81 59 56 11
6589 6591 10
7
76 13 10 57 54 102 69
6589 6591 10
6
68 101 45 46 37 34
6593 6595 10
6
58 80 82 21 22 74
6601 6603 10
8
76 13 10 57 58 80 82 98
6604 6606 10
8
75 23 3 4 16 62 68 103
6604 6606 10
6
58 80 82 21 22 74
6605 6607 10
5
102 101 45 46 37
6607 6609 10
5
46 59 56 11 12
6609 6611 10
6
58 80 82 21 22 74
6610 6612 10
4
47 44 9 6
6612 6614 10
6
68 101 45 46 37 34
6621 6623 10
7
57 58 80 82 21 22 74
6625 6627 10
4
68 103 55 56
6627 6629 10
4
57 54 102 69
6632 6634 10
7
57 58 80 82 21 22 72
6639 6641 10
5
102 101 45 46 37
6643 6645 10
10
76 13 10 57 58 80 82 21 22 74
6645 6647 10
6
75 23 20 83 35 36
6645 6647 10
9
75 23 3 4 16 62 68 103 55
6648 6650 10
5
80 82 98 65 62
6652 6654 10
4
102 101 45 46
6654 6656 10
5
46 59 56 11 12
6655 6657 10
6
58 80 82 21 22 74
6658 6660 10
6
58 80 82 21 22 74
6659 6661 10
9
68 101 45 46 80 82 21 22 74
6669 6671 10
4
68 103 55 56
6671 6673 10
6
75 23 20 83 35 36
6673 6675 10
6
58 80 82 21 22 74
6677 6679 10
6
73 23 3 4 16 62
6679 6681 10
4
47 44 9 6
6681 6683 10
5
46 59 56 11 12
6685 6687 10
7
57 58 80 82 21 22 72
6691 6693 10
9
68 101 45 46 80 82 21 22 74
6705 6707 10
8
75 23 20 83 81 59 56 11
6705 6707 10
4
68 103 55 56
6707 6709 10
6
73 23 20 83 35 36
6710 6712 10
5
46 59 56 11 12
6716 6718 10
5
80 82 98 65 62
6716 6718 10
6
68 101 45 46 37 34
6718 6720 10
6
73 23 20 83 35 36
6719 6721 10
8
73 23 3 4 16 62 68 103
6722 6724 10
5
80 82 98 65 62
6724 6726 10
9
75 23 3 4 16 62 68 103 55
6733 6735 10
8
76 13 10 57 58 80 82 98
6736 6738 10
6
58 80 82 21 22 74
6750 6752 10
6
68 101 45 46 37 34
6753 6755 10
4
57 54 102 69
6754 6756 10
6
75 23 20 83 35 36
6758 6760 10
6
58 80 82 21 22 74
6758 6760 10
6
58 80 82 21 22 74
6761 6763 10
6
36 80 82 98 65 62
6767 6769 10
7
57 58 80 82 21 22 72
6769 6771 10
3
100 103 55
6770 6772 10
4
68 103 55 56
6770 6772 10
6
68 101 45 46 37 34
6774 6776 10
4
75 23 20 83
6775 6777 10
6
58 80 82 21 22 74
6780 6782 10
6
75 23 20 83 35 36
6786 6788 10
4
68 103 55 56
6788 6790 10
4
55 56 11 12
6789 6791 10
8
75 23 20 83 81 59 56 11
6789 6791 10
10
76 13 10 57 58 80 82 21 22 74
6791 6793 10
4
57 54 102 69
6795 6797 10
4
47 44 9 6
6798 6800 10
8
76 13 10 57 58 80 82 98
6798 6800 10
4
68 103 55 56
6799 6801 10
5
46 59 56 11 12
6801 6803 10
6
75 23 20 83 35 36
6801 6803 10
5
102 101 45 46 37
6801 6803 10
4
36 59 56 11
6803 6805 10
3
100 103 55
6803 6805 10
6
58 80 82 21 22 74
6808 6810 10
6
73 23 20 83 35 36
6808 6810 10
6
58 80 82 21 22 74
6823 6825 10
5
68 103 55 56 11
6832 6834 10
9
75 23 3 4 16 62 68 103 55
6832 6834 10
4
75 23 20 83
6833 6835 10
8
102 69 63 17 5 2 22 72
6835 6837 10
5
46 59 56 11 12
6838 6840 10
6
58 80 82 21 22 74
6849 6851 10
7
57 58 80 82 21 22 72
6851 6853 10
6
58 80 82 98 65 62
6856 6858 10
8
73 23 3 4 16 62 68 103
6859 6861 10
10
76 13 10 57 58 80 82 21 22 74
6859 6861 10
5
46 59 56 11 12
6861 6863 10
4
47 44 9 6
6865 6867 10
3
100 103 55
6867 6869 10
6
68 101 45 46 37 34
6868 6870 10
6
58 80 82 21 22 74
6868 6870 10
4
57 54 102 69
6879 6881 10
6
75 23 20 83 35 36
6879 6881 10
6
68 101 45 46 37 34
6880 6882 10
6
75 23 20 83 35 36
6883 6885 10
6
73 23 20 83 35 36
6897 6899 10
7
57 58 80 82 21 22 72
6902 6904 10
4
68 103 55 56
6902 6904 10
6
73 23 20 83 35 36
6902 6904 10
6
58 80 82 21 22 74
6904 6906 10
6
75 23 20 83 35 36
6904 6906 10
6
68 101 45 46 37 34
6906 6908 10
5
80 82 98 65 62
6908 6910 10
6
58 80 82 98 65 62
6911 6913 10
4
47 44 9 6
6915 6917 10
4
58 80 82 21
6916 6918 10
4
57 54 102 69
6921 6923 10
4
57 54 102 69
6924 6926 10
5
46 59 56 11 12
6927 6929 10
5
46 59 56 11 12
6929 6931 10
3
68 101 45
6930 6932 10
6
75 23 20 83 35 36
6932 6934 10
6
36 80 82 98 65 62
6935 6937 10
4
102 101 45 46
6938 6940 10
7
76 13 10 57 54 102 69
6943 6945 10
3
100 103 55
6953 6955 10
6
68 101 45 46 37 34
6955 6957 10
5
68 103 55 56 11
6958 6960 10
5
46 59 56 11 12
6958 6960 10
4
55 56 11 12
6959 6961 10
6
58 80 82 98 65 62
6962 6964 10
6
68 101 45 46 37 34
6965 6967 10
6
73 23 20 83 35 36
6966 6968 10
2
68 103
6977 6979 10
8
75 23 20 83 81 59 56 11
6982 6984 10
8
76 13 10 57 58 80 82 98
6982 6984 10
8
73 23 3 4 16 62 68 103
6983 6985 10
8
75 23 20 83 81 59 56 11
6986 6988 10
7
57 58 80 82 21 22 72
6990 6992 10
8
75 23 20 83 81 59 56 11
6993 6995 10
6
36 47 44 9 6 55
6993 6995 10
6
58 80 82 21 22 74
6996 6998 10
7
76 13 10 57 54 102 69
7002 7004 10
6
68 101 45 46 37 34
7003 7005 10
5
80 82 98 65 62
7007 7009 10
6
73 23 20 83 35 36
7012 7014 10
6
68 101 45 46 37 34
7015 7017 10
7
57 58 80 82 21 22 74
7016 7018 10
6
58 80 82 21 22 74
7017 7019 10
8
76 13 10 57 58 80 82 98
7017 7019 10
5
46 59 56 11 12
7027 7029 10
7
76 13 10 57 54 102 69
7030 7032 10
4
102 101 45 46
7036 7038 10
7
57 58 80 82 21 22 72
7037 7039 10
5
68 103 55 56 11
7040 7042 10
6
58 80 82 21 22 74
7045 7047 10
4
57 54 102 69
7048 7050 10
8
76 13 10 57 58 80 82 98
7048 7050 10
4
68 103 55 56
7049 7051 10
6
75 23 20 83 35 36
7050 7052 10
6
73 23 3 4 16 62
7051 7053 10
6
73 23 20 83 35 36
7057 7059 10
6
58 80 82 98 65 62
7058 7060 10
3
100 103 55
7059 7061 10
6
58 80 82 21 22 74
7059 7061 10
4
55 56 11 12
7060 7062 10
3
68 101 45
7060 7062 10
5
46 59 56 11 12
7063 7065 10
4
47 44 9 6
7064 7066 10
6
73 23 20 83 35 36
7065 7067 10
6
68 101 45 46 37 34
7067 7069 10
6
58 80 82 21 22 74
7070 7072 10
5
46 59 56 11 12
7076 7078 10
6
73 23 20 83 35 36
7077 7079 10
8
75 23 20 83 81 59 56 11
7078 7080 10
6
68 101 45 46 37 34
7087 7089 10
5
102 101 45 46 37
7092 7094 10
4
47 44 9 6
7096 7098 10
5
68 103 55 56 11
7098 7100 10
6
36 80 82 98 65 62
7098 7100 10
4
58 80 82 21
7098 7100 10
6
58 80 82 21 22 72
7098 7100 10
6
68 101 45 46 37 34
7101 7103 10
8
73 23 3 4 16 62 68 103
7102 7104 10
4
102 69 63 17
7103 7105 10
4
55 56 11 12
7107 7109 10
8
76 13 10 57 58 80 82 98
7108 7110 10
4
68 103 55 56
7121 7123 10
4
47 44 9 6
7122 7124 10
7
57 58 80 82 21 22 72
7122 7124 10
6
73 23 20 83 35 36
7125 7127 10
4
68 103 55 56
7126 7128 10
6
73 23 20 83 35 36
7127 7129 10
4
58 80 82 21
7131 7133 10
3
100 103 55
7141 7143 10
7
76 13 10 57 54 102 69
7144 7146 10
7
57 58 80 82 21 22 72
7151 7153 10
6
68 101 45 46 37 34
7154 7156 10
6
73 23 3 4 16 62
7163 7165 10
6
75 23 20 83 35 36
7165 7167 10
4
68 103 55 56
7165 7167 10
4
55 56 11 12
7166 7168 10
4
47 44 9 6
7172 7174 10
6
68 101 45 46 37 34
7173 7175 10
6
68 101 45 46 37 34
7178 7180 10
6
58 80 82 98 65 62
7179 7181 10
5
102 101 45 46 37
7181 7183 10
6
73 23 20 83 35 36
7182 7184 10
8
73 23 3 4 16 62 68 103
7182 7184 10
5
46 59 56 11 12
7184 7186 10
6
75 23 20 83 35 36
7184 7186 10
5
46 59 56 11 12
7184 7186 10
4
47 44 9 6
7188 7190 10
8
75 23 20 83 81 59 56 11
7190 7192 10
6
68 101 45 46 37 34
7193 7195 10
6
73 23 3 4 16 62
7198 7200 10
6
68 101 45 46 37 34
7199 7201 10
6
68 101 45 46 37 34
