47
49.3347855 8.4126873 1 1
49.3467293 8.4199085 2 0
49.3328056 8.4178286 3 0
49.3069572 8.4203615 4 0
49.3517647 8.4118443 5 0
49.354229 8.4251928 6 0
49.3171501 8.411829 7 0
49.3333244 8.4165478 8 0
49.3071213 8.4458399 9 0
49.3454704 8.4216614 10 0
49.3183594 8.4234896 11 1
49.3352051 8.4114342 12 0
49.3175354 8.4151106 13 1
49.3540802 8.4347391 14 0
49.3094063 8.4464245 15 0
49.3220863 8.4467583 16 0
49.3170891 8.4118309 17 0
49.3419647 8.4263945 18 0
49.3349266 8.4305 19 0
49.3155298 8.429547 20 1
49.3459303 8.4208689 21 0
49.3132345 8.4422115 22 0
49.3134494 8.4428767 23 0
49.3227181 8.4323112 24 1
49.3343521 8.4365028 25 1
49.339751 8.429142 26 1
49.3182182 8.4230196 27 1
49.3182208 8.4195598 28 1
49.3147411 8.4305985 29 1
49.3430952 8.4248018 30 1
49.3280691 8.4299337 31 1
49.3223822 8.4294142 32 1
49.3413857 8.4304045 33 1
49.3084289 8.4330567 34 1
49.320079 8.4307249 35 1
49.3282673 8.4264018 36 1
49.3330551 8.4172406 37 1
49.3105738 8.4261007 38 1
49.3111176 8.4394505 39 1
49.3323059 8.4465453 40 0
49.3408546 8.4278788 41 0
49.3256217 8.4177016 42 1
49.3155823 8.4287405 43 0
49.3353277 8.4113483 44 0
49.3181661 8.4231563 45 1
49.3090223 8.444767 46 1
49.3285815 8.4293536 47 0
55
43 20 89.76495485327501 16.67 3 3 2 3
1 0 0 0 1 0 0 0 1
1 0 0 0 1 0 0 0 1
43 45 648.6063297298797 16.67 3 3 4 5
1 0 0 0 1 0 0 0 1
1 0 0 0 1 0 0 0 1
3 37 67.84034259858983 16.67 3 3 6 7
1 0 0 0 1 0 0 0 1
1 0 0 0 1 0 0 0 1
3 36 1008.4858942249958 16.67 3 3 8 9
1 0 0 0 1 0 0 0 1
1 0 0 0 1 0 0 0 1
18 41 183.6101885428059 16.67 3 3 10 11
1 0 0 0 1 0 0 0 1
1 0 0 0 1 0 0 0 1
18 30 195.13387088332243 16.67 3 3 12 13
1 0 0 0 1 0 0 0 1
1 0 0 0 1 0 0 0 1
45 11 39.623731409902156 16.67 3 3 14 15
1 0 0 0 1 0 0 0 1
1 0 0 0 1 0 0 0 1
45 27 15.663391859971322 16.67 3 3 16 17
1 0 0 0 1 0 0 0 1
1 0 0 0 1 0 0 0 1
20 38 525.3025779859524 16.67 3 3 18 19
1 0 0 0 1 0 0 0 1
1 0 0 0 1 0 0 0 1
20 35 354.83963983948513 16.67 3 3 20 21
1 0 0 0 1 0 0 0 1
1 0 0 0 1 0 0 0 1
20 29 130.15836920154254 16.67 3 3 22 23
1 0 0 0 1 0 0 0 1
1 0 0 0 1 0 0 0 1
21 2 121.47648441894434 16.67 3 3 24 25
1 0 0 0 1 0 0 0 1
1 0 0 0 1 0 0 0 1
21 10 94.21545743849886 16.67 3 3 26 27
1 0 0 0 1 0 0 0 1
1 0 0 0 1 0 0 0 1
22 39 343.24582600176035 16.67 3 3 28 29
1 0 0 0 1 0 0 0 1
1 0 0 0 1 0 0 0 1
22 23 75.59419996000803 16.67 3 3 30 31
1 0 0 0 1 0 0 0 1
1 0 0 0 1 0 0 0 1
23 46 383.6526864977262 16.67 3 3 32 33
1 0 0 0 1 0 0 0 1
1 0 0 0 1 0 0 0 1
24 32 323.07024483215844 16.67 3 3 34 35
1 0 0 0 1 0 0 0 1
1 0 0 0 1 0 0 0 1
24 31 469.3854128280404 16.67 3 3 36 37
1 0 0 0 1 0 0 0 1
1 0 0 0 1 0 0 0 1
24 16 1607.1958455126212 16.67 3 3 38 39
1 0 0 0 1 0 0 0 1
1 0 0 0 1 0 0 0 1
46 9 182.29146902450498 16.67 3 3 40 41
1 0 0 0 1 0 0 0 1
1 0 0 0 1 0 0 0 1
46 15 186.407708086855 16.67 3 3 42 43
1 0 0 0 1 0 0 0 1
1 0 0 0 1 0 0 0 1
47 36 329.0343057890431 16.67 3 3 44 45
1 0 0 0 1 0 0 0 1
1 0 0 0 1 0 0 0 1
47 31 74.433201391823 16.67 3 3 46 47
1 0 0 0 1 0 0 0 1
1 0 0 0 1 0 0 0 1
25 19 668.8189804593803 16.67 3 3 48 49
1 0 0 0 1 0 0 0 1
1 0 0 0 1 0 0 0 1
25 40 1126.5445866571995 16.67 3 3 50 51
1 0 0 0 1 0 0 0 1
1 0 0 0 1 0 0 0 1
25 33 848.323370827306 16.67 3 3 52 53
1 0 0 0 1 0 0 0 1
1 0 0 0 1 0 0 0 1
26 37 1409.5803140275648 16.67 3 3 54 55
1 0 0 0 1 0 0 0 1
1 0 0 0 1 0 0 0 1
26 41 161.63489649707608 16.67 3 3 56 57
1 0 0 0 1 0 0 0 1
1 0 0 0 1 0 0 0 1
26 31 850.9899615562489 16.67 3 3 58 59
1 0 0 0 1 0 0 0 1
1 0 0 0 1 0 0 0 1
26 33 183.6815835530364 16.67 3 3 60 61
1 0 0 0 1 0 0 0 1
1 0 0 0 1 0 0 0 1
27 28 384.73598463288454 16.67 3 3 62 63
1 0 0 0 1 0 0 0 1
1 0 0 0 1 0 0 0 1
27 11 53.25761948851825 16.67 3 3 64 65
1 0 0 0 1 0 0 0 1
1 0 0 0 1 0 0 0 1
2 5 968.1119843202155 16.67 3 3 66 67
1 0 0 0 1 0 0 0 1
1 0 0 0 1 0 0 0 1
28 42 574.8935732202513 16.67 3 3 68 69
1 0 0 0 1 0 0 0 1
1 0 0 0 1 0 0 0 1
28 13 497.24728303942635 16.67 3 3 70 71
1 0 0 0 1 0 0 0 1
1 0 0 0 1 0 0 0 1
29 38 584.3179006368932 16.67 3 3 72 73
1 0 0 0 1 0 0 0 1
1 0 0 0 1 0 0 0 1
29 39 1018.803544376354 16.67 3 3 74 75
1 0 0 0 1 0 0 0 1
1 0 0 0 1 0 0 0 1
30 30 0.0 16.67 3 3 76 77
1 0 0 0 1 0 0 0 1
1 0 0 0 1 0 0 0 1
30 10 389.3158021248298 16.67 3 3 78 79
1 0 0 0 1 0 0 0 1
1 0 0 0 1 0 0 0 1
31 32 416.17679430114515 16.67 3 3 80 81
1 0 0 0 1 0 0 0 1
1 0 0 0 1 0 0 0 1
32 35 221.61342610097006 16.67 3 3 82 83
1 0 0 0 1 0 0 0 1
1 0 0 0 1 0 0 0 1
33 6 1096.2615101402926 16.67 3 3 84 85
1 0 0 0 1 0 0 0 1
1 0 0 0 1 0 0 0 1
33 14 1038.4127736192697 16.67 3 3 86 87
1 0 0 0 1 0 0 0 1
1 0 0 0 1 0 0 0 1
1 12 142.6256479083837 16.67 3 3 88 89
1 0 0 0 1 0 0 0 1
1 0 0 0 1 0 0 0 1
1 8 442.1577999128723 16.67 3 3 90 91
1 0 0 0 1 0 0 0 1
1 0 0 0 1 0 0 0 1
1 44 153.99559186294343 16.67 3 3 92 93
1 0 0 0 1 0 0 0 1
1 0 0 0 1 0 0 0 1
34 34 0.0 16.67 3 3 94 95
1 0 0 0 1 0 0 0 1
1 0 0 0 1 0 0 0 1
34 39 737.2408122700975 16.67 3 3 96 97
1 0 0 0 1 0 0 0 1
1 0 0 0 1 0 0 0 1
35 11 814.1760369720536 16.67 3 3 98 99
1 0 0 0 1 0 0 0 1
1 0 0 0 1 0 0 0 1
36 42 986.2937175064761 16.67 3 3 100 101
1 0 0 0 1 0 0 0 1
1 0 0 0 1 0 0 0 1
37 42 541.1015560687687 16.67 3 3 102 103
1 0 0 0 1 0 0 0 1
1 0 0 0 1 0 0 0 1
37 8 79.47383846763675 16.67 3 3 104 105
1 0 0 0 1 0 0 0 1
1 0 0 0 1 0 0 0 1
13 7 365.987055983913 16.67 3 3 106 107
1 0 0 0 1 0 0 0 1
1 0 0 0 1 0 0 0 1
13 17 366.1405749974519 16.67 3 3 108 109
1 0 0 0 1 0 0 0 1
1 0 0 0 1 0 0 0 1
38 4 689.970851213673 16.67 3 3 110 111
1 0 0 0 1 0 0 0 1
1 0 0 0 1 0 0 0 1
23
1 90 92 88 -1
11 99 -1 65 15
13 71 -1 106 108
20 22 20 3 18
24 38 36 34 -1
25 50 52 48 -1
26 60 56 54 58
27 64 -1 62 17
28 63 68 70 -1
29 74 -1 23 72
30 77 78 76 13
31 37 59 47 80
32 35 81 -1 82
33 53 86 84 61
34 95 96 94 -1
35 -1 83 98 21
36 45 9 100 -1
37 7 55 104 102
38 73 19 110 -1
39 29 -1 75 97
42 101 103 -1 69
45 5 14 16 -1
46 42 33 -1 40
