1785
60 62 10
2
73 74
60 62 10
5
68 101 45 46 37
60 62 10
9
75 23 3 4 16 62 68 103 55
60 62 10
9
75 23 20 83 81 59 56 11 12
60 62 10
9
73 23 20 83 81 59 56 11 12
60 62 10
2
58 47
60 62 10
9
56 11 12 76 13 10 57 54 7
60 62 10
8
102 69 63 17 5 2 22 74
60 62 10
5
102 101 45 46 37
60 62 10
2
73 74
60 62 10
6
46 80 82 98 65 17
60 62 10
9
76 13 10 57 58 80 82 21 22
60 62 10
4
59 56 11 12
60 62 10
7
45 46 80 82 21 22 72
60 62 10
9
75 23 3 4 16 62 68 103 7
60 62 10
5
81 47 44 9 6
120 122 10
2
68 101
120 122 10
2
73 74
120 122 10
4
59 56 11 12
120 122 10
6
68 103 55 56 11 12
120 122 10
5
68 101 45 46 37
120 122 10
2
65 62
120 122 10
2
58 47
120 122 10
7
45 46 80 82 21 22 72
120 122 10
7
16 64 15 5 2 22 72
120 122 10
6
36 80 82 98 65 62
120 122 10
4
68 101 45 46
120 122 10
5
81 47 44 9 6
120 122 10
9
76 13 10 57 58 80 82 21 22
120 122 10
8
101 45 46 80 82 21 22 74
120 122 10
8
102 69 63 17 5 2 22 74
120 122 10
2
58 47
120 122 10
4
59 56 11 12
120 122 10
4
16 62 68 103
180 182 10
10
76 13 10 57 58 80 82 21 22 74
180 182 10
7
45 46 80 82 21 22 72
180 182 10
4
68 101 45 46
180 182 10
9
73 23 20 83 81 59 56 11 12
180 182 10
6
46 80 82 98 65 17
180 182 10
4
59 56 11 12
180 182 10
4
68 103 55 56
180 182 10
6
58 80 82 98 15 16
180 182 10
2
73 74
180 182 10
2
58 47
180 182 10
5
68 101 45 46 37
180 182 10
6
36 80 82 98 65 62
180 182 10
8
72 19 3 4 16 62 68 103
180 182 10
8
101 45 46 80 82 21 22 74
180 182 10
7
16 64 15 5 2 22 72
180 182 10
8
102 69 63 17 5 2 22 74
180 182 10
7
76 13 10 57 54 102 69
180 182 10
9
75 23 20 83 81 59 56 11 12
180 182 10
9
76 13 10 57 58 80 82 21 22
180 182 10
5
68 101 45 46 37
240 242 10
6
36 80 82 98 65 62
240 242 10
5
68 101 45 46 37
240 242 10
7
76 13 10 57 54 102 69
240 242 10
7
45 46 80 82 21 22 72
240 242 10
9
75 23 3 4 16 62 68 103 55
240 242 10
2
58 47
240 242 10
5
81 47 44 9 6
240 242 10
9
72 19 3 4 16 62 68 103 55
240 242 10
9
73 23 20 83 81 59 56 11 12
240 242 10
6
58 80 82 98 15 16
240 242 10
6
102 69 63 64 99 83
240 242 10
8
101 45 46 80 82 21 22 74
240 242 10
4
68 101 45 46
240 242 10
6
58 80 82 98 65 62
240 242 10
4
59 56 11 12
240 242 10
9
56 11 12 76 13 10 57 54 7
240 242 10
9
76 13 10 57 58 80 82 21 22
240 242 10
9
75 23 20 83 81 59 56 11 12
240 242 10
2
58 47
240 242 10
6
46 80 82 98 65 17
300 302 10
4
16 62 68 103
300 302 10
6
102 69 63 64 99 83
300 302 10
7
45 46 80 82 21 22 72
300 302 10
10
76 13 10 57 58 80 82 21 22 74
300 302 10
9
75 23 3 4 16 62 68 103 7
300 302 10
2
58 47
300 302 10
8
102 69 63 17 5 2 22 74
300 302 10
4
59 56 11 12
300 302 10
6
36 80 82 98 65 62
300 302 10
2
73 74
300 302 10
5
68 101 45 46 37
300 302 10
9
75 23 20 83 81 59 56 11 12
300 302 10
9
76 13 10 57 58 80 82 21 22
300 302 10
4
36 47 44 9
300 302 10
4
68 103 55 56
300 302 10
5
81 47 44 9 6
300 302 10
8
101 45 46 80 82 21 22 74
360 362 10
9
56 11 12 76 13 10 57 54 7
360 362 10
2
65 62
360 362 10
5
68 101 45 46 37
360 362 10
6
36 80 82 98 65 62
360 362 10
2
58 47
360 362 10
4
59 56 11 12
360 362 10
8
102 69 63 17 5 2 22 74
360 362 10
9
76 13 10 57 58 80 82 21 22
360 362 10
2
68 101
360 362 10
2
73 74
360 362 10
4
16 62 68 103
360 362 10
2
58 37
360 362 10
2
58 47
360 362 10
9
73 23 20 83 81 59 56 11 12
360 362 10
6
46 80 82 98 65 17
360 362 10
5
102 101 45 46 37
420 422 10
2
58 47
420 422 10
4
68 101 45 46
420 422 10
5
68 101 45 46 37
420 422 10
6
102 69 63 64 99 83
420 422 10
6
68 103 55 56 11 12
420 422 10
7
45 46 80 82 21 22 72
420 422 10
2
73 74
420 422 10
9
75 23 3 4 16 62 68 103 7
420 422 10
7
16 64 15 5 2 22 72
420 422 10
6
46 80 82 98 65 17
420 422 10
4
68 103 55 56
420 422 10
9
75 23 20 83 81 59 56 11 12
420 422 10
9
73 23 20 83 81 59 56 11 12
420 422 10
4
59 56 11 12
420 422 10
9
56 11 12 76 13 10 57 54 7
420 422 10
7
76 13 10 57 54 102 69
420 422 10
4
16 62 68 103
480 482 10
9
76 13 10 57 58 80 82 21 22
480 482 10
5
68 101 45 46 37
480 482 10
2
58 47
480 482 10
7
45 46 80 82 21 22 72
480 482 10
2
73 74
480 482 10
9
75 23 20 83 81 59 56 11 12
480 482 10
5
81 47 44 9 6
480 482 10
9
73 23 20 83 81 59 56 11 12
480 482 10
8
101 45 46 80 82 21 22 74
480 482 10
9
56 11 12 76 13 10 57 54 7
480 482 10
6
46 80 82 98 65 17
480 482 10
8
72 19 3 4 16 62 68 103
480 482 10
4
68 103 55 56
540 542 10
9
75 23 20 83 81 59 56 11 12
540 542 10
4
68 103 55 56
540 542 10
4
59 56 11 12
540 542 10
2
58 37
540 542 10
2
58 47
540 542 10
4
36 47 44 9
540 542 10
6
68 103 55 56 11 12
540 542 10
6
46 80 82 98 65 17
540 542 10
9
75 23 3 4 16 62 68 103 55
540 542 10
4
16 62 68 103
540 542 10
5
102 101 45 46 37
540 542 10
5
68 101 45 46 37
540 542 10
5
81 47 44 9 6
540 542 10
9
76 13 10 57 58 80 82 21 22
540 542 10
2
65 62
540 542 10
2
73 74
540 542 10
8
76 13 10 57 54 102 69 63
540 542 10
8
102 69 63 17 5 2 22 74
540 542 10
9
73 23 20 83 81 59 56 11 12
600 602 10
2
58 47
600 602 10
6
46 80 82 98 65 17
600 602 10
9
76 13 10 57 58 80 82 21 22
600 602 10
9
75 23 20 83 81 59 56 11 12
600 602 10
9
75 23 3 4 16 62 68 103 55
600 602 10
6
102 69 63 64 99 83
600 602 10
4
36 47 44 9
600 602 10
4
59 56 11 12
600 602 10
7
76 13 10 57 54 102 69
600 602 10
9
73 23 20 83 81 59 56 11 12
600 602 10
5
68 101 45 46 37
600 602 10
6
68 103 55 56 11 12
600 602 10
8
102 69 63 17 5 2 22 74
660 662 10
2
58 47
660 662 10
10
76 13 10 57 58 80 82 21 22 74
660 662 10
5
68 101 45 46 37
660 662 10
8
72 19 3 4 16 62 68 103
660 662 10
7
76 13 10 57 54 102 69
660 662 10
6
102 69 63 64 99 83
660 662 10
5
81 47 44 9 6
660 662 10
2
58 47
660 662 10
9
75 23 20 83 81 59 56 11 12
660 662 10
5
102 101 45 46 37
660 662 10
2
73 74
660 662 10
2
65 62
720 722 10
9
56 11 12 76 13 10 57 54 7
720 722 10
4
59 56 11 12
720 722 10
9
75 23 20 83 81 59 56 11 12
720 722 10
2
68 101
720 722 10
4
68 103 55 56
720 722 10
2
73 74
720 722 10
2
58 47
720 722 10
5
68 101 45 46 37
720 722 10
8
102 69 63 17 5 2 22 74
720 722 10
6
46 80 82 98 65 17
720 722 10
9
75 23 3 4 16 62 68 103 55
720 722 10
2
58 37
720 722 10
2
58 47
720 722 10
10
76 13 10 57 58 80 82 21 22 74
720 722 10
4
102 101 45 46
720 722 10
4
16 62 68 103
720 722 10
9
76 13 10 57 58 80 82 21 22
720 722 10
8
72 19 3 4 16 62 68 103
780 782 10
5
80 82 98 65 62
780 782 10
4
59 56 11 12
780 782 10
7
16 64 15 5 2 22 72
780 782 10
9
75 23 20 83 81 59 56 11 12
780 782 10
5
102 101 45 46 37
780 782 10
4
16 62 68 103
780 782 10
9
73 23 20 83 81 59 56 11 12
780 782 10
2
58 47
780 782 10
9
56 11 12 76 13 10 57 54 7
780 782 10
7
45 46 80 82 21 22 72
780 782 10
5
68 101 45 46 37
780 782 10
6
46 80 82 98 65 17
780 782 10
2
58 47
780 782 10
2
73 74
780 782 10
2
65 62
840 842 10
5
68 101 45 46 37
840 842 10
4
59 56 11 12
840 842 10
7
76 13 10 57 54 102 69
840 842 10
9
73 23 20 83 81 59 56 11 12
840 842 10
10
76 13 10 57 58 80 82 21 22 74
840 842 10
9
75 23 20 83 81 59 56 11 12
840 842 10
5
102 101 45 46 37
840 842 10
9
75 23 3 4 16 62 68 103 55
840 842 10
7
45 46 80 82 21 22 72
840 842 10
4
68 101 45 46
840 842 10
7
16 64 15 5 2 22 72
840 842 10
2
58 47
840 842 10
4
65 62 68 103
840 842 10
2
73 74
840 842 10
9
56 11 12 76 13 10 57 54 7
840 842 10
4
59 56 11 12
900 902 10
4
59 56 11 12
900 902 10
9
75 23 20 83 81 59 56 11 12
900 902 10
2
73 74
900 902 10
2
58 47
900 902 10
6
58 80 82 98 15 16
900 902 10
2
68 101
900 902 10
5
68 101 45 46 37
900 902 10
5
81 47 44 9 6
900 902 10
5
102 101 45 46 37
900 902 10
9
73 23 20 83 81 59 56 11 12
900 902 10
9
56 11 12 76 13 10 57 54 7
900 902 10
9
68 101 45 46 80 82 21 22 74
900 902 10
6
46 80 82 98 65 17
900 902 10
4
68 101 45 46
960 962 10
5
102 101 45 46 37
960 962 10
7
16 64 15 5 2 22 72
960 962 10
7
76 13 10 57 54 102 69
960 962 10
2
73 74
960 962 10
2
68 101
960 962 10
9
73 23 20 83 81 59 56 11 12
960 962 10
5
68 101 45 46 37
960 962 10
9
75 23 20 83 81 59 56 11 12
960 962 10
9
76 13 10 57 58 80 82 21 22
960 962 10
8
102 69 63 17 5 2 22 74
960 962 10
9
56 11 12 76 13 10 57 54 7
960 962 10
2
58 47
960 962 10
4
59 56 11 12
960 962 10
4
68 101 45 46
960 962 10
10
76 13 10 57 58 80 82 21 22 74
1020 1022 10
4
16 62 68 103
1020 1022 10
5
68 101 45 46 37
1020 1022 10
4
59 56 11 12
1020 1022 10
5
102 101 45 46 37
1020 1022 10
2
58 47
1020 1022 10
5
68 101 45 46 59
1020 1022 10
6
68 103 55 56 11 12
1020 1022 10
7
45 46 80 82 21 22 72
1020 1022 10
4
36 47 44 9
1020 1022 10
5
81 47 44 9 6
1020 1022 10
9
75 23 20 83 81 59 56 11 12
1020 1022 10
2
73 74
1020 1022 10
9
56 11 12 76 13 10 57 54 7
1020 1022 10
9
73 23 20 83 81 59 56 11 12
1020 1022 10
7
76 13 10 57 54 102 69
1020 1022 10
9
75 23 3 4 16 62 68 103 55
1020 1022 10
2
58 47
1020 1022 10
2
68 101
1080 1082 10
9
56 11 12 76 13 10 57 54 7
1080 1082 10
5
68 101 45 46 37
1080 1082 10
5
81 47 44 9 6
1080 1082 10
4
68 101 45 46
1080 1082 10
7
76 13 10 57 54 102 69
1080 1082 10
5
102 101 45 46 37
1080 1082 10
5
68 101 45 46 37
1080 1082 10
9
73 23 20 83 81 59 56 11 12
1080 1082 10
7
16 64 15 5 2 22 72
1080 1082 10
9
76 13 10 57 58 80 82 21 22
1080 1082 10
9
75 23 20 83 81 59 56 11 12
1080 1082 10
2
58 47
1080 1082 10
9
75 23 3 4 16 62 68 103 55
1080 1082 10
2
65 62
1140 1142 10
2
73 74
1140 1142 10
9
72 19 3 4 16 62 68 103 55
1140 1142 10
4
16 62 68 103
1140 1142 10
5
68 101 45 46 37
1140 1142 10
8
101 45 46 80 82 21 22 74
1140 1142 10
2
58 47
1140 1142 10
8
102 69 63 17 5 2 22 74
1140 1142 10
9
75 23 3 4 16 62 68 103 55
1140 1142 10
9
56 11 12 76 13 10 57 54 7
1140 1142 10
7
76 13 10 57 54 102 69
1140 1142 10
7
45 46 80 82 21 22 72
1140 1142 10
4
36 47 44 9
1140 1142 10
4
59 56 11 12
1140 1142 10
9
73 23 20 83 81 59 56 11 12
1200 1202 10
2
58 47
1200 1202 10
8
102 69 63 17 5 2 22 74
1200 1202 10
2
73 74
1200 1202 10
9
56 11 12 76 13 10 57 54 7
1200 1202 10
5
102 101 45 46 37
1200 1202 10
4
68 103 55 56
1200 1202 10
5
81 47 44 9 6
1200 1202 10
4
16 62 68 103
1200 1202 10
5
68 101 45 46 37
1200 1202 10
8
101 45 46 80 82 21 22 74
1200 1202 10
7
76 13 10 57 54 102 69
1200 1202 10
9
75 23 3 4 16 62 68 103 7
1200 1202 10
9
75 23 20 83 81 59 56 11 12
1200 1202 10
2
65 62
1200 1202 10
2
58 47
1200 1202 10
9
73 23 20 83 81 59 56 11 12
1260 1262 10
5
16 62 68 103 55
1260 1262 10
9
75 23 20 83 81 59 56 11 12
1260 1262 10
4
68 103 55 56
1260 1262 10
7
76 13 10 57 54 102 69
1260 1262 10
10
76 13 10 57 58 80 82 21 22 72
1260 1262 10
8
73 23 3 4 16 62 68 103
1260 1262 10
8
8 45 46 80 82 21 22 74
1260 1262 10
5
76 13 10 57 54
1260 1262 10
3
75 23 3
1260 1262 10
5
73 23 20 83 35
1260 1262 10
6
58 80 82 98 15 16
1260 1262 10
3
81 59 56
1320 1322 10
8
96 75 23 20 83 81 59 56
1320 1322 10
5
16 62 68 103 55
1320 1322 10
5
73 23 20 83 35
1320 1322 10
6
58 80 82 21 22 74
1320 1322 10
4
68 103 55 56
1320 1322 10
7
76 13 10 57 54 102 69
1320 1322 10
3
81 59 56
1320 1322 10
8
73 23 3 4 16 62 68 103
1320 1322 10
6
58 80 82 98 15 16
1320 1322 10
5
83 81 47 44 9
1320 1322 10
6
102 69 63 17 5 2
1380 1382 10
5
73 23 20 83 35
1380 1382 10
2
102 69
1380 1382 10
7
76 13 10 57 54 102 69
1380 1382 10
4
68 103 55 56
1380 1382 10
5
16 62 68 103 55
1380 1382 10
8
73 23 3 4 16 62 68 103
1380 1382 10
6
58 80 82 98 15 16
1380 1382 10
5
76 13 10 57 54
1380 1382 10
6
58 80 82 21 22 74
1380 1382 10
3
101 45 46
1380 1382 10
9
73 23 20 83 81 59 56 11 12
1380 1382 10
5
83 81 47 44 9
1380 1382 10
6
102 69 63 17 5 2
1380 1382 10
8
96 75 23 20 83 81 59 56
1380 1382 10
3
81 59 56
1380 1382 10
6
75 23 3 4 16 62
1440 1442 10
10
76 13 10 57 58 80 82 21 22 72
1440 1442 10
5
16 62 68 103 55
1440 1442 10
5
83 81 47 44 9
1440 1442 10
3
75 23 3
1440 1442 10
3
81 59 56
1440 1442 10
6
58 80 82 98 15 16
1440 1442 10
8
73 23 3 4 16 62 68 103
1440 1442 10
6
58 80 82 21 22 74
1440 1442 10
8
8 45 46 80 82 21 22 74
1440 1442 10
11
12 76 13 10 57 58 80 82 21 22 74
1440 1442 10
9
75 23 20 83 81 59 56 11 12
1440 1442 10
4
68 103 55 56
1500 1502 10
5
83 81 47 44 9
1500 1502 10
5
16 62 68 103 55
1500 1502 10
3
75 23 3
1500 1502 10
9
75 23 3 4 16 62 68 103 7
1500 1502 10
6
58 80 82 98 15 16
1500 1502 10
6
58 80 82 21 22 74
1500 1502 10
8
73 23 3 4 16 62 68 103
1500 1502 10
5
76 13 10 57 54
1500 1502 10
8
8 45 46 80 82 21 22 74
1500 1502 10
5
73 23 20 83 35
1500 1502 10
7
76 13 10 57 54 102 69
1500 1502 10
4
68 103 55 56
1500 1502 10
6
102 69 63 17 5 2
1500 1502 10
6
75 23 3 4 16 62
1500 1502 10
8
75 23 20 83 81 59 56 11
1560 1562 10
6
58 80 82 98 15 16
1560 1562 10
8
73 23 3 4 16 62 68 103
1560 1562 10
6
58 80 82 21 22 74
1560 1562 10
11
12 76 13 10 57 58 80 82 21 22 74
1560 1562 10
5
76 13 10 57 54
1560 1562 10
5
16 62 68 103 55
1560 1562 10
9
75 23 3 4 16 62 68 103 7
1560 1562 10
5
73 23 20 83 35
1560 1562 10
7
76 13 10 57 54 102 69
1560 1562 10
8
8 45 46 80 82 21 22 74
1560 1562 10
3
75 23 3
1560 1562 10
8
96 75 23 20 83 81 59 56
1560 1562 10
2
102 69
1620 1622 10
5
76 13 10 57 54
1620 1622 10
6
58 80 82 21 22 74
1620 1622 10
9
73 23 20 83 81 59 56 11 12
1620 1622 10
11
56 11 12 76 13 10 57 54 102 69 63
1620 1622 10
10
76 13 10 57 58 80 82 21 22 72
1620 1622 10
2
102 69
1620 1622 10
8
96 75 23 20 83 81 59 56
1620 1622 10
7
16 64 15 5 2 22 72
1620 1622 10
3
101 45 46
1620 1622 10
7
36 80 82 21 22 74 97
1620 1622 10
5
73 23 20 83 35
1620 1622 10
4
102 101 45 46
1620 1622 10
5
16 62 68 103 55
1620 1622 10
4
102 69 63 17
1620 1622 10
6
75 23 3 4 16 62
1680 1682 10
5
76 13 10 57 54
1680 1682 10
5
57 54 102 69 63
1680 1682 10
5
73 23 20 83 35
1680 1682 10
3
101 45 46
1680 1682 10
5
16 62 68 103 55
1680 1682 10
6
58 80 82 21 22 74
1680 1682 10
4
68 103 55 56
1680 1682 10
7
102 69 63 17 5 2 20
1680 1682 10
10
76 13 10 57 58 80 82 21 22 74
1680 1682 10
6
36 80 82 98 65 17
1680 1682 10
9
75 23 20 83 81 59 56 11 12
1680 1682 10
4
102 69 63 17
1680 1682 10
8
8 45 46 80 82 21 22 74
1680 1682 10
4
102 101 45 46
1680 1682 10
3
75 23 3
1680 1682 10
8
96 75 23 20 83 81 59 56
1740 1742 10
5
76 13 10 57 54
1740 1742 10
6
58 80 82 98 15 16
1740 1742 10
8
73 23 3 4 16 62 68 103
1740 1742 10
5
83 81 47 44 9
1740 1742 10
2
102 69
1740 1742 10
6
102 69 63 17 5 2
1740 1742 10
6
36 80 82 98 65 17
1740 1742 10
5
16 62 68 103 55
1740 1742 10
6
58 80 82 21 22 74
1740 1742 10
5
73 23 20 83 35
1740 1742 10
7
16 64 15 5 2 22 72
1740 1742 10
7
102 69 63 17 5 2 20
1740 1742 10
3
81 59 56
1740 1742 10
3
75 23 3
1800 1802 10
7
102 69 63 17 5 2 20
1800 1802 10
5
16 62 68 103 55
1800 1802 10
4
68 103 55 56
1800 1802 10
3
75 23 3
1800 1802 10
11
12 76 13 10 57 58 80 82 21 22 74
1800 1802 10
6
58 80 82 21 22 74
1800 1802 10
8
96 75 23 20 83 81 59 56
1800 1802 10
6
36 80 82 98 65 17
1800 1802 10
5
76 13 10 57 54
1800 1802 10
5
16 62 68 103 55
1800 1802 10
7
76 13 10 57 54 102 69
1800 1802 10
6
58 80 82 98 15 16
1800 1802 10
5
73 23 20 83 35
1800 1802 10
9
73 23 20 83 81 59 56 11 12
1860 1862 10
10
76 13 10 57 58 80 82 21 22 72
1860 1862 10
9
75 23 20 83 81 59 56 11 12
1860 1862 10
9
73 23 20 83 81 59 56 11 12
1860 1862 10
6
58 80 82 21 22 74
1860 1862 10
8
96 75 23 20 83 81 59 56
1860 1862 10
6
102 69 63 17 5 2
1860 1862 10
9
75 23 3 4 16 62 68 103 7
1860 1862 10
5
80 82 21 22 74
1860 1862 10
2
102 69
1860 1862 10
7
16 64 15 5 2 22 72
1860 1862 10
5
73 23 20 83 35
1860 1862 10
5
16 62 68 103 55
1860 1862 10
8
73 23 3 4 16 62 68 103
1860 1862 10
6
58 80 82 98 15 16
1860 1862 10
8
8 45 46 80 82 21 22 74
1860 1862 10
3
81 59 56
1920 1922 10
3
81 59 56
1920 1922 10
9
73 23 20 83 81 59 56 11 12
1920 1922 10
5
76 13 10 57 54
1920 1922 10
8
73 23 3 4 16 62 68 103
1920 1922 10
7
102 69 63 17 5 2 20
1920 1922 10
4
102 101 45 46
1920 1922 10
5
16 62 68 103 55
1920 1922 10
6
75 23 3 4 16 62
1920 1922 10
5
73 23 20 83 35
1920 1922 10
7
16 64 15 5 2 22 72
1920 1922 10
3
101 45 46
1920 1922 10
2
102 69
1920 1922 10
7
76 13 10 57 54 102 69
1980 1982 10
6
58 80 82 21 22 74
1980 1982 10
8
96 75 23 20 83 81 59 56
1980 1982 10
8
8 45 46 80 82 21 22 74
1980 1982 10
5
16 62 68 103 55
1980 1982 10
10
76 13 10 57 58 80 82 21 22 74
1980 1982 10
6
102 69 63 17 5 2
1980 1982 10
6
75 23 3 4 16 62
1980 1982 10
4
68 103 55 56
1980 1982 10
5
73 23 20 83 35
1980 1982 10
9
73 23 20 83 81 59 56 11 12
1980 1982 10
5
76 13 10 57 54
1980 1982 10
3
101 45 46
1980 1982 10
10
76 13 10 57 58 80 82 21 22 72
1980 1982 10
6
58 80 82 98 15 16
2040 2042 10
9
75 23 3 4 16 62 68 103 7
2040 2042 10
8
73 23 3 4 16 62 68 103
2040 2042 10
5
73 23 20 83 35
2040 2042 10
7
16 64 15 5 2 22 72
2040 2042 10
5
76 13 10 57 54
2040 2042 10
8
96 75 23 20 83 81 59 56
2040 2042 10
5
36 47 44 9 6
2040 2042 10
4
68 103 55 56
2040 2042 10
6
58 80 82 98 15 16
2040 2042 10
6
58 80 82 21 22 74
2040 2042 10
5
16 62 68 103 55
2040 2042 10
4
102 101 45 46
2040 2042 10
11
12 76 13 10 57 58 80 82 21 22 74
2040 2042 10
10
76 13 10 57 58 80 82 21 22 72
2100 2102 10
5
16 62 68 103 55
2100 2102 10
8
96 75 23 20 83 81 59 56
2100 2102 10
5
83 81 47 44 9
2100 2102 10
6
58 80 82 21 22 74
2100 2102 10
6
36 80 82 98 65 17
2100 2102 10
10
76 13 10 57 58 80 82 21 22 74
2100 2102 10
5
80 82 21 22 74
2100 2102 10
10
76 13 10 57 58 80 82 21 22 72
2100 2102 10
6
58 80 82 98 15 16
2100 2102 10
2
102 69
2100 2102 10
8
73 23 3 4 16 62 68 103
2100 2102 10
6
102 69 63 17 5 2
2100 2102 10
5
36 47 44 9 6
2100 2102 10
3
68 101 45
2100 2102 10
7
102 69 63 17 5 2 20
2100 2102 10
2
101 45
2100 2102 10
4
102 69 63 17
2160 2162 10
5
83 81 47 44 9
2160 2162 10
6
58 80 82 21 22 74
2160 2162 10
10
76 13 10 57 58 80 82 21 22 72
2160 2162 10
5
73 23 20 83 35
2160 2162 10
3
75 23 3
2160 2162 10
10
76 13 10 57 58 80 82 21 22 74
2160 2162 10
2
102 69
2160 2162 10
3
68 101 45
2160 2162 10
6
102 69 63 17 5 2
2160 2162 10
5
16 62 68 103 55
2160 2162 10
8
73 23 3 4 16 62 68 103
2160 2162 10
9
75 23 20 83 81 59 56 11 12
2160 2162 10
6
75 23 3 4 16 62
2160 2162 10
4
102 101 45 46
2160 2162 10
7
102 69 63 17 5 2 20
2160 2162 10
3
81 59 56
2160 2162 10
8
8 45 46 80 82 21 22 74
2160 2162 10
8
96 75 23 20 83 81 59 56
2160 2162 10
2
101 45
2160 2162 10
9
75 23 3 4 16 62 68 103 7
2220 2222 10
10
76 13 10 57 58 80 82 21 22 72
2220 2222 10
5
16 62 68 103 55
2220 2222 10
4
68 103 55 56
2220 2222 10
10
76 13 10 57 58 80 82 21 22 74
2220 2222 10
9
73 23 20 83 81 59 56 11 12
2220 2222 10
7
102 69 63 17 5 2 20
2220 2222 10
5
76 13 10 57 54
2220 2222 10
8
8 45 46 80 82 21 22 74
2220 2222 10
7
16 64 15 5 2 22 72
2220 2222 10
6
75 23 3 4 16 62
2220 2222 10
2
102 69
2220 2222 10
6
58 80 82 21 22 74
2220 2222 10
5
36 47 44 9 6
2220 2222 10
5
83 81 47 44 9
2220 2222 10
2
101 45
2280 2282 10
8
8 45 46 80 82 21 22 74
2280 2282 10
2
102 69
2280 2282 10
5
76 13 10 57 54
2280 2282 10
6
58 80 82 98 15 16
2280 2282 10
8
96 75 23 20 83 81 59 56
2280 2282 10
3
75 23 3
2280 2282 10
7
16 64 15 5 2 22 72
2280 2282 10
5
16 62 68 103 55
2280 2282 10
3
81 59 56
2280 2282 10
6
75 23 3 4 16 62
2280 2282 10
8
73 23 3 4 16 62 68 103
2280 2282 10
3
101 45 46
2280 2282 10
4
68 103 55 56
2340 2342 10
6
102 69 63 17 5 2
2340 2342 10
5
16 62 68 103 55
2340 2342 10
6
58 80 82 98 15 16
2340 2342 10
3
81 59 56
2340 2342 10
3
75 23 3
2340 2342 10
5
73 23 20 83 35
2340 2342 10
6
58 80 82 21 22 74
2340 2342 10
5
16 62 68 103 55
2340 2342 10
7
57 58 80 82 21 22 72
2340 2342 10
8
8 45 46 80 82 21 22 74
2340 2342 10
7
102 69 63 17 5 2 20
2340 2342 10
5
80 82 21 22 74
2340 2342 10
8
73 23 3 4 16 62 68 103
2340 2342 10
9
73 23 20 83 81 59 56 11 12
2340 2342 10
5
76 13 10 57 54
2400 2402 10
6
58 80 82 21 22 74
2400 2402 10
4
102 101 45 46
2400 2402 10
11
12 76 13 10 57 58 80 82 21 22 74
2400 2402 10
9
75 23 3 4 16 62 68 103 7
2400 2402 10
5
76 13 10 57 54
2400 2402 10
4
68 103 55 56
2400 2402 10
5
73 23 20 83 35
2400 2402 10
5
16 62 68 103 55
2400 2402 10
6
58 80 82 98 15 16
2400 2402 10
7
102 69 63 17 5 2 20
2460 2462 10
6
58 80 82 98 65 62
2460 2462 10
5
4 16 62 68 103
2460 2462 10
7
57 58 80 82 21 22 74
2460 2462 10
5
81 59 56 11 12
2460 2462 10
5
102 101 45 46 37
2460 2462 10
2
102 69
2460 2462 10
5
73 23 3 4 16
2460 2462 10
2
68 103
2460 2462 10
3
58 80 82
2460 2462 10
5
68 101 45 46 59
2460 2462 10
3
57 58 37
2460 2462 10
6
36 80 82 98 65 62
2460 2462 10
4
55 56 11 12
2460 2462 10
5
80 82 98 65 62
2460 2462 10
2
76 13
2460 2462 10
6
75 23 20 83 81 47
2460 2462 10
5
81 59 56 11 12
2460 2462 10
4
101 45 46 37
2460 2462 10
7
45 46 80 82 21 22 74
2460 2462 10
10
96 75 23 20 83 81 59 56 11 12
2460 2462 10
6
58 80 82 98 65 62
2520 2522 10
5
73 23 3 4 16
2520 2522 10
3
57 58 37
2520 2522 10
5
36 47 44 9 6
2520 2522 10
6
58 80 82 98 65 62
2520 2522 10
7
99 83 81 59 56 11 12
2520 2522 10
6
36 80 82 98 65 62
2520 2522 10
10
96 75 23 20 83 81 59 56 11 12
2520 2522 10
7
57 58 80 82 21 22 74
2520 2522 10
7
102 69 63 17 5 2 20
2520 2522 10
5
81 59 56 11 12
2520 2522 10
4
55 56 11 12
2520 2522 10
9
73 23 3 4 16 62 68 103 55
2520 2522 10
5
76 13 10 57 58
2520 2522 10
5
4 16 62 68 103
2520 2522 10
2
76 13
2520 2522 10
4
101 45 46 37
2520 2522 10
5
102 101 45 46 37
2520 2522 10
4
73 23 20 83
2520 2522 10
7
99 83 81 59 56 11 12
2580 2582 10
6
75 23 20 83 81 47
2580 2582 10
3
57 58 37
2580 2582 10
2
68 103
2580 2582 10
5
73 23 3 4 16
2580 2582 10
4
55 56 11 12
2580 2582 10
6
58 80 82 98 65 62
2580 2582 10
2
102 69
2580 2582 10
7
99 83 81 59 56 11 12
2580 2582 10
7
16 64 15 5 2 22 72
2580 2582 10
5
36 47 44 9 6
2580 2582 10
5
80 82 98 65 62
2580 2582 10
9
75 23 20 83 81 59 56 11 12
2640 2642 10
10
96 75 23 20 83 81 59 56 11 12
2640 2642 10
5
73 23 3 4 16
2640 2642 10
6
58 80 82 98 65 62
2640 2642 10
3
57 58 37
2640 2642 10
7
16 64 15 5 2 22 72
2640 2642 10
6
58 80 82 21 22 74
2640 2642 10
7
45 46 80 82 21 22 74
2640 2642 10
4
55 56 11 12
2640 2642 10
2
68 103
2640 2642 10
5
36 47 44 9 6
2640 2642 10
5
76 13 10 57 58
2640 2642 10
4
101 45 46 37
2640 2642 10
8
101 45 46 80 82 21 22 74
2640 2642 10
8
102 69 63 17 5 2 22 74
2700 2702 10
3
57 58 37
2700 2702 10
8
76 13 10 57 58 80 82 98
2700 2702 10
6
75 23 20 83 81 47
2700 2702 10
2
102 69
2700 2702 10
4
8 45 46 37
2700 2702 10
7
16 64 15 5 2 22 72
2700 2702 10
5
36 47 44 9 6
2700 2702 10
7
99 83 81 59 56 11 12
2700 2702 10
6
58 80 82 98 65 62
2700 2702 10
5
81 59 56 11 12
2700 2702 10
6
46 80 82 98 15 16
2700 2702 10
9
75 23 20 83 81 59 56 11 12
2700 2702 10
5
4 16 62 68 103
2700 2702 10
7
57 58 80 82 21 22 74
2700 2702 10
4
73 23 20 83
2700 2702 10
4
55 56 11 12
2760 2762 10
2
76 13
2760 2762 10
6
75 23 20 83 81 47
2760 2762 10
4
101 45 46 37
2760 2762 10
9
75 23 20 83 81 59 56 11 12
2760 2762 10
5
81 59 56 11 12
2760 2762 10
13
56 11 12 76 13 10 57 58 80 82 21 22 74
2760 2762 10
10
96 75 23 20 83 81 59 56 11 12
2760 2762 10
7
99 83 81 59 56 11 12
2760 2762 10
6
58 80 82 21 22 72
2760 2762 10
6
58 80 82 98 65 62
2760 2762 10
5
4 16 62 68 103
2760 2762 10
2
68 103
2760 2762 10
8
102 69 63 17 5 2 22 72
2760 2762 10
8
101 45 46 80 82 21 22 74
2760 2762 10
8
102 69 63 17 5 2 22 74
2760 2762 10
5
73 23 3 4 16
2760 2762 10
5
36 47 44 9 6
2760 2762 10
5
80 82 98 65 62
2760 2762 10
3
57 58 37
2760 2762 10
2
76 13
2820 2822 10
9
75 23 20 83 81 59 56 11 12
2820 2822 10
7
99 83 81 59 56 11 12
2820 2822 10
3
57 58 37
2820 2822 10
4
73 23 20 83
2820 2822 10
6
36 47 44 9 6 55
2820 2822 10
2
102 69
2820 2822 10
5
73 23 3 4 16
2820 2822 10
7
57 58 80 82 21 22 74
2820 2822 10
5
76 13 10 57 58
2820 2822 10
3
57 58 37
2820 2822 10
8
102 69 63 17 5 2 22 72
2820 2822 10
7
102 69 63 17 5 2 20
2880 2882 10
8
75 23 3 4 16 62 68 103
2880 2882 10
5
36 47 44 9 6
2880 2882 10
8
102 69 63 17 5 2 22 74
2880 2882 10
7
16 64 15 5 2 22 72
2880 2882 10
4
55 56 11 12
2880 2882 10
5
81 59 56 11 12
2880 2882 10
2
76 13
2880 2882 10
7
57 58 80 82 21 22 74
2940 2942 10
8
102 69 63 17 5 2 22 74
2940 2942 10
5
73 23 3 4 16
2940 2942 10
4
55 56 11 12
2940 2942 10
9
75 23 20 83 81 59 56 11 12
2940 2942 10
5
81 59 56 11 12
2940 2942 10
7
99 83 81 59 56 11 12
2940 2942 10
2
76 13
2940 2942 10
6
36 47 44 9 6 55
2940 2942 10
6
58 80 82 21 22 72
2940 2942 10
7
16 64 15 5 2 22 72
2940 2942 10
5
80 82 98 65 62
2940 2942 10
6
46 80 82 98 15 16
2940 2942 10
5
68 101 45 46 59
2940 2942 10
8
73 23 3 4 16 62 68 103
2940 2942 10
6
58 80 82 21 22 74
2940 2942 10
6
36 80 82 98 65 62
2940 2942 10
3
57 58 37
2940 2942 10
2
102 69
2940 2942 10
4
73 23 20 83
2940 2942 10
2
68 103
2940 2942 10
10
96 75 23 20 83 81 59 56 11 12
2940 2942 10
6
58 80 82 98 65 62
3000 3002 10
3
57 58 37
3000 3002 10
7
99 83 81 59 56 11 12
3000 3002 10
2
68 103
3000 3002 10
5
36 47 44 9 6
3000 3002 10
8
102 69 63 17 5 2 22 74
3000 3002 10
5
73 23 3 4 16
3000 3002 10
6
36 80 82 98 65 62
3000 3002 10
6
36 47 44 9 6 55
3000 3002 10
6
75 23 20 83 81 47
3000 3002 10
4
55 56 11 12
3000 3002 10
6
58 80 82 98 65 62
3000 3002 10
2
76 13
3000 3002 10
8
101 45 46 80 82 21 22 74
3000 3002 10
3
58 80 82
3000 3002 10
8
75 23 3 4 16 62 68 103
3000 3002 10
5
4 16 62 68 103
3000 3002 10
9
73 23 3 4 16 62 68 103 55
3000 3002 10
10
96 75 23 20 83 81 59 56 11 12
3060 3062 10
5
4 16 62 68 103
3060 3062 10
9
73 23 3 4 16 62 68 103 55
3060 3062 10
6
75 23 20 83 81 47
3060 3062 10
5
73 23 3 4 16
3060 3062 10
3
57 58 37
3060 3062 10
3
58 80 82
3060 3062 10
2
68 103
3060 3062 10
5
76 13 10 57 58
3060 3062 10
7
99 83 81 59 56 11 12
3060 3062 10
4
55 56 11 12
3120 3122 10
5
4 16 62 68 103
3120 3122 10
6
58 80 82 98 65 62
3120 3122 10
5
81 59 56 11 12
3120 3122 10
4
73 23 20 83
3120 3122 10
5
73 23 3 4 16
3120 3122 10
7
99 83 81 59 56 11 12
3120 3122 10
2
76 13
3120 3122 10
6
75 23 20 83 35 36
3120 3122 10
9
75 23 20 83 81 59 56 11 12
3120 3122 10
5
102 101 45 46 37
3120 3122 10
6
46 80 82 98 15 16
3120 3122 10
3
57 58 37
3120 3122 10
8
102 69 63 17 5 2 22 74
3120 3122 10
10
96 75 23 20 83 81 59 56 11 12
3120 3122 10
8
73 23 3 4 16 62 68 103
3120 3122 10
8
101 45 46 80 82 21 22 74
3120 3122 10
2
102 69
3120 3122 10
2
68 103
3120 3122 10
8
76 13 10 57 58 80 82 98
3120 3122 10
5
36 47 44 9 6
3120 3122 10
7
16 64 15 5 2 22 72
3180 3182 10
5
81 59 56 11 12
3180 3182 10
6
58 80 82 21 22 72
3180 3182 10
8
102 69 63 17 5 2 22 72
3180 3182 10
4
8 45 46 37
3180 3182 10
3
57 58 37
3180 3182 10
8
102 69 63 17 5 2 22 74
3180 3182 10
5
73 23 3 4 16
3180 3182 10
5
36 47 44 9 6
3180 3182 10
4
73 23 20 83
3180 3182 10
10
96 75 23 20 83 81 59 56 11 12
3180 3182 10
6
58 80 82 98 65 62
3180 3182 10
7
57 58 80 82 21 22 74
3180 3182 10
5
4 16 62 68 103
3180 3182 10
6
46 80 82 98 15 16
3180 3182 10
8
101 45 46 80 82 21 22 74
3180 3182 10
4
55 56 11 12
3180 3182 10
3
57 58 37
3180 3182 10
4
101 45 46 37
3180 3182 10
9
73 23 3 4 16 62 68 103 55
3240 3242 10
4
55 56 11 12
3240 3242 10
7
57 58 80 82 21 22 74
3240 3242 10
2
68 103
3240 3242 10
8
73 23 3 4 16 62 68 103
3240 3242 10
7
102 69 63 17 5 2 20
3240 3242 10
5
81 59 56 11 12
3240 3242 10
7
99 83 81 59 56 11 12
3240 3242 10
3
57 58 37
3240 3242 10
7
45 46 80 82 21 22 74
3240 3242 10
3
58 80 82
3240 3242 10
6
75 23 20 83 81 47
3240 3242 10
5
73 23 3 4 16
3240 3242 10
8
76 13 10 57 58 80 82 98
3240 3242 10
6
58 80 82 98 65 62
3240 3242 10
2
76 13
3240 3242 10
5
36 47 44 9 6
3240 3242 10
7
16 64 15 5 2 22 72
3240 3242 10
5
4 16 62 68 103
3240 3242 10
8
102 69 63 17 5 2 22 74
3300 3302 10
5
36 47 44 9 6
3300 3302 10
8
101 45 46 80 82 21 22 74
3300 3302 10
20
57 54 7 8 45 46 59 56 11 12 76 13 10 57 58 80 82 21 22 74
3300 3302 10
3
57 58 37
3300 3302 10
4
101 45 46 37
3300 3302 10
6
36 47 44 9 6 55
3300 3302 10
5
81 59 56 11 12
3300 3302 10
7
45 46 80 82 21 22 74
3300 3302 10
2
102 69
3300 3302 10
5
73 23 3 4 16
3300 3302 10
2
68 103
3300 3302 10
5
4 16 62 68 103
3300 3302 10
7
16 64 15 5 2 22 72
3300 3302 10
7
102 69 63 17 5 2 20
3300 3302 10
6
46 80 82 98 15 16
3360 3362 10
5
73 23 3 4 16
3360 3362 10
3
57 58 37
3360 3362 10
5
4 16 62 68 103
3360 3362 10
7
99 83 81 59 56 11 12
3360 3362 10
8
76 13 10 57 58 80 82 98
3360 3362 10
6
58 80 82 98 65 62
3360 3362 10
13
56 11 12 76 13 10 57 58 80 82 21 22 74
3360 3362 10
10
96 75 23 20 83 81 59 56 11 12
3360 3362 10
7
45 46 80 82 21 22 74
3360 3362 10
5
81 59 56 11 12
3360 3362 10
5
36 47 44 9 6
3360 3362 10
4
8 45 46 37
3420 3422 10
10
96 75 23 20 83 81 59 56 11 12
3420 3422 10
5
76 13 10 57 58
3420 3422 10
7
16 64 15 5 2 22 72
3420 3422 10
6
58 80 82 98 65 62
3420 3422 10
4
73 23 20 83
3420 3422 10
4
55 56 11 12
3420 3422 10
8
101 45 46 80 82 21 22 74
3420 3422 10
7
99 83 81 59 56 11 12
3420 3422 10
2
102 69
3420 3422 10
2
76 13
3420 3422 10
8
102 69 63 17 5 2 22 74
3420 3422 10
5
73 23 3 4 16
3420 3422 10
5
4 16 62 68 103
3420 3422 10
5
68 101 45 46 59
3480 3482 10
7
57 58 80 82 21 22 74
3480 3482 10
8
101 45 46 80 82 21 22 74
3480 3482 10
2
68 103
3480 3482 10
8
102 69 63 17 5 2 22 74
3480 3482 10
5
73 23 3 4 16
3480 3482 10
5
81 59 56 11 12
3480 3482 10
6
46 80 82 98 15 16
3480 3482 10
6
75 23 20 83 81 47
3480 3482 10
7
99 83 81 59 56 11 12
3480 3482 10
3
57 58 37
3480 3482 10
9
75 23 20 83 81 59 56 11 12
3480 3482 10
6
58 80 82 98 65 62
3480 3482 10
8
73 23 3 4 16 62 68 103
3480 3482 10
4
73 23 20 83
3480 3482 10
7
99 83 81 59 56 11 12
3480 3482 10
4
55 56 11 12
3540 3542 10
8
73 23 3 4 16 62 68 103
3540 3542 10
8
102 69 63 17 5 2 22 72
3540 3542 10
2
68 103
3540 3542 10
3
58 80 82
3540 3542 10
10
96 75 23 20 83 81 59 56 11 12
3540 3542 10
6
58 80 82 21 22 72
3540 3542 10
7
16 64 15 5 2 22 72
3540 3542 10
4
55 56 11 12
3540 3542 10
6
58 80 82 98 65 62
3540 3542 10
5
76 13 10 57 58
3540 3542 10
7
99 83 81 59 56 11 12
3540 3542 10
2
76 13
3540 3542 10
2
102 69
3540 3542 10
9
73 23 3 4 16 62 68 103 55
3600 3602 10
7
99 83 81 59 56 11 12
3600 3602 10
5
80 82 98 65 62
3600 3602 10
7
57 58 80 82 21 22 74
3600 3602 10
3
57 58 37
3600 3602 10
12
8 100 103 7 8 100 103 7 8 45 46 37
3600 3602 10
5
81 59 56 11 12
3600 3602 10
6
75 23 20 83 35 36
3600 3602 10
6
58 80 82 98 65 62
3600 3602 10
7
16 64 15 5 2 22 72
3600 3602 10
6
46 80 82 98 15 16
3600 3602 10
5
4 16 62 68 103
3600 3602 10
10
96 75 23 20 83 81 59 56 11 12
3600 3602 10
8
12 76 13 10 57 54 102 69
3600 3602 10
5
73 23 3 4 16
3600 3602 10
4
101 45 46 37
3600 3602 10
5
36 47 44 9 6
3600 3602 10
2
68 103
3600 3602 10
4
55 56 11 12
3600 3602 10
8
75 23 3 4 16 62 68 103
3600 3602 10
7
102 69 63 17 5 2 20
3600 3602 10
4
73 23 20 83
3660 3662 10
6
4 14 99 83 35 36
3660 3662 10
6
73 23 20 83 81 47
3660 3662 10
5
80 82 21 22 72
3660 3662 10
8
73 23 3 4 16 62 68 103
3660 3662 10
8
4 14 99 83 81 59 56 11
3660 3662 10
10
76 13 10 57 58 80 82 21 22 74
3660 3662 10
5
57 58 80 82 21
3660 3662 10
5
80 82 98 65 62
3660 3662 10
5
16 62 68 103 55
3660 3662 10
4
57 54 102 69
3660 3662 10
6
68 103 55 56 11 12
3660 3662 10
6
73 23 3 4 16 62
3660 3662 10
8
75 23 20 83 81 59 56 11
3660 3662 10
5
76 13 10 57 54
3660 3662 10
4
101 45 46 59
3660 3662 10
2
102 101
3660 3662 10
6
36 47 44 9 6 55
3720 3722 10
5
81 47 44 9 6
3720 3722 10
4
57 54 102 69
3720 3722 10
6
73 23 20 83 81 47
3720 3722 10
5
57 58 80 82 21
3720 3722 10
2
73 74
3720 3722 10
4
102 101 45 46
3720 3722 10
6
36 80 82 21 22 74
3720 3722 10
6
4 14 99 83 35 36
3720 3722 10
10
76 13 10 57 58 80 82 21 22 74
3720 3722 10
6
73 23 3 4 16 62
3720 3722 10
5
76 13 10 57 54
3720 3722 10
5
80 82 21 22 72
3720 3722 10
8
75 23 20 83 81 59 56 11
3720 3722 10
3
98 65 62
3780 3782 10
2
73 74
3780 3782 10
5
81 47 44 9 6
3780 3782 10
6
73 23 20 83 81 47
3780 3782 10
6
45 46 59 56 11 12
3780 3782 10
6
73 23 3 4 16 62
3780 3782 10
6
58 80 82 21 22 74
3780 3782 10
5
76 13 10 57 54
3780 3782 10
8
75 23 3 4 16 62 68 103
3780 3782 10
6
68 103 55 56 11 12
3780 3782 10
8
75 23 20 83 81 59 56 11
3780 3782 10
5
16 62 68 103 55
3780 3782 10
8
73 23 3 4 16 62 68 103
3780 3782 10
5
57 58 80 82 21
3780 3782 10
4
102 101 45 46
3840 3842 10
6
73 23 3 4 16 62
3840 3842 10
6
68 103 55 56 11 12
3840 3842 10
8
73 23 3 4 16 62 68 103
3840 3842 10
5
80 82 21 22 72
3840 3842 10
6
4 14 99 83 35 36
3840 3842 10
6
36 80 82 21 22 74
3840 3842 10
9
8 45 46 80 82 21 22 74 97
3840 3842 10
4
68 103 55 56
3840 3842 10
5
57 58 80 82 21
3840 3842 10
4
102 101 45 46
3840 3842 10
4
101 45 46 59
3840 3842 10
2
102 69
3840 3842 10
6
45 46 59 56 11 12
3840 3842 10
4
57 54 102 69
3840 3842 10
8
76 13 10 57 58 80 82 21
3840 3842 10
6
73 23 20 83 81 47
3840 3842 10
4
58 80 82 98
3840 3842 10
6
36 47 44 9 6 55
3840 3842 10
5
76 13 10 57 54
3840 3842 10
5
81 47 44 9 6
3840 3842 10
10
76 13 10 57 58 80 82 21 22 74
3840 3842 10
2
102 101
3900 3902 10
5
81 47 44 9 6
3900 3902 10
5
4 16 62 68 103
3900 3902 10
6
45 46 59 56 11 12
3900 3902 10
4
58 80 82 98
3900 3902 10
2
73 74
3900 3902 10
5
16 62 68 103 55
3900 3902 10
10
76 13 10 57 58 80 82 21 22 74
3900 3902 10
2
102 101
3900 3902 10
8
75 23 20 83 81 59 56 11
3900 3902 10
6
73 23 20 83 81 47
3900 3902 10
6
4 14 99 83 35 36
3900 3902 10
8
4 14 99 83 81 59 56 11
3900 3902 10
3
98 65 62
3900 3902 10
9
8 45 46 80 82 21 22 74 97
3900 3902 10
6
76 13 10 57 58 47
3900 3902 10
8
75 23 3 4 16 62 68 103
3900 3902 10
2
68 101
3960 3962 10
5
76 13 10 57 54
3960 3962 10
5
57 58 80 82 21
3960 3962 10
6
76 13 10 57 58 47
3960 3962 10
2
73 74
3960 3962 10
6
73 23 3 4 16 62
3960 3962 10
4
58 80 82 98
3960 3962 10
6
58 80 82 21 22 74
3960 3962 10
10
76 13 10 57 58 80 82 21 22 74
3960 3962 10
8
75 23 20 83 81 59 56 11
4020 4022 10
8
101 45 46 80 82 98 15 16
4020 4022 10
6
36 47 44 9 6 55
4020 4022 10
5
16 62 68 103 55
4020 4022 10
1
55
4020 4022 10
2
73 74
4020 4022 10
4
58 80 82 98
4020 4022 10
5
81 47 44 9 6
4020 4022 10
2
73 74
4020 4022 10
6
73 23 20 83 81 47
4020 4022 10
8
73 23 3 4 16 62 68 103
4020 4022 10
4
57 54 102 69
4020 4022 10
2
68 101
4020 4022 10
6
36 80 82 21 22 74
4020 4022 10
6
45 46 59 56 11 12
4020 4022 10
6
73 23 3 4 16 62
4020 4022 10
5
57 58 80 82 21
4080 4082 10
6
45 46 59 56 11 12
4080 4082 10
5
76 13 10 57 54
4080 4082 10
8
75 23 20 83 81 59 56 11
4080 4082 10
6
4 14 99 83 35 36
4080 4082 10
8
4 14 99 83 81 59 56 11
4080 4082 10
2
73 74
4080 4082 10
6
73 23 3 4 16 62
4080 4082 10
5
80 82 21 22 72
4080 4082 10
5
16 62 68 103 55
4080 4082 10
6
73 23 20 83 81 47
4080 4082 10
6
68 103 55 56 11 12
4080 4082 10
5
80 82 98 65 62
4080 4082 10
8
101 45 46 80 82 98 15 16
4080 4082 10
6
76 13 10 57 58 47
4080 4082 10
6
58 80 82 21 22 74
4080 4082 10
8
102 69 63 17 5 2 22 74
4080 4082 10
4
58 80 82 98
4080 4082 10
1
55
4080 4082 10
9
8 45 46 80 82 21 22 74 97
4080 4082 10
2
68 101
4080 4082 10
4
102 101 45 46
4080 4082 10
10
76 13 10 57 58 80 82 21 22 74
4140 4142 10
5
16 62 68 103 55
4140 4142 10
6
73 23 3 4 16 62
4140 4142 10
5
80 82 98 65 62
4140 4142 10
6
73 23 20 83 81 47
4140 4142 10
4
58 80 82 98
4140 4142 10
5
81 47 44 9 6
4140 4142 10
6
4 14 99 83 35 36
4140 4142 10
6
76 13 10 57 58 47
4140 4142 10
8
76 13 10 57 58 80 82 21
4140 4142 10
6
36 80 82 21 22 74
4200 4202 10
8
75 23 20 83 81 59 56 11
4200 4202 10
6
73 23 3 4 16 62
4200 4202 10
5
81 47 44 9 6
4200 4202 10
1
55
4200 4202 10
9
8 45 46 80 82 21 22 74 97
4200 4202 10
5
57 58 80 82 21
4200 4202 10
4
102 101 45 46
4200 4202 10
6
4 14 99 83 35 36
4200 4202 10
4
101 45 46 59
4200 4202 10
6
68 103 55 56 11 12
4200 4202 10
2
102 69
4200 4202 10
5
4 16 62 68 103
4200 4202 10
6
76 13 10 57 58 47
4200 4202 10
6
73 23 20 83 81 47
4200 4202 10
2
68 101
4200 4202 10
4
58 80 82 98
4260 4262 10
9
8 45 46 80 82 21 22 74 97
4260 4262 10
2
73 74
4260 4262 10
10
76 13 10 57 58 80 82 21 22 74
4260 4262 10
6
68 103 55 56 11 12
4260 4262 10
7
75 23 20 83 81 59 56
4260 4262 10
6
73 23 3 4 16 62
4260 4262 10
5
80 82 21 22 72
4260 4262 10
6
73 23 20 83 81 47
4260 4262 10
5
76 13 10 57 54
4260 4262 10
8
76 13 10 57 58 80 82 21
4260 4262 10
6
45 46 59 56 11 12
4320 4322 10
6
36 80 82 21 22 74
4320 4322 10
2
73 74
4320 4322 10
4
102 101 45 46
4320 4322 10
5
16 62 68 103 55
4320 4322 10
6
4 14 99 83 35 36
4320 4322 10
4
58 80 82 98
4320 4322 10
6
73 23 20 83 81 47
4320 4322 10
6
73 23 3 4 16 62
4320 4322 10
6
68 103 55 56 11 12
4320 4322 10
4
68 103 55 56
4320 4322 10
5
81 47 44 9 6
4380 4382 10
6
68 103 55 56 11 12
4380 4382 10
5
4 16 62 68 103
4380 4382 10
5
76 13 10 57 54
4380 4382 10
4
68 103 55 56
4380 4382 10
2
102 69
4380 4382 10
9
8 45 46 80 82 21 22 74 97
4380 4382 10
6
76 13 10 57 58 47
4380 4382 10
6
73 23 3 4 16 62
4380 4382 10
5
57 58 80 82 21
4380 4382 10
6
36 47 44 9 6 55
4380 4382 10
10
76 13 10 57 58 80 82 21 22 74
4380 4382 10
6
4 14 99 83 35 36
4380 4382 10
8
76 13 10 57 58 80 82 21
4380 4382 10
8
102 69 63 17 5 2 22 74
4380 4382 10
5
81 47 44 9 6
4380 4382 10
8
75 23 20 83 81 59 56 11
4380 4382 10
5
16 62 68 103 55
4380 4382 10
6
45 46 59 56 11 12
4440 4442 10
2
68 101
4440 4442 10
6
4 14 99 83 35 36
4440 4442 10
10
76 13 10 57 58 80 82 21 22 74
4440 4442 10
6
73 23 3 4 16 62
4440 4442 10
4
58 80 82 98
4440 4442 10
5
4 16 62 68 103
4440 4442 10
5
81 47 44 9 6
4440 4442 10
2
102 101
4440 4442 10
21
75 23 20 83 81 59 56 11 12 76 13 10 57 58 47 44 9 6 55 56 11
4440 4442 10
5
16 62 68 103 55
4440 4442 10
2
73 74
4440 4442 10
5
76 13 10 57 54
4440 4442 10
8
75 23 3 4 16 62 68 103
4440 4442 10
1
55
4440 4442 10
5
80 82 21 22 72
4440 4442 10
2
102 69
4440 4442 10
4
57 54 102 69
4440 4442 10
4
102 101 45 46
4440 4442 10
6
36 80 82 21 22 74
4440 4442 10
7
75 23 20 83 81 59 56
4440 4442 10
5
80 82 98 65 62
4500 4502 10
5
16 62 68 103 55
4500 4502 10
2
73 74
4500 4502 10
5
76 13 10 57 54
4500 4502 10
6
58 80 82 21 22 74
4500 4502 10
8
101 45 46 80 82 98 15 16
4500 4502 10
6
73 23 3 4 16 62
4500 4502 10
6
45 46 59 56 11 12
4500 4502 10
6
68 103 55 56 11 12
4500 4502 10
6
73 23 20 83 81 47
4500 4502 10
5
81 47 44 9 6
4500 4502 10
5
80 82 21 22 72
4500 4502 10
4
68 103 55 56
4500 4502 10
2
102 101
4500 4502 10
6
4 14 99 83 35 36
4500 4502 10
8
75 23 20 83 81 59 56 11
4560 4562 10
6
76 13 10 57 58 47
4560 4562 10
8
75 23 20 83 81 59 56 11
4560 4562 10
2
73 74
4560 4562 10
6
73 23 20 83 81 47
4560 4562 10
4
58 80 82 98
4560 4562 10
5
16 62 68 103 55
4560 4562 10
6
73 23 3 4 16 62
4560 4562 10
8
76 13 10 57 58 80 82 21
4560 4562 10
6
4 14 99 83 35 36
4560 4562 10
5
16 62 68 103 55
4560 4562 10
4
102 101 45 46
4560 4562 10
8
75 23 3 4 16 62 68 103
4560 4562 10
5
80 82 21 22 72
4560 4562 10
5
76 13 10 57 54
4560 4562 10
8
73 23 3 4 16 62 68 103
4620 4622 10
5
16 62 68 103 55
4620 4622 10
5
4 16 62 68 103
4620 4622 10
5
80 82 21 22 72
4620 4622 10
1
55
4620 4622 10
4
57 54 102 69
4620 4622 10
6
4 14 99 83 35 36
4620 4622 10
6
45 46 59 56 11 12
4620 4622 10
6
76 13 10 57 58 47
4620 4622 10
8
75 23 3 4 16 62 68 103
4620 4622 10
4
102 101 45 46
4620 4622 10
2
102 69
4620 4622 10
5
57 58 80 82 21
4620 4622 10
2
68 101
4620 4622 10
9
8 45 46 80 82 21 22 74 97
4620 4622 10
8
76 13 10 57 58 80 82 21
4620 4622 10
6
73 23 20 83 81 47
4620 4622 10
8
4 14 99 83 81 59 56 11
4620 4622 10
6
58 80 82 21 22 74
4620 4622 10
6
73 23 3 4 16 62
4620 4622 10
2
73 74
4620 4622 10
6
68 103 55 56 11 12
4680 4682 10
4
58 80 82 98
4680 4682 10
5
4 16 62 68 103
4680 4682 10
6
45 46 59 56 11 12
4680 4682 10
5
80 82 21 22 72
4680 4682 10
5
16 62 68 103 55
4680 4682 10
4
102 101 45 46
4680 4682 10
6
73 23 3 4 16 62
4680 4682 10
6
58 80 82 21 22 74
4680 4682 10
8
75 23 20 83 81 59 56 11
4680 4682 10
6
68 103 55 56 11 12
4680 4682 10
5
57 58 80 82 21
4680 4682 10
6
73 23 20 83 81 47
4680 4682 10
6
4 14 99 83 35 36
4680 4682 10
2
73 74
4680 4682 10
6
76 13 10 57 58 47
4740 4742 10
8
4 14 99 83 81 59 56 11
4740 4742 10
10
76 13 10 57 58 80 82 21 22 74
4740 4742 10
6
58 80 82 21 22 74
4740 4742 10
6
73 23 3 4 16 62
4740 4742 10
1
55
4740 4742 10
5
76 13 10 57 54
4740 4742 10
5
81 47 44 9 6
4740 4742 10
2
73 74
4740 4742 10
5
16 62 68 103 55
4740 4742 10
8
73 23 3 4 16 62 68 103
4740 4742 10
6
73 23 20 83 81 47
4800 4802 10
5
76 13 10 57 54
4800 4802 10
4
57 54 102 69
4800 4802 10
4
68 103 55 56
4800 4802 10
6
45 46 59 56 11 12
4800 4802 10
6
58 80 82 21 22 74
4800 4802 10
8
75 23 20 83 81 59 56 11
4800 4802 10
5
16 62 68 103 55
4800 4802 10
5
80 82 21 22 72
4800 4802 10
5
80 82 98 65 62
4800 4802 10
2
73 74
4800 4802 10
6
68 103 55 56 11 12
4800 4802 10
6
4 14 99 83 35 36
4800 4802 10
5
57 58 80 82 21
4800 4802 10
8
76 13 10 57 58 80 82 21
4860 4862 10
9
16 64 99 83 81 59 56 11 12
4860 4862 10
5
75 23 20 83 35
4860 4862 10
5
36 59 56 11 12
4860 4862 10
9
12 76 13 10 57 58 80 82 98
4860 4862 10
10
76 13 10 57 58 80 82 21 22 72
4860 4862 10
10
76 13 10 57 58 80 82 21 22 74
4860 4862 10
5
76 13 10 57 54
4860 4862 10
6
58 80 82 98 65 62
4860 4862 10
6
36 47 44 9 6 55
4860 4862 10
6
4 16 62 68 103 55
4860 4862 10
8
75 23 3 4 16 62 68 103
4860 4862 10
4
82 98 15 16
4860 4862 10
6
36 80 82 98 15 16
4860 4862 10
3
68 101 45
4860 4862 10
7
57 58 80 82 21 22 74
4860 4862 10
6
58 80 82 21 22 72
4920 4922 10
8
102 69 63 17 5 2 22 74
4920 4922 10
10
76 13 10 57 58 80 82 21 22 72
4920 4922 10
5
36 59 56 11 12
4920 4922 10
6
83 81 47 44 9 6
4920 4922 10
9
16 64 99 83 81 59 56 11 12
4920 4922 10
10
76 13 10 57 58 80 82 21 22 74
4920 4922 10
10
68 103 55 56 11 12 76 13 10 57
4920 4922 10
13
56 11 12 76 13 10 57 58 80 82 21 22 72
4920 4922 10
9
73 23 3 4 16 62 68 103 55
4920 4922 10
5
76 13 10 57 54
4980 4982 10
5
36 59 56 11 12
4980 4982 10
4
45 46 59 56
4980 4982 10
9
12 76 13 10 57 58 80 82 98
4980 4982 10
4
68 103 55 56
4980 4982 10
6
83 81 47 44 9 6
4980 4982 10
10
65 17 14 99 83 81 59 56 11 12
4980 4982 10
5
102 101 45 46 37
4980 4982 10
10
76 13 10 57 58 80 82 21 22 74
4980 4982 10
10
76 13 10 57 58 80 82 21 22 72
4980 4982 10
7
76 13 10 57 54 102 69
4980 4982 10
8
75 23 3 4 16 62 68 103
4980 4982 10
8
73 23 3 4 16 62 68 103
4980 4982 10
8
102 69 63 17 5 2 22 74
4980 4982 10
6
58 80 82 98 65 62
4980 4982 10
6
73 23 3 4 16 62
5040 5042 10
10
76 13 10 57 58 80 82 21 22 74
5040 5042 10
5
76 13 10 57 54
5040 5042 10
8
75 23 3 4 16 62 68 103
5040 5042 10
5
75 23 20 83 35
5040 5042 10
10
76 13 10 57 58 80 82 21 22 74
5040 5042 10
6
58 80 82 21 22 74
5040 5042 10
6
83 81 47 44 9 6
5100 5102 10
8
75 23 3 4 16 62 68 103
5100 5102 10
9
73 23 3 4 16 62 68 103 55
5100 5102 10
10
76 13 10 57 58 80 82 21 22 74
5100 5102 10
5
76 13 10 57 54
5100 5102 10
7
102 69 63 17 5 2 22
5100 5102 10
6
68 103 55 56 11 12
5100 5102 10
6
58 80 82 21 22 72
5100 5102 10
3
68 101 45
5100 5102 10
6
36 80 82 98 65 62
5100 5102 10
5
36 59 56 11 12
5100 5102 10
6
45 46 59 56 11 12
5100 5102 10
7
99 83 81 59 56 11 12
5100 5102 10
6
83 81 47 44 9 6
5100 5102 10
5
102 101 45 46 37
5100 5102 10
9
12 76 13 10 57 58 80 82 98
5160 5162 10
6
36 47 44 9 6 55
5160 5162 10
5
102 101 45 46 37
5160 5162 10
6
58 80 82 21 22 74
5160 5162 10
5
36 59 56 11 12
5160 5162 10
6
83 81 47 44 9 6
5160 5162 10
6
68 103 55 56 11 12
5160 5162 10
7
102 69 63 17 5 2 22
5160 5162 10
7
76 13 10 57 54 102 69
5160 5162 10
10
76 13 10 57 58 80 82 21 22 74
5160 5162 10
5
68 101 45 46 59
5160 5162 10
7
99 83 81 59 56 11 12
5160 5162 10
4
82 98 15 16
5160 5162 10
4
45 46 59 56
5160 5162 10
5
76 13 10 57 54
5160 5162 10
9
73 23 3 4 16 62 68 103 55
5160 5162 10
5
75 23 20 83 35
5160 5162 10
10
76 13 10 57 58 80 82 21 22 72
5220 5222 10
3
68 103 7
5220 5222 10
4
102 101 45 46
5220 5222 10
8
75 23 3 4 16 62 68 103
5220 5222 10
5
75 23 20 83 35
5220 5222 10
10
76 13 10 57 58 80 82 21 22 74
5220 5222 10
7
99 83 81 59 56 11 12
5220 5222 10
5
36 59 56 11 12
5220 5222 10
6
45 46 59 56 11 12
5220 5222 10
4
45 46 59 56
5220 5222 10
7
102 69 63 17 5 2 22
5220 5222 10
7
58 80 82 21 22 74 97
5220 5222 10
5
68 101 45 46 59
5280 5282 10
5
76 13 10 57 54
5280 5282 10
9
12 76 13 10 57 58 80 82 98
5280 5282 10
3
68 103 7
5280 5282 10
13
56 11 12 76 13 10 57 58 80 82 21 22 72
5280 5282 10
7
76 13 10 57 54 102 69
5280 5282 10
4
45 46 59 56
5280 5282 10
7
102 69 63 17 5 2 22
5280 5282 10
7
99 83 81 59 56 11 12
5280 5282 10
5
75 23 20 83 35
5280 5282 10
5
102 101 45 46 37
5280 5282 10
6
58 80 82 21 22 74
5280 5282 10
9
73 23 3 4 16 62 68 103 55
5280 5282 10
5
36 59 56 11 12
5280 5282 10
6
68 103 55 56 11 12
5340 5342 10
7
99 83 81 59 56 11 12
5340 5342 10
7
76 13 10 57 54 102 69
5340 5342 10
8
102 69 63 17 5 2 22 74
5340 5342 10
10
76 13 10 57 58 80 82 21 22 72
5340 5342 10
6
58 80 82 98 65 62
5340 5342 10
6
68 103 55 56 11 12
5340 5342 10
8
75 23 3 4 16 62 68 103
5340 5342 10
9
73 23 3 4 16 62 68 103 55
5340 5342 10
10
68 103 55 56 11 12 76 13 10 57
5340 5342 10
7
57 58 80 82 21 22 74
5340 5342 10
5
76 13 10 57 54
5340 5342 10
3
68 101 45
5340 5342 10
9
12 76 13 10 57 58 80 82 98
5340 5342 10
5
75 23 20 83 35
5340 5342 10
10
76 13 10 57 58 80 82 21 22 74
5400 5402 10
10
65 17 14 99 83 81 59 56 11 12
5400 5402 10
5
75 23 20 83 35
5400 5402 10
5
76 13 10 57 54
5400 5402 10
6
83 81 47 44 9 6
5400 5402 10
8
75 23 3 4 16 62 68 103
5400 5402 10
7
102 69 63 17 5 2 22
5400 5402 10
10
76 13 10 57 58 80 82 21 22 72
5400 5402 10
5
36 59 56 11 12
5400 5402 10
6
58 80 82 21 22 74
5400 5402 10
6
58 80 82 98 65 62
5400 5402 10
10
76 13 10 57 58 80 82 21 22 74
5400 5402 10
9
73 23 3 4 16 62 68 103 55
5400 5402 10
8
102 69 63 17 5 2 22 74
5400 5402 10
6
36 47 44 9 6 55
5460 5462 10
10
76 13 10 57 58 80 82 21 22 74
5460 5462 10
6
45 46 59 56 11 12
5460 5462 10
10
76 13 10 57 58 80 82 21 22 72
5460 5462 10
3
68 101 45
5460 5462 10
6
58 80 82 21 22 72
5460 5462 10
10
65 17 14 99 83 81 59 56 11 12
5460 5462 10
6
36 80 82 98 15 16
5460 5462 10
8
75 23 3 4 16 62 68 103
5460 5462 10
6
83 81 47 44 9 6
5460 5462 10
7
76 13 10 57 54 102 69
5460 5462 10
5
36 59 56 11 12
5460 5462 10
9
73 23 3 4 16 62 68 103 55
5460 5462 10
5
102 101 45 46 37
5460 5462 10
7
102 69 63 17 5 2 22
5460 5462 10
8
73 23 3 4 16 62 68 103
5460 5462 10
3
68 103 7
5520 5522 10
9
16 64 99 83 81 59 56 11 12
5520 5522 10
9
12 76 13 10 57 58 80 82 98
5520 5522 10
8
75 23 3 4 16 62 68 103
5520 5522 10
5
36 59 56 11 12
5520 5522 10
6
45 46 59 56 11 12
5520 5522 10
1
68
5520 5522 10
10
76 13 10 57 58 80 82 21 22 74
5520 5522 10
7
102 69 63 17 5 2 22
5520 5522 10
6
36 47 44 9 6 55
5580 5582 10
6
83 81 47 44 9 6
5580 5582 10
6
73 23 3 4 16 62
5580 5582 10
10
76 13 10 57 58 80 82 21 22 74
5580 5582 10
5
68 101 45 46 59
5580 5582 10
3
68 101 45
5580 5582 10
5
75 23 20 83 35
5580 5582 10
8
75 23 3 4 16 62 68 103
5580 5582 10
7
76 13 10 57 54 102 69
5580 5582 10
9
12 76 13 10 57 58 80 82 98
5580 5582 10
9
73 23 3 4 16 62 68 103 55
5580 5582 10
7
99 83 81 59 56 11 12
5640 5642 10
4
45 46 59 56
5640 5642 10
7
57 58 80 82 21 22 72
5640 5642 10
5
102 101 45 46 37
5640 5642 10
3
68 103 7
5640 5642 10
6
83 81 47 44 9 6
5640 5642 10
10
76 13 10 57 58 80 82 21 22 74
5640 5642 10
9
73 23 3 4 16 62 68 103 55
5640 5642 10
7
76 13 10 57 54 102 69
5640 5642 10
6
58 80 82 98 65 62
5640 5642 10
7
99 83 81 59 56 11 12
5640 5642 10
6
45 46 59 56 11 12
5640 5642 10
5
76 13 10 57 54
5640 5642 10
8
75 23 3 4 16 62 68 103
5640 5642 10
5
36 59 56 11 12
5700 5702 10
4
45 46 59 56
5700 5702 10
6
58 80 82 98 65 62
5700 5702 10
6
58 80 82 21 22 72
5700 5702 10
8
75 23 3 4 16 62 68 103
5700 5702 10
6
68 103 55 56 11 12
5700 5702 10
9
73 23 3 4 16 62 68 103 55
5700 5702 10
5
36 59 56 11 12
5700 5702 10
10
76 13 10 57 58 80 82 21 22 74
5700 5702 10
5
102 101 45 46 37
5700 5702 10
7
99 83 81 59 56 11 12
5700 5702 10
10
76 13 10 57 58 80 82 21 22 72
5760 5762 10
6
45 46 59 56 11 12
5760 5762 10
5
76 13 10 57 54
5760 5762 10
4
68 103 55 56
5760 5762 10
10
76 13 10 57 58 80 82 21 22 74
5760 5762 10
9
73 23 3 4 16 62 68 103 55
5760 5762 10
6
58 80 82 98 65 62
5760 5762 10
9
12 76 13 10 57 58 80 82 98
5760 5762 10
7
99 83 81 59 56 11 12
5760 5762 10
6
36 80 82 98 15 16
5760 5762 10
8
75 23 3 4 16 62 68 103
5760 5762 10
7
102 69 63 17 5 2 22
5820 5822 10
5
76 13 10 57 54
5820 5822 10
8
73 23 3 4 16 62 68 103
5820 5822 10
8
75 23 3 4 16 62 68 103
5820 5822 10
6
45 46 59 56 11 12
5820 5822 10
7
99 83 81 59 56 11 12
5820 5822 10
6
83 81 47 44 9 6
5820 5822 10
7
57 58 80 82 21 22 72
5820 5822 10
3
68 101 45
5820 5822 10
5
102 101 45 46 37
5820 5822 10
5
36 59 56 11 12
5820 5822 10
10
76 13 10 57 58 80 82 21 22 74
5820 5822 10
9
12 76 13 10 57 58 80 82 98
5820 5822 10
9
73 23 3 4 16 62 68 103 55
5880 5882 10
8
75 23 3 4 16 62 68 103
5880 5882 10
7
76 13 10 57 54 102 69
5880 5882 10
3
68 101 45
5880 5882 10
7
99 83 81 59 56 11 12
5880 5882 10
5
36 59 56 11 12
5880 5882 10
4
45 46 59 56
5880 5882 10
10
76 13 10 57 58 80 82 21 22 74
5880 5882 10
6
36 47 44 9 6 55
5880 5882 10
10
68 103 55 56 11 12 76 13 10 57
5880 5882 10
5
102 101 45 46 37
5880 5882 10
9
73 23 3 4 16 62 68 103 55
5880 5882 10
7
99 83 81 59 56 11 12
5880 5882 10
7
57 58 80 82 21 22 72
5880 5882 10
6
36 80 82 98 15 16
5880 5882 10
6
83 81 47 44 9 6
5880 5882 10
8
73 23 3 4 16 62 68 103
5940 5942 10
7
99 83 81 59 56 11 12
5940 5942 10
8
75 23 3 4 16 62 68 103
5940 5942 10
9
73 23 3 4 16 62 68 103 55
5940 5942 10
10
76 13 10 57 58 80 82 21 22 74
5940 5942 10
4
45 46 59 56
5940 5942 10
8
73 23 3 4 16 62 68 103
5940 5942 10
5
76 13 10 57 54
5940 5942 10
5
102 101 45 46 37
5940 5942 10
7
57 58 80 82 21 22 74
5940 5942 10
7
102 69 63 17 5 2 22
5940 5942 10
10
76 13 10 57 58 80 82 21 22 72
6000 6002 10
10
76 13 10 57 58 80 82 21 22 74
6000 6002 10
6
68 103 55 56 11 12
6000 6002 10
6
58 80 82 21 22 72
6000 6002 10
5
76 13 10 57 54
6000 6002 10
9
16 64 99 83 81 59 56 11 12
6000 6002 10
6
83 81 47 44 9 6
6000 6002 10
9
12 76 13 10 57 58 80 82 98
6000 6002 10
9
73 23 3 4 16 62 68 103 55
6060 6062 10
8
73 23 3 4 16 62 68 103
6060 6062 10
3
68 101 45
6060 6062 10
4
55 56 11 12
6060 6062 10
5
46 59 56 11 12
6060 6062 10
6
73 23 3 4 16 62
6060 6062 10
6
58 80 82 21 22 74
6060 6062 10
9
75 23 3 4 16 62 68 103 55
6060 6062 10
4
57 54 102 69
6060 6062 10
6
75 23 20 83 35 36
6060 6062 10
6
73 23 20 83 35 36
6120 6122 10
6
68 101 45 46 37 34
6120 6122 10
9
73 23 20 83 81 59 56 11 12
6120 6122 10
6
73 23 20 83 35 36
6120 6122 10
4
68 103 55 56
6120 6122 10
6
58 80 82 21 22 74
6120 6122 10
5
102 101 45 46 37
6120 6122 10
4
102 101 45 46
6120 6122 10
5
46 59 56 11 12
6120 6122 10
9
75 23 3 4 16 62 68 103 55
6120 6122 10
8
75 23 20 83 81 59 56 11
6120 6122 10
4
57 54 102 69
6120 6122 10
10
76 13 10 57 58 80 82 21 22 74
6180 6182 10
7
57 58 80 82 21 22 72
6180 6182 10
5
46 59 56 11 12
6180 6182 10
3
100 103 55
6180 6182 10
4
68 103 55 56
6180 6182 10
4
75 23 20 83
6180 6182 10
13
56 11 12 76 13 10 57 58 80 82 21 22 74
6180 6182 10
7
76 13 10 57 54 102 69
6180 6182 10
8
73 23 3 4 16 62 68 103
6180 6182 10
4
57 54 102 69
6180 6182 10
6
68 101 45 46 37 34
6180 6182 10
4
36 59 56 11
6240 6242 10
6
58 80 82 21 22 74
6240 6242 10
8
76 13 10 57 58 80 82 98
6240 6242 10
5
46 59 56 11 12
6240 6242 10
7
57 58 80 82 21 22 72
6240 6242 10
6
73 23 20 83 35 36
6240 6242 10
5
102 101 45 46 37
6240 6242 10
2
68 103
6240 6242 10
3
100 103 55
6240 6242 10
4
75 23 20 83
6240 6242 10
4
47 44 9 6
6240 6242 10
6
73 23 3 4 16 62
6240 6242 10
4
36 59 56 11
6240 6242 10
6
68 101 45 46 37 34
6240 6242 10
5
80 82 98 65 62
6240 6242 10
4
55 56 11 12
6240 6242 10
4
58 80 82 21
6240 6242 10
4
58 80 82 98
6300 6302 10
9
68 103 55 56 11 12 76 13 10
6300 6302 10
6
68 101 45 46 37 34
6300 6302 10
13
56 11 12 76 13 10 57 58 80 82 21 22 74
6300 6302 10
8
73 23 3 4 16 62 68 103
6300 6302 10
5
102 101 45 46 37
6300 6302 10
4
47 44 9 6
6300 6302 10
6
73 23 20 83 35 36
6300 6302 10
8
102 69 63 17 5 2 22 72
6300 6302 10
10
76 13 10 57 58 80 82 21 22 72
6300 6302 10
3
100 103 55
6300 6302 10
5
46 59 56 11 12
6300 6302 10
3
68 101 45
6300 6302 10
4
58 80 82 21
6300 6302 10
13
56 11 12 76 13 10 57 58 80 82 21 22 74
6300 6302 10
6
75 23 20 83 35 36
6300 6302 10
4
57 54 102 69
6300 6302 10
8
102 69 63 17 5 2 22 74
6300 6302 10
9
68 101 45 46 80 82 21 22 74
6360 6362 10
6
68 101 45 46 37 34
6360 6362 10
5
68 103 55 56 11
6360 6362 10
5
46 59 56 11 12
6360 6362 10
5
102 101 45 46 37
6360 6362 10
7
57 58 80 82 21 22 72
6360 6362 10
4
55 56 11 12
6360 6362 10
8
75 23 20 83 81 59 56 11
6360 6362 10
6
68 101 45 46 37 34
6360 6362 10
7
76 13 10 57 54 102 69
6360 6362 10
4
58 80 82 21
6360 6362 10
6
75 23 20 83 35 36
6360 6362 10
4
102 101 45 46
6360 6362 10
3
100 103 55
6420 6422 10
6
58 80 82 21 22 72
6420 6422 10
5
46 59 56 11 12
6420 6422 10
6
68 101 45 46 37 34
6420 6422 10
8
76 13 10 57 58 80 82 98
6420 6422 10
8
102 69 63 17 5 2 22 72
6420 6422 10
6
46 80 82 21 22 74
6420 6422 10
5
80 82 98 65 62
6420 6422 10
6
73 23 20 83 35 36
6420 6422 10
13
56 11 12 76 13 10 57 58 80 82 21 22 74
6420 6422 10
7
76 13 10 57 54 102 69
6420 6422 10
4
55 56 11 12
6420 6422 10
5
102 101 45 46 37
6420 6422 10
3
101 45 46
6420 6422 10
8
73 23 3 4 16 62 68 103
6420 6422 10
4
47 44 9 6
6420 6422 10
9
73 23 20 83 81 59 56 11 12
6420 6422 10
9
75 23 3 4 16 62 68 103 55
6420 6422 10
6
58 80 82 98 65 62
6480 6482 10
6
73 23 20 83 35 36
6480 6482 10
8
73 23 3 4 16 62 68 103
6480 6482 10
8
76 13 10 57 58 80 82 98
6480 6482 10
6
58 80 82 98 65 62
6480 6482 10
6
36 80 82 98 65 62
6480 6482 10
6
68 101 45 46 37 34
6480 6482 10
3
68 101 45
6480 6482 10
5
46 59 56 11 12
6480 6482 10
8
75 23 20 83 81 59 56 11
6480 6482 10
4
55 56 11 12
6480 6482 10
4
102 101 45 46
6480 6482 10
7
57 58 80 82 21 22 72
6480 6482 10
6
46 80 82 21 22 74
6480 6482 10
7
57 58 80 82 21 22 74
6480 6482 10
5
80 82 98 65 62
6480 6482 10
9
73 23 20 83 81 59 56 11 12
6540 6542 10
6
73 23 3 4 16 62
6540 6542 10
3
68 101 45
6540 6542 10
6
75 23 20 83 35 36
6540 6542 10
6
64 15 5 2 22 74
6540 6542 10
6
68 101 45 46 37 34
6540 6542 10
9
68 101 45 46 80 82 21 22 74
6540 6542 10
13
56 11 12 76 13 10 57 58 80 82 21 22 74
6540 6542 10
8
75 23 3 4 16 62 68 103
6540 6542 10
9
73 23 20 83 81 59 56 11 12
6540 6542 10
6
36 80 82 98 65 62
6540 6542 10
5
46 59 56 11 12
6540 6542 10
10
76 13 10 57 58 80 82 98 15 16
6540 6542 10
4
47 44 9 6
6540 6542 10
7
76 13 10 57 54 102 69
6540 6542 10
4
58 80 82 21
6540 6542 10
5
46 59 56 11 12
6540 6542 10
3
100 103 55
6540 6542 10
6
73 23 20 83 35 36
6540 6542 10
4
57 54 102 69
6600 6602 10
4
68 103 55 56
6600 6602 10
6
68 101 45 46 37 34
6600 6602 10
7
57 58 80 82 21 22 72
6600 6602 10
4
55 56 11 12
6600 6602 10
5
46 59 56 11 12
6600 6602 10
6
64 15 5 2 22 74
6600 6602 10
8
73 23 3 4 16 62 68 103
6600 6602 10
7
57 58 80 82 21 22 74
6600 6602 10
5
80 82 98 65 62
6600 6602 10
8
76 13 10 57 58 80 82 98
6600 6602 10
2
68 103
6600 6602 10
5
102 101 45 46 37
6600 6602 10
4
57 54 102 69
6600 6602 10
8
75 23 20 83 81 59 56 11
6600 6602 10
7
76 13 10 57 54 102 69
6660 6662 10
8
76 13 10 57 58 80 82 98
6660 6662 10
8
75 23 3 4 16 62 68 103
6660 6662 10
13
56 11 12 76 13 10 57 58 80 82 21 22 74
6660 6662 10
5
102 101 45 46 37
6660 6662 10
5
46 59 56 11 12
6660 6662 10
4
47 44 9 6
6660 6662 10
6
68 101 45 46 37 34
6660 6662 10
4
68 103 55 56
6660 6662 10
4
57 54 102 69
6660 6662 10
7
57 58 80 82 21 22 72
6660 6662 10
10
76 13 10 57 58 80 82 21 22 74
6660 6662 10
6
75 23 20 83 35 36
6660 6662 10
9
75 23 3 4 16 62 68 103 55
6660 6662 10
5
80 82 98 65 62
6660 6662 10
4
102 101 45 46
6660 6662 10
6
58 80 82 21 22 74
6660 6662 10
9
68 101 45 46 80 82 21 22 74
6720 6722 10
4
68 103 55 56
6720 6722 10
6
75 23 20 83 35 36
6720 6722 10
6
58 80 82 21 22 74
6720 6722 10
6
73 23 3 4 16 62
6720 6722 10
4
47 44 9 6
6720 6722 10
5
46 59 56 11 12
6720 6722 10
7
57 58 80 82 21 22 72
6720 6722 10
9
68 101 45 46 80 82 21 22 74
6720 6722 10
8
75 23 20 83 81 59 56 11
6720 6722 10
6
73 23 20 83 35 36
6720 6722 10
5
80 82 98 65 62
6720 6722 10
6
68 101 45 46 37 34
6720 6722 10
8
73 23 3 4 16 62 68 103
6780 6782 10
5
80 82 98 65 62
6780 6782 10
9
75 23 3 4 16 62 68 103 55
6780 6782 10
8
76 13 10 57 58 80 82 98
6780 6782 10
6
58 80 82 21 22 74
6780 6782 10
6
68 101 45 46 37 34
6780 6782 10
4
57 54 102 69
6780 6782 10
6
75 23 20 83 35 36
6780 6782 10
6
36 80 82 98 65 62
6780 6782 10
7
57 58 80 82 21 22 72
6780 6782 10
3
100 103 55
6780 6782 10
4
68 103 55 56
6780 6782 10
4
75 23 20 83
6840 6842 10
6
75 23 20 83 35 36
6840 6842 10
5
68 103 55 56 11
6840 6842 10
4
55 56 11 12
6840 6842 10
8
75 23 20 83 81 59 56 11
6840 6842 10
10
76 13 10 57 58 80 82 21 22 74
6840 6842 10
4
57 54 102 69
6840 6842 10
4
47 44 9 6
6840 6842 10
8
76 13 10 57 58 80 82 98
6840 6842 10
5
46 59 56 11 12
6840 6842 10
5
102 101 45 46 37
6840 6842 10
4
36 59 56 11
6840 6842 10
3
100 103 55
6840 6842 10
6
58 80 82 21 22 74
6840 6842 10
6
73 23 20 83 35 36
6840 6842 10
9
75 23 3 4 16 62 68 103 55
6840 6842 10
4
75 23 20 83
6840 6842 10
8
102 69 63 17 5 2 22 72
6900 6902 10
7
57 58 80 82 21 22 72
6900 6902 10
10
56 11 12 76 13 10 57 54 102 69
6900 6902 10
8
73 23 3 4 16 62 68 103
6900 6902 10
10
76 13 10 57 58 80 82 21 22 74
6900 6902 10
5
46 59 56 11 12
6900 6902 10
4
47 44 9 6
6900 6902 10
3
100 103 55
6900 6902 10
6
68 101 45 46 37 34
6900 6902 10
6
58 80 82 21 22 74
6900 6902 10
6
75 23 20 83 35 36
6900 6902 10
6
73 23 20 83 35 36
6960 6962 10
5
68 103 55 56 11
6960 6962 10
6
73 23 20 83 35 36
6960 6962 10
6
58 80 82 21 22 74
6960 6962 10
6
75 23 20 83 35 36
6960 6962 10
6
68 101 45 46 37 34
6960 6962 10
5
80 82 98 65 62
6960 6962 10
10
56 11 12 76 13 10 57 54 102 69
6960 6962 10
4
47 44 9 6
6960 6962 10
4
58 80 82 21
6960 6962 10
5
46 59 56 11 12
6960 6962 10
3
68 101 45
6960 6962 10
6
36 80 82 98 65 62
6960 6962 10
4
102 101 45 46
6960 6962 10
7
76 13 10 57 54 102 69
6960 6962 10
3
100 103 55
6960 6962 10
4
55 56 11 12
7020 7022 10
6
68 101 45 46 37 34
7020 7022 10
6
73 23 20 83 35 36
7020 7022 10
2
68 103
7020 7022 10
8
75 23 20 83 81 59 56 11
7020 7022 10
8
76 13 10 57 58 80 82 98
7020 7022 10
8
73 23 3 4 16 62 68 103
7020 7022 10
7
57 58 80 82 21 22 72
7020 7022 10
6
36 47 44 9 6 55
7020 7022 10
13
56 11 12 76 13 10 57 58 80 82 21 22 74
7020 7022 10
7
76 13 10 57 54 102 69
7020 7022 10
5
80 82 98 65 62
7020 7022 10
5
46 59 56 11 12
7080 7082 10
7
76 13 10 57 54 102 69
7080 7082 10
4
102 101 45 46
7080 7082 10
7
57 58 80 82 21 22 72
7080 7082 10
9
68 103 55 56 11 12 76 13 10
7080 7082 10
6
58 80 82 21 22 74
7080 7082 10
4
57 54 102 69
7080 7082 10
8
76 13 10 57 58 80 82 98
7080 7082 10
6
75 23 20 83 35 36
7080 7082 10
6
73 23 3 4 16 62
7080 7082 10
6
73 23 20 83 35 36
7080 7082 10
3
100 103 55
7080 7082 10
4
55 56 11 12
7080 7082 10
3
68 101 45
7080 7082 10
5
46 59 56 11 12
7080 7082 10
4
47 44 9 6
7080 7082 10
6
68 101 45 46 37 34
7080 7082 10
8
75 23 20 83 81 59 56 11
7140 7142 10
5
102 101 45 46 37
7140 7142 10
4
47 44 9 6
7140 7142 10
9
68 103 55 56 11 12 76 13 10
7140 7142 10
6
36 80 82 98 65 62
7140 7142 10
4
58 80 82 21
7140 7142 10
13
56 11 12 76 13 10 57 58 80 82 21 22 72
7140 7142 10
6
68 101 45 46 37 34
7140 7142 10
8
73 23 3 4 16 62 68 103
7140 7142 10
4
102 69 63 17
7140 7142 10
4
55 56 11 12
7140 7142 10
8
76 13 10 57 58 80 82 98
7140 7142 10
6
73 23 20 83 35 36
7140 7142 10
3
100 103 55
7200 7202 10
7
76 13 10 57 54 102 69
7200 7202 10
7
57 58 80 82 21 22 72
7200 7202 10
6
68 101 45 46 37 34
7200 7202 10
6
73 23 3 4 16 62
7200 7202 10
6
75 23 20 83 35 36
7200 7202 10
4
68 103 55 56
7200 7202 10
4
55 56 11 12
7200 7202 10
4
47 44 9 6
7200 7202 10
6
58 80 82 98 65 62
7200 7202 10
5
102 101 45 46 37
7200 7202 10
6
73 23 20 83 35 36
7200 7202 10
8
73 23 3 4 16 62 68 103
7200 7202 10
5
46 59 56 11 12
7200 7202 10
8
75 23 20 83 81 59 56 11
7200 7202 10
6
68 101 45 46 37 34
