190
48.3814545 10.8730116 1 0
48.3826675 10.941596 2 0
48.3576431 10.8490219 3 0
48.3800964 10.8568859 4 0
48.337822 10.8876781 5 0
48.3374901 10.9016733 6 0
48.3700485 10.9059181 7 1
48.390564 10.8630447 8 0
48.3680305 10.8892984 9 0
48.3796043 10.8491697 10 0
48.3815651 10.9016972 11 1
48.3669167 10.8491001 12 0
48.3916054 10.9413185 13 0
48.3599815 10.8966827 14 0
48.3376808 10.9078312 15 0
48.3909798 10.8607044 16 0
48.3428917 10.8850451 17 0
48.3426704 10.8744202 18 0
48.3433952 10.8740625 19 1
48.3813324 10.8711185 20 0
48.3392944 10.9071226 21 1
48.395813 10.9185858 22 0
48.3930969 10.849225 23 0
48.3690643 10.9416246 24 0
48.3374939 10.8570766 25 0
48.3959312 10.9310265 26 0
48.3649368 10.893117 27 0
48.3587875 10.9415894 28 0
48.3512039 10.8493185 29 0
48.355175 10.9265194 30 0
48.3858986 10.8490582 31 0
48.3743858 10.8489389 32 0
48.3564072 10.9132328 33 0
48.395668 10.8818731 34 0
48.3699339 10.8783321 35 1
48.3821712 10.9359559 36 1
48.3593872 10.9059812 37 1
48.3649159 10.8799921 38 1
48.365829 10.9038838 39 1
48.3553104 10.9274203 40 1
48.362275 10.8686433 41 1
48.3609013 10.9055284 42 1
48.3433116 10.8744848 43 1
48.3385383 10.8681012 44 1
48.383262 10.9365007 45 0
48.3621931 10.864093 46 0
48.3648125 10.8779499 47 0
48.3510994 10.9029332 48 0
48.3792583 10.8813436 49 1
48.3904638 10.9152747 50 0
48.3825912 10.941254 51 0
48.389946 10.8684435 52 1
48.3842987 10.8805621 53 0
48.3676884 10.8890346 54 0
48.3508616 10.9032538 55 1
48.3400316 10.9067645 56 1
48.3705208 10.9094506 57 1
48.378528 10.8825454 58 1
48.358663 10.9025347 59 1
48.3485441 10.9041452 60 0
48.3691325 10.891631 61 1
48.3856312 10.8806372 62 1
48.3565108 10.9104987 63 1
48.3706511 10.9010274 64 1
48.3659 10.881686 65 1
48.3552227 10.9350395 66 1
48.3839336 10.9370621 67 0
48.3526292 10.8539508 68 0
48.391201 10.9152235 69 0
48.378289 10.9144424 70 0
48.341954 10.8686448 71 1
48.3796753 10.8977929 72 1
48.3476677 10.8718384 73 0
48.3810973 10.9161018 74 1
48.3599777 10.8972421 75 1
48.3646651 10.8946282 76 0
48.3684387 10.879611 77 1
48.3643646 10.9044342 78 0
48.3480148 10.8720436 79 0
48.3695917 10.8925195 80 1
48.3649574 10.8936639 81 1
48.3707139 10.8906976 82 1
48.3888979 10.9364283 83 1
48.3779377 10.8876985 84 0
48.3797902 10.9211385 85 0
48.3811235 10.8702712 86 1
48.362174 10.9228628 87 0
48.3741195 10.8840874 88 1
48.3743834 10.9294701 89 1
48.3806438 10.8489866 90 0
48.3800803 10.9152743 91 0
48.3806114 10.8633597 92 0
48.3809549 10.8666747 93 0
48.3490334 10.8726825 94 0
48.3796907 10.8499609 95 1
48.362836 10.8637843 96 1
48.3660593 10.8824568 97 0
48.3459106 10.8756855 98 0
48.3803964 10.9199243 99 0
48.3826747 10.8803743 100 0
48.3491638 10.9039009 101 0
48.3620224 10.9167868 102 0
48.3380074 10.8826071 103 1
48.3377991 10.8940958 104 0
48.3612237 10.8912783 105 1
48.3627103 10.9253387 106 0
48.3497813 10.877954 107 0
48.352272 10.9014938 108 1
48.3676384 10.8858544 109 1
48.3745957 10.9290194 110 0
48.3660787 10.9047241 111 0
48.3442771 10.8749827 112 0
48.3849004 10.9081361 113 0
48.3600204 10.9057306 114 0
48.3636436 10.9294311 115 1
48.3608889 10.9157254 116 1
48.348308 10.8770234 117 0
48.3792925 10.8806321 118 0
48.3506081 10.8786788 119 0
48.3773155 10.889529 120 0
48.3787435 10.9225457 121 1
48.3584366 10.921215 122 0
48.3376218 10.8991632 123 1
48.3654213 10.888084 124 0
48.3702354 10.8900018 125 1
48.3663529 10.9035813 126 0
48.3857625 10.9072905 127 1
48.3934952 10.9150425 128 1
48.3666779 10.8868086 129 1
48.3720074 10.8698688 130 1
48.3813317 10.8807487 131 0
48.3412247 10.900077 132 1
48.3809973 10.9168204 133 0
48.3696016 10.9015207 134 1
48.3602847 10.8897848 135 1
48.3525829 10.8531452 136 0
48.3684692 10.8799613 137 0
48.3521347 10.9023204 138 1
48.3627768 10.9256654 139 0
48.3550932 10.8853263 140 1
48.3764915 10.9289214 141 0
48.362353 10.9236998 142 0
48.3379511 10.8735629 143 1
48.3742078 10.9301679 144 0
48.3662936 10.9051832 145 0
48.3558846 10.9093024 146 1
48.3574915 10.9100332 147 1
48.3378391 10.9074626 148 1
48.354868 10.9415721 149 0
48.3770905 10.8926988 150 0
48.34202 10.8690052 151 0
48.3579779 10.9023278 152 0
48.3421192 10.8693361 153 1
48.3855829 10.9076848 154 1
48.3433342 10.8736493 155 1
48.3795382 10.8986371 156 1
48.3775973 10.9140694 157 1
48.3468342 10.8711791 158 0
48.3798962 10.8545404 159 0
48.38256 10.9024582 160 0
48.3683128 10.8865064 161 1
48.3689951 10.8788336 162 1
48.386854 10.8782023 163 0
48.3540634 10.9073709 164 0
48.3651758 10.9041872 165 0
48.3640282 10.9044468 166 0
48.3744831 10.8490482 167 0
48.365448 10.8933007 168 0
48.3857028 10.8816191 169 0
48.3773842 10.8935845 170 0
48.3654051 10.8569591 171 1
48.3376503 10.8679056 172 0
48.378932 10.9222532 173 0
48.3456535 10.8858322 174 0
48.3747463 10.8490043 175 0
48.3596789 10.8984782 176 0
48.3592084 10.9194749 177 0
48.3620357 10.9165304 178 0
48.3820438 10.9345217 179 0
48.3894291 10.9358966 180 0
48.3698196 10.8932883 181 0
48.358408 10.908773 182 0
48.3586578 10.8883912 183 0
48.3739319 10.8843101 184 0
48.3819631 10.9340909 185 1
48.3958702 10.8646832 186 0
48.352457 10.8802984 187 0
48.3549786 10.9415922 188 0
48.34408 10.8747539 189 1
48.3738861 10.9269843 190 0
224
189 19 92.04936779448707 16.67 3 3 2 3
1 0 0 0 1 0 0 0 1
1 0 0 0 1 0 0 0 1
189 43 64.194473558057 16.67 3 3 4 5
1 0 0 0 1 0 0 0 1
1 0 0 0 1 0 0 0 1
189 112 29.318366170479592 16.67 3 3 6 7
1 0 0 0 1 0 0 0 1
1 0 0 0 1 0 0 0 1
190 63 2237.8624595203064 16.67 3 3 8 9
1 0 0 0 1 0 0 0 1
1 0 0 0 1 0 0 0 1
190 141 288.8596411430277 16.67 3 3 10 11
1 0 0 0 1 0 0 0 1
1 0 0 0 1 0 0 0 1
134 7 490.11192682108344 16.67 3 3 12 13
1 0 0 0 1 0 0 0 1
1 0 0 0 1 0 0 0 1
134 126 331.8183371297169 16.67 3 3 14 15
1 0 0 0 1 0 0 0 1
1 0 0 0 1 0 0 0 1
134 64 94.97454617717563 16.67 3 3 16 17
1 0 0 0 1 0 0 0 1
1 0 0 0 1 0 0 0 1
135 65 991.576603587208 16.67 3 3 18 19
1 0 0 0 1 0 0 0 1
1 0 0 0 1 0 0 0 1
135 105 179.98928968850927 16.67 3 3 20 21
1 0 0 0 1 0 0 0 1
1 0 0 0 1 0 0 0 1
135 140 626.8567850339418 16.67 3 3 22 23
1 0 0 0 1 0 0 0 1
1 0 0 0 1 0 0 0 1
135 183 196.12693508962013 16.67 3 3 24 25
1 0 0 0 1 0 0 0 1
1 0 0 0 1 0 0 0 1
136 68 89.64947388123966 16.67 3 3 26 27
1 0 0 0 1 0 0 0 1
1 0 0 0 1 0 0 0 1
136 29 437.56786890502684 16.67 3 3 28 29
1 0 0 0 1 0 0 0 1
1 0 0 0 1 0 0 0 1
137 77 39.0190968388556 16.67 3 3 30 31
1 0 0 0 1 0 0 0 1
1 0 0 0 1 0 0 0 1
137 161 727.918512387052 16.67 3 3 32 33
1 0 0 0 1 0 0 0 1
1 0 0 0 1 0 0 0 1
138 152 431.8087310669388 16.67 3 3 34 35
1 0 0 0 1 0 0 0 1
1 0 0 0 1 0 0 0 1
138 108 92.47769502640949 16.67 3 3 36 37
1 0 0 0 1 0 0 0 1
1 0 0 0 1 0 0 0 1
138 48 102.45545541400158 16.67 3 3 38 39
1 0 0 0 1 0 0 0 1
1 0 0 0 1 0 0 0 1
139 106 36.66035704999909 16.67 3 3 40 41
1 0 0 0 1 0 0 0 1
1 0 0 0 1 0 0 0 1
139 115 423.6214680829377 16.67 3 3 42 43
1 0 0 0 1 0 0 0 1
1 0 0 0 1 0 0 0 1
140 108 1809.9013441861014 16.67 3 3 44 45
1 0 0 0 1 0 0 0 1
1 0 0 0 1 0 0 0 1
140 187 592.0754798292796 16.67 3 3 46 47
1 0 0 0 1 0 0 0 1
1 0 0 0 1 0 0 0 1
140 174 699.8108853532788 16.67 3 3 48 49
1 0 0 0 1 0 0 0 1
1 0 0 0 1 0 0 0 1
141 185 702.7101060372493 16.67 3 3 50 51
1 0 0 0 1 0 0 0 1
1 0 0 0 1 0 0 0 1
142 87 94.0108023241403 16.67 3 3 52 53
1 0 0 0 1 0 0 0 1
1 0 0 0 1 0 0 0 1
142 106 184.15063518848444 16.67 3 3 54 55
1 0 0 0 1 0 0 0 1
1 0 0 0 1 0 0 0 1
143 44 608.8998614333213 16.67 3 3 56 57
1 0 0 0 1 0 0 0 1
1 0 0 0 1 0 0 0 1
143 103 1005.7398014515603 16.67 3 3 58 59
1 0 0 0 1 0 0 0 1
1 0 0 0 1 0 0 0 1
143 18 361.64144128651816 16.67 3 3 60 61
1 0 0 0 1 0 0 0 1
1 0 0 0 1 0 0 0 1
144 24 1329.4515255974088 16.67 3 3 62 63
1 0 0 0 1 0 0 0 1
1 0 0 0 1 0 0 0 1
144 89 78.67326252728242 16.67 3 3 64 65
1 0 0 0 1 0 0 0 1
1 0 0 0 1 0 0 0 1
145 57 568.0861445918337 16.67 3 3 66 67
1 0 0 0 1 0 0 0 1
1 0 0 0 1 0 0 0 1
145 111 53.464440993181704 16.67 3 3 68 69
1 0 0 0 1 0 0 0 1
1 0 0 0 1 0 0 0 1
146 147 143.88667566116922 16.67 3 3 70 71
1 0 0 0 1 0 0 0 1
1 0 0 0 1 0 0 0 1
146 63 140.84846772101605 16.67 3 3 72 73
1 0 0 0 1 0 0 0 1
1 0 0 0 1 0 0 0 1
146 164 253.46333274933656 16.67 3 3 74 75
1 0 0 0 1 0 0 0 1
1 0 0 0 1 0 0 0 1
147 182 155.6420252740242 16.67 3 3 76 77
1 0 0 0 1 0 0 0 1
1 0 0 0 1 0 0 0 1
147 63 89.05494535728558 16.67 3 3 78 79
1 0 0 0 1 0 0 0 1
1 0 0 0 1 0 0 0 1
148 148 0.0 16.67 3 3 80 81
1 0 0 0 1 0 0 0 1
1 0 0 0 1 0 0 0 1
148 21 114.02641849197848 16.67 3 3 82 83
1 0 0 0 1 0 0 0 1
1 0 0 0 1 0 0 0 1
35 88 710.7791350512147 16.67 3 3 84 85
1 0 0 0 1 0 0 0 1
1 0 0 0 1 0 0 0 1
35 130 953.5179010226569 16.67 3 3 86 87
1 0 0 0 1 0 0 0 1
1 0 0 0 1 0 0 0 1
35 162 88.99317348697555 16.67 3 3 88 89
1 0 0 0 1 0 0 0 1
1 0 0 0 1 0 0 0 1
150 170 100.85222423815843 16.67 3 3 90 91
1 0 0 0 1 0 0 0 1
1 0 0 0 1 0 0 0 1
150 120 352.87898610705986 16.67 3 3 92 93
1 0 0 0 1 0 0 0 1
1 0 0 0 1 0 0 0 1
30 33 1480.2966461690592 16.67 3 3 94 95
1 0 0 0 1 0 0 0 1
1 0 0 0 1 0 0 0 1
30 40 100.68007728186349 16.67 3 3 96 97
1 0 0 0 1 0 0 0 1
1 0 0 0 1 0 0 0 1
36 179 159.76291878617766 16.67 3 3 98 99
1 0 0 0 1 0 0 0 1
1 0 0 0 1 0 0 0 1
36 51 589.9742063438896 16.67 3 3 100 101
1 0 0 0 1 0 0 0 1
1 0 0 0 1 0 0 0 1
36 45 100.79911933111521 16.67 3 3 102 103
1 0 0 0 1 0 0 0 1
1 0 0 0 1 0 0 0 1
37 114 54.45676765145088 16.67 3 3 104 105
1 0 0 0 1 0 0 0 1
1 0 0 0 1 0 0 0 1
37 182 318.77255451005556 16.67 3 3 106 107
1 0 0 0 1 0 0 0 1
1 0 0 0 1 0 0 0 1
37 59 386.9744628535313 16.67 3 3 108 109
1 0 0 0 1 0 0 0 1
1 0 0 0 1 0 0 0 1
18 43 47.9343243364632 16.67 3 3 110 111
1 0 0 0 1 0 0 0 1
1 0 0 0 1 0 0 0 1
38 65 201.90944024818015 16.67 3 3 112 113
1 0 0 0 1 0 0 0 1
1 0 0 0 1 0 0 0 1
38 47 227.22473870382163 16.67 3 3 114 115
1 0 0 0 1 0 0 0 1
1 0 0 0 1 0 0 0 1
38 94 1427.445557179001 16.67 3 3 116 117
1 0 0 0 1 0 0 0 1
1 0 0 0 1 0 0 0 1
38 162 327.75419169043556 16.67 3 3 118 119
1 0 0 0 1 0 0 0 1
1 0 0 0 1 0 0 0 1
39 126 51.280202660134464 16.67 3 3 120 121
1 0 0 0 1 0 0 0 1
1 0 0 0 1 0 0 0 1
39 165 58.88233238664352 16.67 3 3 122 123
1 0 0 0 1 0 0 0 1
1 0 0 0 1 0 0 0 1
39 111 95.24644333616507 16.67 3 3 124 125
1 0 0 0 1 0 0 0 1
1 0 0 0 1 0 0 0 1
40 66 847.2934300474441 16.67 3 3 126 127
1 0 0 0 1 0 0 0 1
1 0 0 0 1 0 0 0 1
40 122 727.6820276556331 16.67 3 3 128 129
1 0 0 0 1 0 0 0 1
1 0 0 0 1 0 0 0 1
41 46 506.03766660675706 16.67 3 3 130 131
1 0 0 0 1 0 0 0 1
1 0 0 0 1 0 0 0 1
41 47 1051.7553474428096 16.67 3 3 132 133
1 0 0 0 1 0 0 0 1
1 0 0 0 1 0 0 0 1
41 68 1782.502124741052 16.67 3 3 134 135
1 0 0 0 1 0 0 0 1
1 0 0 0 1 0 0 0 1
41 96 541.9169504721957 16.67 3 3 136 137
1 0 0 0 1 0 0 0 1
1 0 0 0 1 0 0 0 1
42 114 68.86104972893679 16.67 3 3 138 139
1 0 0 0 1 0 0 0 1
1 0 0 0 1 0 0 0 1
42 166 260.46839960376315 16.67 3 3 140 141
1 0 0 0 1 0 0 0 1
1 0 0 0 1 0 0 0 1
42 116 1133.9249798198819 16.67 3 3 142 143
1 0 0 0 1 0 0 0 1
1 0 0 0 1 0 0 0 1
43 19 47.36528774255634 16.67 3 3 144 145
1 0 0 0 1 0 0 0 1
1 0 0 0 1 0 0 0 1
43 155 92.92410696997895 16.67 3 3 146 147
1 0 0 0 1 0 0 0 1
1 0 0 0 1 0 0 0 1
151 153 37.52008794671837 16.67 3 3 148 149
1 0 0 0 1 0 0 0 1
1 0 0 0 1 0 0 0 1
151 71 40.37293414564183 16.67 3 3 150 151
1 0 0 0 1 0 0 0 1
1 0 0 0 1 0 0 0 1
44 71 259.620404576123 16.67 3 3 152 153
1 0 0 0 1 0 0 0 1
1 0 0 0 1 0 0 0 1
44 25 1228.3835542879715 16.67 3 3 154 155
1 0 0 0 1 0 0 0 1
1 0 0 0 1 0 0 0 1
44 172 69.14999026872803 16.67 3 3 156 157
1 0 0 0 1 0 0 0 1
1 0 0 0 1 0 0 0 1
45 67 79.73417985438368 16.67 3 3 158 159
1 0 0 0 1 0 0 0 1
1 0 0 0 1 0 0 0 1
152 59 55.60570797816316 16.67 3 3 160 161
1 0 0 0 1 0 0 0 1
1 0 0 0 1 0 0 0 1
46 96 58.606331120745274 16.67 3 3 162 163
1 0 0 0 1 0 0 0 1
1 0 0 0 1 0 0 0 1
153 71 77.83750923869611 16.67 3 3 164 165
1 0 0 0 1 0 0 0 1
1 0 0 0 1 0 0 0 1
153 155 487.9705199115603 16.67 3 3 166 167
1 0 0 0 1 0 0 0 1
1 0 0 0 1 0 0 0 1
48 55 39.747274300810055 16.67 3 3 168 169
1 0 0 0 1 0 0 0 1
1 0 0 0 1 0 0 0 1
49 118 79.16038330932179 16.67 3 3 170 171
1 0 0 0 1 0 0 0 1
1 0 0 0 1 0 0 0 1
49 131 166.8188613208962 16.67 3 3 172 173
1 0 0 0 1 0 0 0 1
1 0 0 0 1 0 0 0 1
49 58 144.11722848995927 16.67 3 3 174 175
1 0 0 0 1 0 0 0 1
1 0 0 0 1 0 0 0 1
154 128 1005.4223684977969 16.67 3 3 176 177
1 0 0 0 1 0 0 0 1
1 0 0 0 1 0 0 0 1
154 11 728.9534894921347 16.67 3 3 178 179
1 0 0 0 1 0 0 0 1
1 0 0 0 1 0 0 0 1
154 127 45.809062558349076 16.67 3 3 180 181
1 0 0 0 1 0 0 0 1
1 0 0 0 1 0 0 0 1
154 113 71.12695613813517 16.67 3 3 182 183
1 0 0 0 1 0 0 0 1
1 0 0 0 1 0 0 0 1
50 74 697.74478829889 16.67 3 3 184 185
1 0 0 0 1 0 0 0 1
1 0 0 0 1 0 0 0 1
50 69 54.73444536737551 16.67 3 3 186 187
1 0 0 0 1 0 0 0 1
1 0 0 0 1 0 0 0 1
51 2 38.4462297056427 16.67 3 3 188 189
1 0 0 0 1 0 0 0 1
1 0 0 0 1 0 0 0 1
155 19 46.1692491276948 16.67 3 3 190 191
1 0 0 0 1 0 0 0 1
1 0 0 0 1 0 0 0 1
8 52 602.0881545347459 16.67 3 3 192 193
1 0 0 0 1 0 0 0 1
1 0 0 0 1 0 0 0 1
8 16 262.0505361503176 16.67 3 3 194 195
1 0 0 0 1 0 0 0 1
1 0 0 0 1 0 0 0 1
52 163 1108.956020892881 16.67 3 3 196 197
1 0 0 0 1 0 0 0 1
1 0 0 0 1 0 0 0 1
52 186 605.1695052383666 16.67 3 3 198 199
1 0 0 0 1 0 0 0 1
1 0 0 0 1 0 0 0 1
53 100 121.74115501629268 16.67 3 3 200 201
1 0 0 0 1 0 0 0 1
1 0 0 0 1 0 0 0 1
53 62 98.7622649517558 16.67 3 3 202 203
1 0 0 0 1 0 0 0 1
1 0 0 0 1 0 0 0 1
156 72 94.4211033997713 16.67 3 3 204 205
1 0 0 0 1 0 0 0 1
1 0 0 0 1 0 0 0 1
156 11 371.76355018912045 16.67 3 3 206 207
1 0 0 0 1 0 0 0 1
1 0 0 0 1 0 0 0 1
156 64 708.1730212479896 16.67 3 3 208 209
1 0 0 0 1 0 0 0 1
1 0 0 0 1 0 0 0 1
55 101 144.63948482937343 16.67 3 3 210 211
1 0 0 0 1 0 0 0 1
1 0 0 0 1 0 0 0 1
55 164 515.3587290457484 16.67 3 3 212 213
1 0 0 0 1 0 0 0 1
1 0 0 0 1 0 0 0 1
16 23 1286.0669519880182 16.67 3 3 214 215
1 0 0 0 1 0 0 0 1
1 0 0 0 1 0 0 0 1
56 60 693.36294147375 16.67 3 3 216 217
1 0 0 0 1 0 0 0 1
1 0 0 0 1 0 0 0 1
56 132 748.8728725505939 16.67 3 3 218 219
1 0 0 0 1 0 0 0 1
1 0 0 0 1 0 0 0 1
56 21 67.49117313334362 16.67 3 3 220 221
1 0 0 0 1 0 0 0 1
1 0 0 0 1 0 0 0 1
57 7 394.36671673206746 16.67 3 3 222 223
1 0 0 0 1 0 0 0 1
1 0 0 0 1 0 0 0 1
57 157 732.8583746766856 16.67 3 3 224 225
1 0 0 0 1 0 0 0 1
1 0 0 0 1 0 0 0 1
57 64 936.7243387090396 16.67 3 3 226 227
1 0 0 0 1 0 0 0 1
1 0 0 0 1 0 0 0 1
58 88 368.0065059388088 16.67 3 3 228 229
1 0 0 0 1 0 0 0 1
1 0 0 0 1 0 0 0 1
58 84 574.6902173699048 16.67 3 3 230 231
1 0 0 0 1 0 0 0 1
1 0 0 0 1 0 0 0 1
59 176 457.2930378520668 16.67 3 3 232 233
1 0 0 0 1 0 0 0 1
1 0 0 0 1 0 0 0 1
157 70 65.80798115966137 16.67 3 3 234 235
1 0 0 0 1 0 0 0 1
1 0 0 0 1 0 0 0 1
157 113 852.2355580019879 16.67 3 3 236 237
1 0 0 0 1 0 0 0 1
1 0 0 0 1 0 0 0 1
158 71 457.7250267969434 16.67 3 3 238 239
1 0 0 0 1 0 0 0 1
1 0 0 0 1 0 0 0 1
158 73 95.75945100814836 16.67 3 3 240 241
1 0 0 0 1 0 0 0 1
1 0 0 0 1 0 0 0 1
60 101 53.24972799554479 16.67 3 3 242 243
1 0 0 0 1 0 0 0 1
1 0 0 0 1 0 0 0 1
159 95 509.4747161073172 16.67 3 3 244 245
1 0 0 0 1 0 0 0 1
1 0 0 0 1 0 0 0 1
159 4 261.2425905433048 16.67 3 3 246 247
1 0 0 0 1 0 0 0 1
1 0 0 0 1 0 0 0 1
17 174 222.1053665945775 16.67 3 3 248 249
1 0 0 0 1 0 0 0 1
1 0 0 0 1 0 0 0 1
17 103 451.47521959396624 16.67 3 3 250 251
1 0 0 0 1 0 0 0 1
1 0 0 0 1 0 0 0 1
61 80 104.46422501477198 16.67 3 3 252 253
1 0 0 0 1 0 0 0 1
1 0 0 0 1 0 0 0 1
61 9 271.8645857766528 16.67 3 3 254 255
1 0 0 0 1 0 0 0 1
1 0 0 0 1 0 0 0 1
61 125 198.64775846191003 16.67 3 3 256 257
1 0 0 0 1 0 0 0 1
1 0 0 0 1 0 0 0 1
61 168 329.4883203396714 16.67 3 3 258 259
1 0 0 0 1 0 0 0 1
1 0 0 0 1 0 0 0 1
62 169 109.31699253215858 16.67 3 3 260 261
1 0 0 0 1 0 0 0 1
1 0 0 0 1 0 0 0 1
62 163 285.42726070378086 16.67 3 3 262 263
1 0 0 0 1 0 0 0 1
1 0 0 0 1 0 0 0 1
62 34 753.8575737776246 16.67 3 3 264 265
1 0 0 0 1 0 0 0 1
1 0 0 0 1 0 0 0 1
63 33 304.1331631695732 16.67 3 3 266 267
1 0 0 0 1 0 0 0 1
1 0 0 0 1 0 0 0 1
64 7 545.6733693967763 16.67 3 3 268 269
1 0 0 0 1 0 0 0 1
1 0 0 0 1 0 0 0 1
161 125 413.832226329729 16.67 3 3 270 271
1 0 0 0 1 0 0 0 1
1 0 0 0 1 0 0 0 1
161 109 87.97147121915535 16.67 3 3 272 273
1 0 0 0 1 0 0 0 1
1 0 0 0 1 0 0 0 1
65 97 86.51853002322035 16.67 3 3 274 275
1 0 0 0 1 0 0 0 1
1 0 0 0 1 0 0 0 1
65 77 297.3556600734844 16.67 3 3 276 277
1 0 0 0 1 0 0 0 1
1 0 0 0 1 0 0 0 1
21 15 142.95211388332126 16.67 3 3 278 279
1 0 0 0 1 0 0 0 1
1 0 0 0 1 0 0 0 1
162 77 95.72270073947601 16.67 3 3 280 281
1 0 0 0 1 0 0 0 1
1 0 0 0 1 0 0 0 1
66 188 728.8951622577648 16.67 3 3 282 283
1 0 0 0 1 0 0 0 1
1 0 0 0 1 0 0 0 1
66 149 726.9094801743995 16.67 3 3 284 285
1 0 0 0 1 0 0 0 1
1 0 0 0 1 0 0 0 1
66 115 881.00212242121 16.67 3 3 286 287
1 0 0 0 1 0 0 0 1
1 0 0 0 1 0 0 0 1
67 83 373.3418725849433 16.67 3 3 288 289
1 0 0 0 1 0 0 0 1
1 0 0 0 1 0 0 0 1
20 86 95.47613885963071 16.67 3 3 290 291
1 0 0 0 1 0 0 0 1
1 0 0 0 1 0 0 0 1
20 1 210.7091635259079 16.67 3 3 292 293
1 0 0 0 1 0 0 0 1
1 0 0 0 1 0 0 0 1
69 128 170.60106224533826 16.67 3 3 294 295
1 0 0 0 1 0 0 0 1
1 0 0 0 1 0 0 0 1
70 91 161.44102542199715 16.67 3 3 296 297
1 0 0 0 1 0 0 0 1
1 0 0 0 1 0 0 0 1
72 169 1852.83376108515 16.67 3 3 298 299
1 0 0 0 1 0 0 0 1
1 0 0 0 1 0 0 0 1
72 170 497.636250469022 16.67 3 3 300 301
1 0 0 0 1 0 0 0 1
1 0 0 0 1 0 0 0 1
73 79 34.33290320051651 16.67 3 3 302 303
1 0 0 0 1 0 0 0 1
1 0 0 0 1 0 0 0 1
74 91 118.78347754746103 16.67 3 3 304 305
1 0 0 0 1 0 0 0 1
1 0 0 0 1 0 0 0 1
74 133 80.25019358569494 16.67 3 3 306 307
1 0 0 0 1 0 0 0 1
1 0 0 0 1 0 0 0 1
75 14 62.20691261628458 16.67 3 3 308 309
1 0 0 0 1 0 0 0 1
1 0 0 0 1 0 0 0 1
75 76 452.1525906138119 16.67 3 3 310 311
1 0 0 0 1 0 0 0 1
1 0 0 0 1 0 0 0 1
75 176 139.21825057280086 16.67 3 3 312 313
1 0 0 0 1 0 0 0 1
1 0 0 0 1 0 0 0 1
76 81 109.38482143364791 16.67 3 3 314 315
1 0 0 0 1 0 0 0 1
1 0 0 0 1 0 0 0 1
78 165 65.9268628619258 16.67 3 3 316 317
1 0 0 0 1 0 0 0 1
1 0 0 0 1 0 0 0 1
78 166 24.893195570317154 16.67 3 3 318 319
1 0 0 0 1 0 0 0 1
1 0 0 0 1 0 0 0 1
79 94 103.51185648750197 16.67 3 3 320 321
1 0 0 0 1 0 0 0 1
1 0 0 0 1 0 0 0 1
80 181 87.1339019073569 16.67 3 3 322 323
1 0 0 0 1 0 0 0 1
1 0 0 0 1 0 0 0 1
80 82 218.90360979557403 16.67 3 3 324 325
1 0 0 0 1 0 0 0 1
1 0 0 0 1 0 0 0 1
81 105 382.71037344190967 16.67 3 3 326 327
1 0 0 0 1 0 0 0 1
1 0 0 0 1 0 0 0 1
81 27 60.83529712859422 16.67 3 3 328 329
1 0 0 0 1 0 0 0 1
1 0 0 0 1 0 0 0 1
81 168 54.267767329397635 16.67 3 3 330 331
1 0 0 0 1 0 0 0 1
1 0 0 0 1 0 0 0 1
1 118 862.3260775178571 16.67 3 3 332 333
1 0 0 0 1 0 0 0 1
1 0 0 0 1 0 0 0 1
5 104 713.661708234977 16.67 3 3 334 335
1 0 0 0 1 0 0 0 1
1 0 0 0 1 0 0 0 1
5 103 564.0707670100566 16.67 3 3 336 337
1 0 0 0 1 0 0 0 1
1 0 0 0 1 0 0 0 1
82 88 776.9261835482478 16.67 3 3 338 339
1 0 0 0 1 0 0 0 1
1 0 0 0 1 0 0 0 1
82 125 85.06609257636788 16.67 3 3 340 341
1 0 0 0 1 0 0 0 1
1 0 0 0 1 0 0 0 1
83 13 579.3897030381447 16.67 3 3 342 343
1 0 0 0 1 0 0 0 1
1 0 0 0 1 0 0 0 1
83 180 70.95516396716084 16.67 3 3 344 345
1 0 0 0 1 0 0 0 1
1 0 0 0 1 0 0 0 1
83 185 574.2935262392291 16.67 3 3 346 347
1 0 0 0 1 0 0 0 1
1 0 0 0 1 0 0 0 1
27 124 560.8220898580521 16.67 3 3 348 349
1 0 0 0 1 0 0 0 1
1 0 0 0 1 0 0 0 1
84 120 208.67825219532457 16.67 3 3 350 351
1 0 0 0 1 0 0 0 1
1 0 0 0 1 0 0 0 1
85 173 139.2229033672426 16.67 3 3 352 353
1 0 0 0 1 0 0 0 1
1 0 0 0 1 0 0 0 1
85 99 142.25112733780276 16.67 3 3 354 355
1 0 0 0 1 0 0 0 1
1 0 0 0 1 0 0 0 1
86 93 400.13103137484757 16.67 3 3 356 357
1 0 0 0 1 0 0 0 1
1 0 0 0 1 0 0 0 1
86 31 2385.1414888710965 16.67 3 3 358 359
1 0 0 0 1 0 0 0 1
1 0 0 0 1 0 0 0 1
86 130 674.774724873234 16.67 3 3 360 361
1 0 0 0 1 0 0 0 1
1 0 0 0 1 0 0 0 1
87 102 675.7548867123771 16.67 3 3 362 363
1 0 0 0 1 0 0 0 1
1 0 0 0 1 0 0 0 1
88 184 28.37812394843327 16.67 3 3 364 365
1 0 0 0 1 0 0 0 1
1 0 0 0 1 0 0 0 1
89 121 834.6472535186564 16.67 3 3 366 367
1 0 0 0 1 0 0 0 1
1 0 0 0 1 0 0 0 1
89 110 52.514781153612006 16.67 3 3 368 369
1 0 0 0 1 0 0 0 1
1 0 0 0 1 0 0 0 1
89 28 1772.9681800309081 16.67 3 3 370 371
1 0 0 0 1 0 0 0 1
1 0 0 0 1 0 0 0 1
92 93 369.50590474770155 16.67 3 3 372 373
1 0 0 0 1 0 0 0 1
1 0 0 0 1 0 0 0 1
92 4 720.9022850382883 16.67 3 3 374 375
1 0 0 0 1 0 0 0 1
1 0 0 0 1 0 0 0 1
95 10 88.21397381086096 16.67 3 3 376 377
1 0 0 0 1 0 0 0 1
1 0 0 0 1 0 0 0 1
95 90 129.20484618651807 16.67 3 3 378 379
1 0 0 0 1 0 0 0 1
1 0 0 0 1 0 0 0 1
95 175 380.36729637032187 16.67 3 3 380 381
1 0 0 0 1 0 0 0 1
1 0 0 0 1 0 0 0 1
96 171 782.3501603991822 16.67 3 3 382 383
1 0 0 0 1 0 0 0 1
1 0 0 0 1 0 0 0 1
97 109 395.42059567365635 16.67 3 3 384 385
1 0 0 0 1 0 0 0 1
1 0 0 0 1 0 0 0 1
98 117 231.36554725178405 16.67 3 3 386 387
1 0 0 0 1 0 0 0 1
1 0 0 0 1 0 0 0 1
98 112 143.8170830449265 16.67 3 3 388 389
1 0 0 0 1 0 0 0 1
1 0 0 0 1 0 0 0 1
99 133 348.00086011138177 16.67 3 3 390 391
1 0 0 0 1 0 0 0 1
1 0 0 0 1 0 0 0 1
100 131 107.57080691959248 16.67 3 3 392 393
1 0 0 0 1 0 0 0 1
1 0 0 0 1 0 0 0 1
171 12 881.0413390687313 16.67 3 3 394 395
1 0 0 0 1 0 0 0 1
1 0 0 0 1 0 0 0 1
171 3 1052.5632384419562 16.67 3 3 396 397
1 0 0 0 1 0 0 0 1
1 0 0 0 1 0 0 0 1
173 121 35.38100586203428 16.67 3 3 398 399
1 0 0 0 1 0 0 0 1
1 0 0 0 1 0 0 0 1
102 178 28.529066660821407 16.67 3 3 400 401
1 0 0 0 1 0 0 0 1
1 0 0 0 1 0 0 0 1
104 123 563.6563190946741 16.67 3 3 402 403
1 0 0 0 1 0 0 0 1
1 0 0 0 1 0 0 0 1
11 127 694.9594443755068 16.67 3 3 404 405
1 0 0 0 1 0 0 0 1
1 0 0 0 1 0 0 0 1
105 14 607.9469317702288 16.67 3 3 406 407
1 0 0 0 1 0 0 0 1
1 0 0 0 1 0 0 0 1
107 117 150.21330232431777 16.67 3 3 408 409
1 0 0 0 1 0 0 0 1
1 0 0 0 1 0 0 0 1
107 119 101.14221455698927 16.67 3 3 410 411
1 0 0 0 1 0 0 0 1
1 0 0 0 1 0 0 0 1
108 132 831.4482535379152 16.67 3 3 412 413
1 0 0 0 1 0 0 0 1
1 0 0 0 1 0 0 0 1
109 129 127.64869479341999 16.67 3 3 414 415
1 0 0 0 1 0 0 0 1
1 0 0 0 1 0 0 0 1
110 121 782.3736251045455 16.67 3 3 416 417
1 0 0 0 1 0 0 0 1
1 0 0 0 1 0 0 0 1
177 122 201.73063261010373 16.67 3 3 418 419
1 0 0 0 1 0 0 0 1
1 0 0 0 1 0 0 0 1
177 116 435.04770528968794 16.67 3 3 420 421
1 0 0 0 1 0 0 0 1
1 0 0 0 1 0 0 0 1
178 116 123.25883916378633 16.67 3 3 422 423
1 0 0 0 1 0 0 0 1
1 0 0 0 1 0 0 0 1
179 185 48.27507101385537 16.67 3 3 424 425
1 0 0 0 1 0 0 0 1
1 0 0 0 1 0 0 0 1
180 26 723.7636484489169 16.67 3 3 426 427
1 0 0 0 1 0 0 0 1
1 0 0 0 1 0 0 0 1
115 160 3309.0588190110275 16.67 3 3 428 429
1 0 0 0 1 0 0 0 1
1 0 0 0 1 0 0 0 1
119 187 226.06719411567076 16.67 3 3 430 431
1 0 0 0 1 0 0 0 1
1 0 0 0 1 0 0 0 1
123 6 279.29732282674934 16.67 3 3 432 433
1 0 0 0 1 0 0 0 1
1 0 0 0 1 0 0 0 1
123 132 285.05455985634063 16.67 3 3 434 435
1 0 0 0 1 0 0 0 1
1 0 0 0 1 0 0 0 1
124 129 169.509998696624 16.67 3 3 436 437
1 0 0 0 1 0 0 0 1
1 0 0 0 1 0 0 0 1
125 184 689.3220238903816 16.67 3 3 438 439
1 0 0 0 1 0 0 0 1
1 0 0 0 1 0 0 0 1
127 128 1034.030846262216 16.67 3 3 440 441
1 0 0 0 1 0 0 0 1
1 0 0 0 1 0 0 0 1
128 22 429.58495162637837 16.67 3 3 442 443
1 0 0 0 1 0 0 0 1
1 0 0 0 1 0 0 0 1
129 54 258.54759783000185 16.67 3 3 444 445
1 0 0 0 1 0 0 0 1
1 0 0 0 1 0 0 0 1
130 32 2334.0641834196667 16.67 3 3 446 447
1 0 0 0 1 0 0 0 1
1 0 0 0 1 0 0 0 1
130 167 2322.4994092480606 16.67 3 3 448 449
1 0 0 0 1 0 0 0 1
1 0 0 0 1 0 0 0 1
73
7 223 269 13 -1
11 179 404 207 -1
19 145 3 191 -1
21 278 221 -1 83
35 84 -1 86 88
36 100 102 98 -1
37 106 104 108 -1
38 112 118 114 116
39 124 120 -1 122
40 126 128 97 -1
41 132 136 130 134
42 142 140 -1 138
43 5 144 146 111
44 57 152 154 156
49 174 172 170 -1
52 196 198 193 -1
55 212 -1 169 210
56 -1 216 218 220
57 224 226 222 67
58 230 -1 175 228
59 109 -1 232 161
61 252 256 254 258
62 260 264 262 203
63 266 9 79 73
64 268 227 209 17
65 274 276 113 19
66 282 286 127 284
71 151 165 239 153
72 205 -1 298 300
74 306 185 -1 304
75 312 310 308 -1
77 31 -1 281 277
80 322 324 253 -1
81 315 330 328 326
82 325 -1 338 340
83 342 344 346 289
86 291 358 356 360
88 339 229 85 364
89 65 366 368 370
95 245 378 376 380
96 137 -1 382 163
103 337 251 59 -1
105 406 327 21 -1
108 37 -1 45 412
109 -1 273 385 414
115 -1 428 43 287
116 421 423 143 -1
121 367 -1 399 417
123 432 434 403 -1
125 341 438 271 257
127 181 440 405 -1
128 442 177 441 295
129 444 415 -1 437
130 87 361 446 448
132 219 413 -1 435
134 12 16 -1 14
135 20 18 22 24
138 -1 34 36 38
140 44 23 46 48
143 58 60 56 -1
146 72 70 74 -1
147 78 -1 76 71
148 81 82 80 -1
153 166 -1 164 149
154 176 180 178 182
155 147 190 167 -1
156 206 -1 204 208
157 -1 234 236 225
161 270 -1 33 272
162 280 89 -1 119
171 383 -1 394 396
185 425 347 -1 51
189 6 -1 2 4
