703
60 62 10
17
360 87 88 280 277 19 20 406 309 312 233 109 106 77 78 9 10
60 62 10
7
385 275 276 281 89 86 361
60 62 10
17
360 87 88 280 277 19 20 406 309 312 233 109 106 77 78 9 10
60 62 10
17
360 87 88 280 277 19 20 406 309 312 233 109 106 77 78 9 10
60 62 10
7
385 275 276 281 89 86 361
60 62 10
17
360 87 88 280 277 19 20 406 309 312 233 109 106 77 78 9 10
120 122 10
17
360 87 88 280 277 19 20 406 309 312 233 109 106 77 78 9 10
120 122 10
7
385 275 276 281 89 86 361
120 122 10
7
385 275 276 281 89 86 361
120 122 10
17
360 87 88 280 277 19 20 406 309 312 233 109 106 77 78 9 10
120 122 10
7
385 275 276 281 89 86 361
120 122 10
7
385 275 276 281 89 86 361
120 122 10
17
360 87 88 280 277 19 20 406 309 312 233 109 106 77 78 9 10
120 122 10
17
360 87 88 280 277 19 20 406 309 312 233 109 106 77 78 9 10
180 182 10
7
385 275 276 281 89 86 361
180 182 10
17
360 87 88 280 277 19 20 406 309 312 233 109 106 77 78 9 10
180 182 10
17
360 87 88 280 277 19 20 406 309 312 233 109 106 77 78 9 10
180 182 10
7
385 275 276 281 89 86 361
180 182 10
7
385 275 276 281 89 86 361
180 182 10
17
360 87 88 280 277 19 20 406 309 312 233 109 106 77 78 9 10
180 182 10
17
360 87 88 280 277 19 20 406 309 312 233 109 106 77 78 9 10
180 182 10
17
360 87 88 280 277 19 20 406 309 312 233 109 106 77 78 9 10
180 182 10
7
385 275 276 281 89 86 361
240 242 10
17
360 87 88 280 277 19 20 406 309 312 233 109 106 77 78 9 10
240 242 10
7
385 275 276 281 89 86 361
240 242 10
17
360 87 88 280 277 19 20 406 309 312 233 109 106 77 78 9 10
240 242 10
17
360 87 88 280 277 19 20 406 309 312 233 109 106 77 78 9 10
240 242 10
17
360 87 88 280 277 19 20 406 309 312 233 109 106 77 78 9 10
240 242 10
7
385 275 276 281 89 86 361
240 242 10
7
385 275 276 281 89 86 361
240 242 10
17
360 87 88 280 277 19 20 406 309 312 233 109 106 77 78 9 10
240 242 10
7
385 275 276 281 89 86 361
300 302 10
17
360 87 88 280 277 19 20 406 309 312 233 109 106 77 78 9 10
300 302 10
7
385 275 276 281 89 86 361
300 302 10
17
360 87 88 280 277 19 20 406 309 312 233 109 106 77 78 9 10
300 302 10
7
385 275 276 281 89 86 361
300 302 10
17
360 87 88 280 277 19 20 406 309 312 233 109 106 77 78 9 10
300 302 10
7
385 275 276 281 89 86 361
300 302 10
17
360 87 88 280 277 19 20 406 309 312 233 109 106 77 78 9 10
360 362 10
17
360 87 88 280 277 19 20 406 309 312 233 109 106 77 78 9 10
360 362 10
7
385 275 276 281 89 86 361
360 362 10
7
385 275 276 281 89 86 361
360 362 10
7
385 275 276 281 89 86 361
360 362 10
17
360 87 88 280 277 19 20 406 309 312 233 109 106 77 78 9 10
360 362 10
7
385 275 276 281 89 86 361
360 362 10
17
360 87 88 280 277 19 20 406 309 312 233 109 106 77 78 9 10
420 422 10
7
385 275 276 281 89 86 361
420 422 10
17
360 87 88 280 277 19 20 406 309 312 233 109 106 77 78 9 10
420 422 10
17
360 87 88 280 277 19 20 406 309 312 233 109 106 77 78 9 10
420 422 10
17
360 87 88 280 277 19 20 406 309 312 233 109 106 77 78 9 10
420 422 10
17
360 87 88 280 277 19 20 406 309 312 233 109 106 77 78 9 10
420 422 10
7
385 275 276 281 89 86 361
420 422 10
7
385 275 276 281 89 86 361
420 422 10
17
360 87 88 280 277 19 20 406 309 312 233 109 106 77 78 9 10
480 482 10
7
385 275 276 281 89 86 361
480 482 10
17
360 87 88 280 277 19 20 406 309 312 233 109 106 77 78 9 10
480 482 10
7
385 275 276 281 89 86 361
480 482 10
17
360 87 88 280 277 19 20 406 309 312 233 109 106 77 78 9 10
480 482 10
7
385 275 276 281 89 86 361
480 482 10
17
360 87 88 280 277 19 20 406 309 312 233 109 106 77 78 9 10
540 542 10
17
360 87 88 280 277 19 20 406 309 312 233 109 106 77 78 9 10
540 542 10
7
385 275 276 281 89 86 361
540 542 10
17
360 87 88 280 277 19 20 406 309 312 233 109 106 77 78 9 10
540 542 10
17
360 87 88 280 277 19 20 406 309 312 233 109 106 77 78 9 10
540 542 10
7
385 275 276 281 89 86 361
540 542 10
17
360 87 88 280 277 19 20 406 309 312 233 109 106 77 78 9 10
540 542 10
17
360 87 88 280 277 19 20 406 309 312 233 109 106 77 78 9 10
600 602 10
7
385 275 276 281 89 86 361
600 602 10
17
360 87 88 280 277 19 20 406 309 312 233 109 106 77 78 9 10
600 602 10
17
360 87 88 280 277 19 20 406 309 312 233 109 106 77 78 9 10
600 602 10
17
360 87 88 280 277 19 20 406 309 312 233 109 106 77 78 9 10
600 602 10
7
385 275 276 281 89 86 361
660 662 10
7
385 275 276 281 89 86 361
660 662 10
7
385 275 276 281 89 86 361
660 662 10
17
360 87 88 280 277 19 20 406 309 312 233 109 106 77 78 9 10
660 662 10
7
385 275 276 281 89 86 361
660 662 10
17
360 87 88 280 277 19 20 406 309 312 233 109 106 77 78 9 10
660 662 10
17
360 87 88 280 277 19 20 406 309 312 233 109 106 77 78 9 10
660 662 10
7
385 275 276 281 89 86 361
720 722 10
7
385 275 276 281 89 86 361
720 722 10
17
360 87 88 280 277 19 20 406 309 312 233 109 106 77 78 9 10
720 722 10
17
360 87 88 280 277 19 20 406 309 312 233 109 106 77 78 9 10
720 722 10
7
385 275 276 281 89 86 361
720 722 10
17
360 87 88 280 277 19 20 406 309 312 233 109 106 77 78 9 10
720 722 10
7
385 275 276 281 89 86 361
720 722 10
7
385 275 276 281 89 86 361
720 722 10
17
360 87 88 280 277 19 20 406 309 312 233 109 106 77 78 9 10
780 782 10
17
360 87 88 280 277 19 20 406 309 312 233 109 106 77 78 9 10
780 782 10
7
385 275 276 281 89 86 361
780 782 10
17
360 87 88 280 277 19 20 406 309 312 233 109 106 77 78 9 10
780 782 10
7
385 275 276 281 89 86 361
780 782 10
17
360 87 88 280 277 19 20 406 309 312 233 109 106 77 78 9 10
780 782 10
7
385 275 276 281 89 86 361
780 782 10
7
385 275 276 281 89 86 361
840 842 10
7
385 275 276 281 89 86 361
840 842 10
17
360 87 88 280 277 19 20 406 309 312 233 109 106 77 78 9 10
840 842 10
7
385 275 276 281 89 86 361
840 842 10
17
360 87 88 280 277 19 20 406 309 312 233 109 106 77 78 9 10
840 842 10
7
385 275 276 281 89 86 361
840 842 10
17
360 87 88 280 277 19 20 406 309 312 233 109 106 77 78 9 10
840 842 10
7
385 275 276 281 89 86 361
900 902 10
7
385 275 276 281 89 86 361
900 902 10
17
360 87 88 280 277 19 20 406 309 312 233 109 106 77 78 9 10
900 902 10
17
360 87 88 280 277 19 20 406 309 312 233 109 106 77 78 9 10
900 902 10
7
385 275 276 281 89 86 361
900 902 10
7
385 275 276 281 89 86 361
900 902 10
17
360 87 88 280 277 19 20 406 309 312 233 109 106 77 78 9 10
960 962 10
17
360 87 88 280 277 19 20 406 309 312 233 109 106 77 78 9 10
960 962 10
17
360 87 88 280 277 19 20 406 309 312 233 109 106 77 78 9 10
960 962 10
7
385 275 276 281 89 86 361
960 962 10
17
360 87 88 280 277 19 20 406 309 312 233 109 106 77 78 9 10
960 962 10
7
385 275 276 281 89 86 361
960 962 10
7
385 275 276 281 89 86 361
1020 1022 10
17
360 87 88 280 277 19 20 406 309 312 233 109 106 77 78 9 10
1020 1022 10
7
385 275 276 281 89 86 361
1020 1022 10
17
360 87 88 280 277 19 20 406 309 312 233 109 106 77 78 9 10
1020 1022 10
7
385 275 276 281 89 86 361
1020 1022 10
17
360 87 88 280 277 19 20 406 309 312 233 109 106 77 78 9 10
1020 1022 10
7
385 275 276 281 89 86 361
1020 1022 10
17
360 87 88 280 277 19 20 406 309 312 233 109 106 77 78 9 10
1020 1022 10
7
385 275 276 281 89 86 361
1020 1022 10
7
385 275 276 281 89 86 361
1080 1082 10
7
385 275 276 281 89 86 361
1080 1082 10
17
360 87 88 280 277 19 20 406 309 312 233 109 106 77 78 9 10
1080 1082 10
7
385 275 276 281 89 86 361
1080 1082 10
17
360 87 88 280 277 19 20 406 309 312 233 109 106 77 78 9 10
1080 1082 10
7
385 275 276 281 89 86 361
1080 1082 10
17
360 87 88 280 277 19 20 406 309 312 233 109 106 77 78 9 10
1140 1142 10
17
360 87 88 280 277 19 20 406 309 312 233 109 106 77 78 9 10
1140 1142 10
7
385 275 276 281 89 86 361
1140 1142 10
17
360 87 88 280 277 19 20 406 309 312 233 109 106 77 78 9 10
1140 1142 10
17
360 87 88 280 277 19 20 406 309 312 233 109 106 77 78 9 10
1140 1142 10
7
385 275 276 281 89 86 361
1140 1142 10
17
360 87 88 280 277 19 20 406 309 312 233 109 106 77 78 9 10
1200 1202 10
7
385 275 276 281 89 86 361
1200 1202 10
17
360 87 88 280 277 19 20 406 309 312 233 109 106 77 78 9 10
1200 1202 10
17
360 87 88 280 277 19 20 406 309 312 233 109 106 77 78 9 10
1200 1202 10
7
385 275 276 281 89 86 361
1200 1202 10
17
360 87 88 280 277 19 20 406 309 312 233 109 106 77 78 9 10
1200 1202 10
17
360 87 88 280 277 19 20 406 309 312 233 109 106 77 78 9 10
1200 1202 10
7
385 275 276 281 89 86 361
1260 1262 10
9
270 438 365 229 175 170 333 293 290
1260 1262 10
9
270 438 365 229 175 170 333 293 290
1260 1262 10
9
270 438 365 229 175 170 333 293 290
1320 1322 10
9
270 438 365 229 175 170 333 293 290
1320 1322 10
9
270 438 365 229 175 170 333 293 290
1320 1322 10
9
270 438 365 229 175 170 333 293 290
1380 1382 10
9
270 438 365 229 175 170 333 293 290
1380 1382 10
9
270 438 365 229 175 170 333 293 290
1380 1382 10
9
270 438 365 229 175 170 333 293 290
1380 1382 10
9
270 438 365 229 175 170 333 293 290
1440 1442 10
9
270 438 365 229 175 170 333 293 290
1440 1442 10
9
270 438 365 229 175 170 333 293 290
1440 1442 10
9
270 438 365 229 175 170 333 293 290
1440 1442 10
9
270 438 365 229 175 170 333 293 290
1500 1502 10
9
270 438 365 229 175 170 333 293 290
1500 1502 10
9
270 438 365 229 175 170 333 293 290
1500 1502 10
9
270 438 365 229 175 170 333 293 290
1500 1502 10
9
270 438 365 229 175 170 333 293 290
1560 1562 10
9
270 438 365 229 175 170 333 293 290
1560 1562 10
9
270 438 365 229 175 170 333 293 290
1620 1622 10
9
270 438 365 229 175 170 333 293 290
1620 1622 10
9
270 438 365 229 175 170 333 293 290
1620 1622 10
9
270 438 365 229 175 170 333 293 290
1680 1682 10
9
270 438 365 229 175 170 333 293 290
1680 1682 10
9
270 438 365 229 175 170 333 293 290
1680 1682 10
9
270 438 365 229 175 170 333 293 290
1740 1742 10
9
270 438 365 229 175 170 333 293 290
1740 1742 10
9
270 438 365 229 175 170 333 293 290
1740 1742 10
9
270 438 365 229 175 170 333 293 290
1800 1802 10
9
270 438 365 229 175 170 333 293 290
1800 1802 10
9
270 438 365 229 175 170 333 293 290
1860 1862 10
9
270 438 365 229 175 170 333 293 290
1860 1862 10
9
270 438 365 229 175 170 333 293 290
1860 1862 10
9
270 438 365 229 175 170 333 293 290
1860 1862 10
9
270 438 365 229 175 170 333 293 290
1920 1922 10
9
270 438 365 229 175 170 333 293 290
1920 1922 10
9
270 438 365 229 175 170 333 293 290
1980 1982 10
9
270 438 365 229 175 170 333 293 290
1980 1982 10
9
270 438 365 229 175 170 333 293 290
1980 1982 10
9
270 438 365 229 175 170 333 293 290
1980 1982 10
9
270 438 365 229 175 170 333 293 290
2040 2042 10
9
270 438 365 229 175 170 333 293 290
2040 2042 10
9
270 438 365 229 175 170 333 293 290
2100 2102 10
9
270 438 365 229 175 170 333 293 290
2100 2102 10
9
270 438 365 229 175 170 333 293 290
2100 2102 10
9
270 438 365 229 175 170 333 293 290
2100 2102 10
9
270 438 365 229 175 170 333 293 290
2100 2102 10
9
270 438 365 229 175 170 333 293 290
2160 2162 10
9
270 438 365 229 175 170 333 293 290
2160 2162 10
9
270 438 365 229 175 170 333 293 290
2160 2162 10
9
270 438 365 229 175 170 333 293 290
2220 2222 10
9
270 438 365 229 175 170 333 293 290
2220 2222 10
9
270 438 365 229 175 170 333 293 290
2280 2282 10
9
270 438 365 229 175 170 333 293 290
2280 2282 10
9
270 438 365 229 175 170 333 293 290
2280 2282 10
9
270 438 365 229 175 170 333 293 290
2340 2342 10
9
270 438 365 229 175 170 333 293 290
2340 2342 10
9
270 438 365 229 175 170 333 293 290
2340 2342 10
9
270 438 365 229 175 170 333 293 290
2400 2402 10
9
270 438 365 229 175 170 333 293 290
2400 2402 10
9
270 438 365 229 175 170 333 293 290
2460 2462 10
15
236 183 178 207 204 300 91 92 351 231 175 170 333 293 290
2460 2462 10
12
360 87 88 280 277 19 22 48 249 250 337 334
2460 2462 10
12
360 87 88 280 277 19 22 48 249 250 337 334
2460 2462 10
15
236 183 178 207 204 300 91 92 351 231 175 170 333 293 290
2460 2462 10
12
360 87 88 280 277 19 22 48 249 250 337 334
2460 2462 10
12
360 87 88 280 277 19 22 48 249 250 337 334
2460 2462 10
15
236 183 178 207 204 300 91 92 351 231 175 170 333 293 290
2460 2462 10
15
236 183 178 207 204 300 91 92 351 231 175 170 333 293 290
2460 2462 10
12
360 87 88 280 277 19 22 48 249 250 337 334
2460 2462 10
15
236 183 178 207 204 300 91 92 351 231 175 170 333 293 290
2520 2522 10
12
360 87 88 280 277 19 22 48 249 250 337 334
2520 2522 10
15
236 183 178 207 204 300 91 92 351 231 175 170 333 293 290
2520 2522 10
12
360 87 88 280 277 19 22 48 249 250 337 334
2520 2522 10
15
236 183 178 207 204 300 91 92 351 231 175 170 333 293 290
2520 2522 10
12
360 87 88 280 277 19 22 48 249 250 337 334
2520 2522 10
15
236 183 178 207 204 300 91 92 351 231 175 170 333 293 290
2520 2522 10
12
360 87 88 280 277 19 22 48 249 250 337 334
2520 2522 10
15
236 183 178 207 204 300 91 92 351 231 175 170 333 293 290
2580 2582 10
12
360 87 88 280 277 19 22 48 249 250 337 334
2580 2582 10
15
236 183 178 207 204 300 91 92 351 231 175 170 333 293 290
2580 2582 10
12
360 87 88 280 277 19 22 48 249 250 337 334
2580 2582 10
15
236 183 178 207 204 300 91 92 351 231 175 170 333 293 290
2580 2582 10
12
360 87 88 280 277 19 22 48 249 250 337 334
2580 2582 10
15
236 183 178 207 204 300 91 92 351 231 175 170 333 293 290
2580 2582 10
15
236 183 178 207 204 300 91 92 351 231 175 170 333 293 290
2640 2642 10
12
360 87 88 280 277 19 22 48 249 250 337 334
2640 2642 10
15
236 183 178 207 204 300 91 92 351 231 175 170 333 293 290
2640 2642 10
12
360 87 88 280 277 19 22 48 249 250 337 334
2640 2642 10
15
236 183 178 207 204 300 91 92 351 231 175 170 333 293 290
2700 2702 10
15
236 183 178 207 204 300 91 92 351 231 175 170 333 293 290
2700 2702 10
12
360 87 88 280 277 19 22 48 249 250 337 334
2700 2702 10
15
236 183 178 207 204 300 91 92 351 231 175 170 333 293 290
2700 2702 10
15
236 183 178 207 204 300 91 92 351 231 175 170 333 293 290
2700 2702 10
12
360 87 88 280 277 19 22 48 249 250 337 334
2700 2702 10
12
360 87 88 280 277 19 22 48 249 250 337 334
2760 2762 10
15
236 183 178 207 204 300 91 92 351 231 175 170 333 293 290
2760 2762 10
12
360 87 88 280 277 19 22 48 249 250 337 334
2760 2762 10
12
360 87 88 280 277 19 22 48 249 250 337 334
2760 2762 10
15
236 183 178 207 204 300 91 92 351 231 175 170 333 293 290
2760 2762 10
12
360 87 88 280 277 19 22 48 249 250 337 334
2760 2762 10
15
236 183 178 207 204 300 91 92 351 231 175 170 333 293 290
2760 2762 10
12
360 87 88 280 277 19 22 48 249 250 337 334
2760 2762 10
15
236 183 178 207 204 300 91 92 351 231 175 170 333 293 290
2760 2762 10
12
360 87 88 280 277 19 22 48 249 250 337 334
2760 2762 10
15
236 183 178 207 204 300 91 92 351 231 175 170 333 293 290
2820 2822 10
12
360 87 88 280 277 19 22 48 249 250 337 334
2820 2822 10
15
236 183 178 207 204 300 91 92 351 231 175 170 333 293 290
2820 2822 10
15
236 183 178 207 204 300 91 92 351 231 175 170 333 293 290
2820 2822 10
12
360 87 88 280 277 19 22 48 249 250 337 334
2820 2822 10
15
236 183 178 207 204 300 91 92 351 231 175 170 333 293 290
2880 2882 10
12
360 87 88 280 277 19 22 48 249 250 337 334
2880 2882 10
12
360 87 88 280 277 19 22 48 249 250 337 334
2880 2882 10
15
236 183 178 207 204 300 91 92 351 231 175 170 333 293 290
2940 2942 10
12
360 87 88 280 277 19 22 48 249 250 337 334
2940 2942 10
15
236 183 178 207 204 300 91 92 351 231 175 170 333 293 290
2940 2942 10
12
360 87 88 280 277 19 22 48 249 250 337 334
2940 2942 10
12
360 87 88 280 277 19 22 48 249 250 337 334
2940 2942 10
15
236 183 178 207 204 300 91 92 351 231 175 170 333 293 290
2940 2942 10
12
360 87 88 280 277 19 22 48 249 250 337 334
2940 2942 10
12
360 87 88 280 277 19 22 48 249 250 337 334
2940 2942 10
15
236 183 178 207 204 300 91 92 351 231 175 170 333 293 290
3000 3002 10
12
360 87 88 280 277 19 22 48 249 250 337 334
3000 3002 10
15
236 183 178 207 204 300 91 92 351 231 175 170 333 293 290
3000 3002 10
12
360 87 88 280 277 19 22 48 249 250 337 334
3000 3002 10
15
236 183 178 207 204 300 91 92 351 231 175 170 333 293 290
3000 3002 10
12
360 87 88 280 277 19 22 48 249 250 337 334
3000 3002 10
12
360 87 88 280 277 19 22 48 249 250 337 334
3060 3062 10
12
360 87 88 280 277 19 22 48 249 250 337 334
3060 3062 10
15
236 183 178 207 204 300 91 92 351 231 175 170 333 293 290
3060 3062 10
12
360 87 88 280 277 19 22 48 249 250 337 334
3060 3062 10
15
236 183 178 207 204 300 91 92 351 231 175 170 333 293 290
3060 3062 10
12
360 87 88 280 277 19 22 48 249 250 337 334
3120 3122 10
12
360 87 88 280 277 19 22 48 249 250 337 334
3120 3122 10
15
236 183 178 207 204 300 91 92 351 231 175 170 333 293 290
3120 3122 10
15
236 183 178 207 204 300 91 92 351 231 175 170 333 293 290
3120 3122 10
12
360 87 88 280 277 19 22 48 249 250 337 334
3120 3122 10
15
236 183 178 207 204 300 91 92 351 231 175 170 333 293 290
3120 3122 10
12
360 87 88 280 277 19 22 48 249 250 337 334
3120 3122 10
12
360 87 88 280 277 19 22 48 249 250 337 334
3120 3122 10
15
236 183 178 207 204 300 91 92 351 231 175 170 333 293 290
3120 3122 10
12
360 87 88 280 277 19 22 48 249 250 337 334
3180 3182 10
15
236 183 178 207 204 300 91 92 351 231 175 170 333 293 290
3180 3182 10
12
360 87 88 280 277 19 22 48 249 250 337 334
3180 3182 10
12
360 87 88 280 277 19 22 48 249 250 337 334
3180 3182 10
15
236 183 178 207 204 300 91 92 351 231 175 170 333 293 290
3180 3182 10
12
360 87 88 280 277 19 22 48 249 250 337 334
3180 3182 10
15
236 183 178 207 204 300 91 92 351 231 175 170 333 293 290
3180 3182 10
12
360 87 88 280 277 19 22 48 249 250 337 334
3240 3242 10
12
360 87 88 280 277 19 22 48 249 250 337 334
3240 3242 10
12
360 87 88 280 277 19 22 48 249 250 337 334
3240 3242 10
15
236 183 178 207 204 300 91 92 351 231 175 170 333 293 290
3240 3242 10
15
236 183 178 207 204 300 91 92 351 231 175 170 333 293 290
3240 3242 10
12
360 87 88 280 277 19 22 48 249 250 337 334
3240 3242 10
15
236 183 178 207 204 300 91 92 351 231 175 170 333 293 290
3240 3242 10
15
236 183 178 207 204 300 91 92 351 231 175 170 333 293 290
3240 3242 10
12
360 87 88 280 277 19 22 48 249 250 337 334
3300 3302 10
12
360 87 88 280 277 19 22 48 249 250 337 334
3300 3302 10
15
236 183 178 207 204 300 91 92 351 231 175 170 333 293 290
3300 3302 10
12
360 87 88 280 277 19 22 48 249 250 337 334
3300 3302 10
12
360 87 88 280 277 19 22 48 249 250 337 334
3300 3302 10
15
236 183 178 207 204 300 91 92 351 231 175 170 333 293 290
3360 3362 10
12
360 87 88 280 277 19 22 48 249 250 337 334
3360 3362 10
15
236 183 178 207 204 300 91 92 351 231 175 170 333 293 290
3360 3362 10
12
360 87 88 280 277 19 22 48 249 250 337 334
3360 3362 10
15
236 183 178 207 204 300 91 92 351 231 175 170 333 293 290
3360 3362 10
12
360 87 88 280 277 19 22 48 249 250 337 334
3360 3362 10
15
236 183 178 207 204 300 91 92 351 231 175 170 333 293 290
3420 3422 10
12
360 87 88 280 277 19 22 48 249 250 337 334
3420 3422 10
15
236 183 178 207 204 300 91 92 351 231 175 170 333 293 290
3420 3422 10
15
236 183 178 207 204 300 91 92 351 231 175 170 333 293 290
3420 3422 10
12
360 87 88 280 277 19 22 48 249 250 337 334
3420 3422 10
12
360 87 88 280 277 19 22 48 249 250 337 334
3480 3482 10
12
360 87 88 280 277 19 22 48 249 250 337 334
3480 3482 10
12
360 87 88 280 277 19 22 48 249 250 337 334
3480 3482 10
15
236 183 178 207 204 300 91 92 351 231 175 170 333 293 290
3480 3482 10
15
236 183 178 207 204 300 91 92 351 231 175 170 333 293 290
3480 3482 10
15
236 183 178 207 204 300 91 92 351 231 175 170 333 293 290
3480 3482 10
12
360 87 88 280 277 19 22 48 249 250 337 334
3540 3542 10
12
360 87 88 280 277 19 22 48 249 250 337 334
3540 3542 10
12
360 87 88 280 277 19 22 48 249 250 337 334
3540 3542 10
15
236 183 178 207 204 300 91 92 351 231 175 170 333 293 290
3540 3542 10
12
360 87 88 280 277 19 22 48 249 250 337 334
3540 3542 10
12
360 87 88 280 277 19 22 48 249 250 337 334
3540 3542 10
15
236 183 178 207 204 300 91 92 351 231 175 170 333 293 290
3540 3542 10
12
360 87 88 280 277 19 22 48 249 250 337 334
3600 3602 10
15
236 183 178 207 204 300 91 92 351 231 175 170 333 293 290
3600 3602 10
12
360 87 88 280 277 19 22 48 249 250 337 334
3600 3602 10
12
360 87 88 280 277 19 22 48 249 250 337 334
3600 3602 10
15
236 183 178 207 204 300 91 92 351 231 175 170 333 293 290
3600 3602 10
12
360 87 88 280 277 19 22 48 249 250 337 334
3600 3602 10
12
360 87 88 280 277 19 22 48 249 250 337 334
3600 3602 10
15
236 183 178 207 204 300 91 92 351 231 175 170 333 293 290
3660 3662 10
7
360 87 84 229 175 172 393
3660 3662 10
24
288 346 51 11 8 79 76 107 108 232 313 310 314 330 259 256 438 365 229 175 170 333 293 290
3660 3662 10
7
360 87 84 229 175 172 393
3660 3662 10
7
360 87 84 229 175 172 393
3660 3662 10
24
288 346 51 11 8 79 76 107 108 232 313 310 314 330 259 256 438 365 229 175 170 333 293 290
3660 3662 10
7
360 87 84 229 175 172 393
3720 3722 10
24
288 346 51 11 8 79 76 107 108 232 313 310 314 330 259 256 438 365 229 175 170 333 293 290
3720 3722 10
7
360 87 84 229 175 172 393
3720 3722 10
24
288 346 51 11 8 79 76 107 108 232 313 310 314 330 259 256 438 365 229 175 170 333 293 290
3720 3722 10
7
360 87 84 229 175 172 393
3720 3722 10
24
288 346 51 11 8 79 76 107 108 232 313 310 314 330 259 256 438 365 229 175 170 333 293 290
3780 3782 10
7
360 87 84 229 175 172 393
3780 3782 10
24
288 346 51 11 8 79 76 107 108 232 313 310 314 330 259 256 438 365 229 175 170 333 293 290
3780 3782 10
7
360 87 84 229 175 172 393
3780 3782 10
24
288 346 51 11 8 79 76 107 108 232 313 310 314 330 259 256 438 365 229 175 170 333 293 290
3840 3842 10
7
360 87 84 229 175 172 393
3840 3842 10
7
360 87 84 229 175 172 393
3840 3842 10
24
288 346 51 11 8 79 76 107 108 232 313 310 314 330 259 256 438 365 229 175 170 333 293 290
3840 3842 10
7
360 87 84 229 175 172 393
3840 3842 10
24
288 346 51 11 8 79 76 107 108 232 313 310 314 330 259 256 438 365 229 175 170 333 293 290
3840 3842 10
7
360 87 84 229 175 172 393
3840 3842 10
24
288 346 51 11 8 79 76 107 108 232 313 310 314 330 259 256 438 365 229 175 170 333 293 290
3900 3902 10
24
288 346 51 11 8 79 76 107 108 232 313 310 314 330 259 256 438 365 229 175 170 333 293 290
3900 3902 10
7
360 87 84 229 175 172 393
3900 3902 10
7
360 87 84 229 175 172 393
3900 3902 10
24
288 346 51 11 8 79 76 107 108 232 313 310 314 330 259 256 438 365 229 175 170 333 293 290
3900 3902 10
7
360 87 84 229 175 172 393
3900 3902 10
7
360 87 84 229 175 172 393
3900 3902 10
24
288 346 51 11 8 79 76 107 108 232 313 310 314 330 259 256 438 365 229 175 170 333 293 290
3900 3902 10
7
360 87 84 229 175 172 393
3960 3962 10
24
288 346 51 11 8 79 76 107 108 232 313 310 314 330 259 256 438 365 229 175 170 333 293 290
3960 3962 10
7
360 87 84 229 175 172 393
3960 3962 10
24
288 346 51 11 8 79 76 107 108 232 313 310 314 330 259 256 438 365 229 175 170 333 293 290
3960 3962 10
7
360 87 84 229 175 172 393
3960 3962 10
24
288 346 51 11 8 79 76 107 108 232 313 310 314 330 259 256 438 365 229 175 170 333 293 290
3960 3962 10
24
288 346 51 11 8 79 76 107 108 232 313 310 314 330 259 256 438 365 229 175 170 333 293 290
3960 3962 10
24
288 346 51 11 8 79 76 107 108 232 313 310 314 330 259 256 438 365 229 175 170 333 293 290
4020 4022 10
24
288 346 51 11 8 79 76 107 108 232 313 310 314 330 259 256 438 365 229 175 170 333 293 290
4020 4022 10
7
360 87 84 229 175 172 393
4020 4022 10
7
360 87 84 229 175 172 393
4020 4022 10
7
360 87 84 229 175 172 393
4020 4022 10
7
360 87 84 229 175 172 393
4080 4082 10
24
288 346 51 11 8 79 76 107 108 232 313 310 314 330 259 256 438 365 229 175 170 333 293 290
4080 4082 10
7
360 87 84 229 175 172 393
4080 4082 10
24
288 346 51 11 8 79 76 107 108 232 313 310 314 330 259 256 438 365 229 175 170 333 293 290
4080 4082 10
7
360 87 84 229 175 172 393
4080 4082 10
7
360 87 84 229 175 172 393
4080 4082 10
7
360 87 84 229 175 172 393
4080 4082 10
7
360 87 84 229 175 172 393
4140 4142 10
24
288 346 51 11 8 79 76 107 108 232 313 310 314 330 259 256 438 365 229 175 170 333 293 290
4140 4142 10
7
360 87 84 229 175 172 393
4140 4142 10
24
288 346 51 11 8 79 76 107 108 232 313 310 314 330 259 256 438 365 229 175 170 333 293 290
4140 4142 10
7
360 87 84 229 175 172 393
4140 4142 10
24
288 346 51 11 8 79 76 107 108 232 313 310 314 330 259 256 438 365 229 175 170 333 293 290
4200 4202 10
24
288 346 51 11 8 79 76 107 108 232 313 310 314 330 259 256 438 365 229 175 170 333 293 290
4200 4202 10
7
360 87 84 229 175 172 393
4200 4202 10
7
360 87 84 229 175 172 393
4200 4202 10
24
288 346 51 11 8 79 76 107 108 232 313 310 314 330 259 256 438 365 229 175 170 333 293 290
4200 4202 10
7
360 87 84 229 175 172 393
4200 4202 10
24
288 346 51 11 8 79 76 107 108 232 313 310 314 330 259 256 438 365 229 175 170 333 293 290
4260 4262 10
24
288 346 51 11 8 79 76 107 108 232 313 310 314 330 259 256 438 365 229 175 170 333 293 290
4260 4262 10
7
360 87 84 229 175 172 393
4260 4262 10
7
360 87 84 229 175 172 393
4260 4262 10
7
360 87 84 229 175 172 393
4260 4262 10
24
288 346 51 11 8 79 76 107 108 232 313 310 314 330 259 256 438 365 229 175 170 333 293 290
4320 4322 10
24
288 346 51 11 8 79 76 107 108 232 313 310 314 330 259 256 438 365 229 175 170 333 293 290
4320 4322 10
7
360 87 84 229 175 172 393
4320 4322 10
24
288 346 51 11 8 79 76 107 108 232 313 310 314 330 259 256 438 365 229 175 170 333 293 290
4320 4322 10
7
360 87 84 229 175 172 393
4320 4322 10
7
360 87 84 229 175 172 393
4320 4322 10
24
288 346 51 11 8 79 76 107 108 232 313 310 314 330 259 256 438 365 229 175 170 333 293 290
4320 4322 10
7
360 87 84 229 175 172 393
4380 4382 10
7
360 87 84 229 175 172 393
4380 4382 10
24
288 346 51 11 8 79 76 107 108 232 313 310 314 330 259 256 438 365 229 175 170 333 293 290
4380 4382 10
7
360 87 84 229 175 172 393
4380 4382 10
24
288 346 51 11 8 79 76 107 108 232 313 310 314 330 259 256 438 365 229 175 170 333 293 290
4380 4382 10
7
360 87 84 229 175 172 393
4380 4382 10
24
288 346 51 11 8 79 76 107 108 232 313 310 314 330 259 256 438 365 229 175 170 333 293 290
4380 4382 10
7
360 87 84 229 175 172 393
4380 4382 10
24
288 346 51 11 8 79 76 107 108 232 313 310 314 330 259 256 438 365 229 175 170 333 293 290
4440 4442 10
7
360 87 84 229 175 172 393
4440 4442 10
24
288 346 51 11 8 79 76 107 108 232 313 310 314 330 259 256 438 365 229 175 170 333 293 290
4440 4442 10
7
360 87 84 229 175 172 393
4440 4442 10
24
288 346 51 11 8 79 76 107 108 232 313 310 314 330 259 256 438 365 229 175 170 333 293 290
4440 4442 10
7
360 87 84 229 175 172 393
4440 4442 10
24
288 346 51 11 8 79 76 107 108 232 313 310 314 330 259 256 438 365 229 175 170 333 293 290
4440 4442 10
7
360 87 84 229 175 172 393
4440 4442 10
24
288 346 51 11 8 79 76 107 108 232 313 310 314 330 259 256 438 365 229 175 170 333 293 290
4440 4442 10
24
288 346 51 11 8 79 76 107 108 232 313 310 314 330 259 256 438 365 229 175 170 333 293 290
4440 4442 10
7
360 87 84 229 175 172 393
4500 4502 10
24
288 346 51 11 8 79 76 107 108 232 313 310 314 330 259 256 438 365 229 175 170 333 293 290
4500 4502 10
7
360 87 84 229 175 172 393
4500 4502 10
7
360 87 84 229 175 172 393
4500 4502 10
24
288 346 51 11 8 79 76 107 108 232 313 310 314 330 259 256 438 365 229 175 170 333 293 290
4500 4502 10
7
360 87 84 229 175 172 393
4500 4502 10
24
288 346 51 11 8 79 76 107 108 232 313 310 314 330 259 256 438 365 229 175 170 333 293 290
4560 4562 10
7
360 87 84 229 175 172 393
4560 4562 10
24
288 346 51 11 8 79 76 107 108 232 313 310 314 330 259 256 438 365 229 175 170 333 293 290
4560 4562 10
7
360 87 84 229 175 172 393
4560 4562 10
7
360 87 84 229 175 172 393
4560 4562 10
24
288 346 51 11 8 79 76 107 108 232 313 310 314 330 259 256 438 365 229 175 170 333 293 290
4560 4562 10
7
360 87 84 229 175 172 393
4620 4622 10
7
360 87 84 229 175 172 393
4620 4622 10
24
288 346 51 11 8 79 76 107 108 232 313 310 314 330 259 256 438 365 229 175 170 333 293 290
4620 4622 10
24
288 346 51 11 8 79 76 107 108 232 313 310 314 330 259 256 438 365 229 175 170 333 293 290
4620 4622 10
7
360 87 84 229 175 172 393
4620 4622 10
7
360 87 84 229 175 172 393
4620 4622 10
24
288 346 51 11 8 79 76 107 108 232 313 310 314 330 259 256 438 365 229 175 170 333 293 290
4620 4622 10
7
360 87 84 229 175 172 393
4620 4622 10
7
360 87 84 229 175 172 393
4680 4682 10
7
360 87 84 229 175 172 393
4680 4682 10
24
288 346 51 11 8 79 76 107 108 232 313 310 314 330 259 256 438 365 229 175 170 333 293 290
4680 4682 10
7
360 87 84 229 175 172 393
4680 4682 10
24
288 346 51 11 8 79 76 107 108 232 313 310 314 330 259 256 438 365 229 175 170 333 293 290
4680 4682 10
7
360 87 84 229 175 172 393
4680 4682 10
24
288 346 51 11 8 79 76 107 108 232 313 310 314 330 259 256 438 365 229 175 170 333 293 290
4680 4682 10
7
360 87 84 229 175 172 393
4680 4682 10
24
288 346 51 11 8 79 76 107 108 232 313 310 314 330 259 256 438 365 229 175 170 333 293 290
4740 4742 10
24
288 346 51 11 8 79 76 107 108 232 313 310 314 330 259 256 438 365 229 175 170 333 293 290
4740 4742 10
7
360 87 84 229 175 172 393
4740 4742 10
24
288 346 51 11 8 79 76 107 108 232 313 310 314 330 259 256 438 365 229 175 170 333 293 290
4740 4742 10
7
360 87 84 229 175 172 393
4740 4742 10
24
288 346 51 11 8 79 76 107 108 232 313 310 314 330 259 256 438 365 229 175 170 333 293 290
4800 4802 10
7
360 87 84 229 175 172 393
4800 4802 10
24
288 346 51 11 8 79 76 107 108 232 313 310 314 330 259 256 438 365 229 175 170 333 293 290
4800 4802 10
7
360 87 84 229 175 172 393
4800 4802 10
24
288 346 51 11 8 79 76 107 108 232 313 310 314 330 259 256 438 365 229 175 170 333 293 290
4800 4802 10
7
360 87 84 229 175 172 393
4800 4802 10
24
288 346 51 11 8 79 76 107 108 232 313 310 314 330 259 256 438 365 229 175 170 333 293 290
4860 4862 10
23
360 87 88 280 277 19 20 406 309 312 233 109 104 139 142 423 401 363 53 54 41 42 287
4860 4862 10
23
346 51 11 8 79 76 107 108 232 313 310 314 330 259 256 438 365 229 175 170 333 293 290
4860 4862 10
23
346 51 11 8 79 76 107 108 232 313 310 314 330 259 256 438 365 229 175 170 333 293 290
4860 4862 10
23
360 87 88 280 277 19 20 406 309 312 233 109 104 139 142 423 401 363 53 54 41 42 287
4860 4862 10
23
346 51 11 8 79 76 107 108 232 313 310 314 330 259 256 438 365 229 175 170 333 293 290
4860 4862 10
23
360 87 88 280 277 19 20 406 309 312 233 109 104 139 142 423 401 363 53 54 41 42 287
4860 4862 10
23
360 87 88 280 277 19 20 406 309 312 233 109 104 139 142 423 401 363 53 54 41 42 287
4920 4922 10
23
346 51 11 8 79 76 107 108 232 313 310 314 330 259 256 438 365 229 175 170 333 293 290
4920 4922 10
23
360 87 88 280 277 19 20 406 309 312 233 109 104 139 142 423 401 363 53 54 41 42 287
4920 4922 10
23
360 87 88 280 277 19 20 406 309 312 233 109 104 139 142 423 401 363 53 54 41 42 287
4920 4922 10
23
360 87 88 280 277 19 20 406 309 312 233 109 104 139 142 423 401 363 53 54 41 42 287
4920 4922 10
23
346 51 11 8 79 76 107 108 232 313 310 314 330 259 256 438 365 229 175 170 333 293 290
4980 4982 10
23
360 87 88 280 277 19 20 406 309 312 233 109 104 139 142 423 401 363 53 54 41 42 287
4980 4982 10
23
346 51 11 8 79 76 107 108 232 313 310 314 330 259 256 438 365 229 175 170 333 293 290
4980 4982 10
23
360 87 88 280 277 19 20 406 309 312 233 109 104 139 142 423 401 363 53 54 41 42 287
4980 4982 10
23
360 87 88 280 277 19 20 406 309 312 233 109 104 139 142 423 401 363 53 54 41 42 287
4980 4982 10
23
346 51 11 8 79 76 107 108 232 313 310 314 330 259 256 438 365 229 175 170 333 293 290
4980 4982 10
23
360 87 88 280 277 19 20 406 309 312 233 109 104 139 142 423 401 363 53 54 41 42 287
5040 5042 10
23
360 87 88 280 277 19 20 406 309 312 233 109 104 139 142 423 401 363 53 54 41 42 287
5040 5042 10
23
346 51 11 8 79 76 107 108 232 313 310 314 330 259 256 438 365 229 175 170 333 293 290
5040 5042 10
23
360 87 88 280 277 19 20 406 309 312 233 109 104 139 142 423 401 363 53 54 41 42 287
5040 5042 10
23
360 87 88 280 277 19 20 406 309 312 233 109 104 139 142 423 401 363 53 54 41 42 287
5100 5102 10
23
360 87 88 280 277 19 20 406 309 312 233 109 104 139 142 423 401 363 53 54 41 42 287
5100 5102 10
23
346 51 11 8 79 76 107 108 232 313 310 314 330 259 256 438 365 229 175 170 333 293 290
5100 5102 10
23
346 51 11 8 79 76 107 108 232 313 310 314 330 259 256 438 365 229 175 170 333 293 290
5100 5102 10
23
360 87 88 280 277 19 20 406 309 312 233 109 104 139 142 423 401 363 53 54 41 42 287
5100 5102 10
23
360 87 88 280 277 19 20 406 309 312 233 109 104 139 142 423 401 363 53 54 41 42 287
5100 5102 10
23
346 51 11 8 79 76 107 108 232 313 310 314 330 259 256 438 365 229 175 170 333 293 290
5160 5162 10
23
360 87 88 280 277 19 20 406 309 312 233 109 104 139 142 423 401 363 53 54 41 42 287
5160 5162 10
23
346 51 11 8 79 76 107 108 232 313 310 314 330 259 256 438 365 229 175 170 333 293 290
5160 5162 10
23
360 87 88 280 277 19 20 406 309 312 233 109 104 139 142 423 401 363 53 54 41 42 287
5160 5162 10
23
346 51 11 8 79 76 107 108 232 313 310 314 330 259 256 438 365 229 175 170 333 293 290
5160 5162 10
23
360 87 88 280 277 19 20 406 309 312 233 109 104 139 142 423 401 363 53 54 41 42 287
5160 5162 10
23
346 51 11 8 79 76 107 108 232 313 310 314 330 259 256 438 365 229 175 170 333 293 290
5220 5222 10
23
360 87 88 280 277 19 20 406 309 312 233 109 104 139 142 423 401 363 53 54 41 42 287
5220 5222 10
23
346 51 11 8 79 76 107 108 232 313 310 314 330 259 256 438 365 229 175 170 333 293 290
5220 5222 10
23
346 51 11 8 79 76 107 108 232 313 310 314 330 259 256 438 365 229 175 170 333 293 290
5220 5222 10
23
360 87 88 280 277 19 20 406 309 312 233 109 104 139 142 423 401 363 53 54 41 42 287
5220 5222 10
23
360 87 88 280 277 19 20 406 309 312 233 109 104 139 142 423 401 363 53 54 41 42 287
5220 5222 10
23
346 51 11 8 79 76 107 108 232 313 310 314 330 259 256 438 365 229 175 170 333 293 290
5280 5282 10
23
360 87 88 280 277 19 20 406 309 312 233 109 104 139 142 423 401 363 53 54 41 42 287
5280 5282 10
23
346 51 11 8 79 76 107 108 232 313 310 314 330 259 256 438 365 229 175 170 333 293 290
5280 5282 10
23
360 87 88 280 277 19 20 406 309 312 233 109 104 139 142 423 401 363 53 54 41 42 287
5280 5282 10
23
346 51 11 8 79 76 107 108 232 313 310 314 330 259 256 438 365 229 175 170 333 293 290
5280 5282 10
23
360 87 88 280 277 19 20 406 309 312 233 109 104 139 142 423 401 363 53 54 41 42 287
5280 5282 10
23
360 87 88 280 277 19 20 406 309 312 233 109 104 139 142 423 401 363 53 54 41 42 287
5340 5342 10
23
346 51 11 8 79 76 107 108 232 313 310 314 330 259 256 438 365 229 175 170 333 293 290
5340 5342 10
23
360 87 88 280 277 19 20 406 309 312 233 109 104 139 142 423 401 363 53 54 41 42 287
5340 5342 10
23
346 51 11 8 79 76 107 108 232 313 310 314 330 259 256 438 365 229 175 170 333 293 290
5340 5342 10
23
360 87 88 280 277 19 20 406 309 312 233 109 104 139 142 423 401 363 53 54 41 42 287
5340 5342 10
23
346 51 11 8 79 76 107 108 232 313 310 314 330 259 256 438 365 229 175 170 333 293 290
5340 5342 10
23
346 51 11 8 79 76 107 108 232 313 310 314 330 259 256 438 365 229 175 170 333 293 290
5340 5342 10
23
360 87 88 280 277 19 20 406 309 312 233 109 104 139 142 423 401 363 53 54 41 42 287
5340 5342 10
23
346 51 11 8 79 76 107 108 232 313 310 314 330 259 256 438 365 229 175 170 333 293 290
5400 5402 10
23
360 87 88 280 277 19 20 406 309 312 233 109 104 139 142 423 401 363 53 54 41 42 287
5400 5402 10
23
346 51 11 8 79 76 107 108 232 313 310 314 330 259 256 438 365 229 175 170 333 293 290
5400 5402 10
23
360 87 88 280 277 19 20 406 309 312 233 109 104 139 142 423 401 363 53 54 41 42 287
5400 5402 10
23
360 87 88 280 277 19 20 406 309 312 233 109 104 139 142 423 401 363 53 54 41 42 287
5400 5402 10
23
346 51 11 8 79 76 107 108 232 313 310 314 330 259 256 438 365 229 175 170 333 293 290
5400 5402 10
23
360 87 88 280 277 19 20 406 309 312 233 109 104 139 142 423 401 363 53 54 41 42 287
5460 5462 10
23
346 51 11 8 79 76 107 108 232 313 310 314 330 259 256 438 365 229 175 170 333 293 290
5460 5462 10
23
360 87 88 280 277 19 20 406 309 312 233 109 104 139 142 423 401 363 53 54 41 42 287
5460 5462 10
23
346 51 11 8 79 76 107 108 232 313 310 314 330 259 256 438 365 229 175 170 333 293 290
5460 5462 10
23
346 51 11 8 79 76 107 108 232 313 310 314 330 259 256 438 365 229 175 170 333 293 290
5460 5462 10
23
360 87 88 280 277 19 20 406 309 312 233 109 104 139 142 423 401 363 53 54 41 42 287
5460 5462 10
23
360 87 88 280 277 19 20 406 309 312 233 109 104 139 142 423 401 363 53 54 41 42 287
5520 5522 10
23
360 87 88 280 277 19 20 406 309 312 233 109 104 139 142 423 401 363 53 54 41 42 287
5520 5522 10
23
360 87 88 280 277 19 20 406 309 312 233 109 104 139 142 423 401 363 53 54 41 42 287
5520 5522 10
23
346 51 11 8 79 76 107 108 232 313 310 314 330 259 256 438 365 229 175 170 333 293 290
5520 5522 10
23
360 87 88 280 277 19 20 406 309 312 233 109 104 139 142 423 401 363 53 54 41 42 287
5520 5522 10
23
360 87 88 280 277 19 20 406 309 312 233 109 104 139 142 423 401 363 53 54 41 42 287
5520 5522 10
23
346 51 11 8 79 76 107 108 232 313 310 314 330 259 256 438 365 229 175 170 333 293 290
5580 5582 10
23
346 51 11 8 79 76 107 108 232 313 310 314 330 259 256 438 365 229 175 170 333 293 290
5580 5582 10
23
360 87 88 280 277 19 20 406 309 312 233 109 104 139 142 423 401 363 53 54 41 42 287
5580 5582 10
23
346 51 11 8 79 76 107 108 232 313 310 314 330 259 256 438 365 229 175 170 333 293 290
5580 5582 10
23
360 87 88 280 277 19 20 406 309 312 233 109 104 139 142 423 401 363 53 54 41 42 287
5580 5582 10
23
346 51 11 8 79 76 107 108 232 313 310 314 330 259 256 438 365 229 175 170 333 293 290
5640 5642 10
23
346 51 11 8 79 76 107 108 232 313 310 314 330 259 256 438 365 229 175 170 333 293 290
5640 5642 10
23
360 87 88 280 277 19 20 406 309 312 233 109 104 139 142 423 401 363 53 54 41 42 287
5640 5642 10
23
360 87 88 280 277 19 20 406 309 312 233 109 104 139 142 423 401 363 53 54 41 42 287
5640 5642 10
23
346 51 11 8 79 76 107 108 232 313 310 314 330 259 256 438 365 229 175 170 333 293 290
5640 5642 10
23
346 51 11 8 79 76 107 108 232 313 310 314 330 259 256 438 365 229 175 170 333 293 290
5640 5642 10
23
360 87 88 280 277 19 20 406 309 312 233 109 104 139 142 423 401 363 53 54 41 42 287
5700 5702 10
23
360 87 88 280 277 19 20 406 309 312 233 109 104 139 142 423 401 363 53 54 41 42 287
5700 5702 10
23
346 51 11 8 79 76 107 108 232 313 310 314 330 259 256 438 365 229 175 170 333 293 290
5700 5702 10
23
360 87 88 280 277 19 20 406 309 312 233 109 104 139 142 423 401 363 53 54 41 42 287
5700 5702 10
23
346 51 11 8 79 76 107 108 232 313 310 314 330 259 256 438 365 229 175 170 333 293 290
5700 5702 10
23
346 51 11 8 79 76 107 108 232 313 310 314 330 259 256 438 365 229 175 170 333 293 290
5700 5702 10
23
360 87 88 280 277 19 20 406 309 312 233 109 104 139 142 423 401 363 53 54 41 42 287
5700 5702 10
23
360 87 88 280 277 19 20 406 309 312 233 109 104 139 142 423 401 363 53 54 41 42 287
5760 5762 10
23
346 51 11 8 79 76 107 108 232 313 310 314 330 259 256 438 365 229 175 170 333 293 290
5760 5762 10
23
360 87 88 280 277 19 20 406 309 312 233 109 104 139 142 423 401 363 53 54 41 42 287
5760 5762 10
23
346 51 11 8 79 76 107 108 232 313 310 314 330 259 256 438 365 229 175 170 333 293 290
5760 5762 10
23
360 87 88 280 277 19 20 406 309 312 233 109 104 139 142 423 401 363 53 54 41 42 287
5760 5762 10
23
360 87 88 280 277 19 20 406 309 312 233 109 104 139 142 423 401 363 53 54 41 42 287
5820 5822 10
23
346 51 11 8 79 76 107 108 232 313 310 314 330 259 256 438 365 229 175 170 333 293 290
5820 5822 10
23
346 51 11 8 79 76 107 108 232 313 310 314 330 259 256 438 365 229 175 170 333 293 290
5820 5822 10
23
360 87 88 280 277 19 20 406 309 312 233 109 104 139 142 423 401 363 53 54 41 42 287
5820 5822 10
23
360 87 88 280 277 19 20 406 309 312 233 109 104 139 142 423 401 363 53 54 41 42 287
5820 5822 10
23
360 87 88 280 277 19 20 406 309 312 233 109 104 139 142 423 401 363 53 54 41 42 287
5880 5882 10
23
346 51 11 8 79 76 107 108 232 313 310 314 330 259 256 438 365 229 175 170 333 293 290
5880 5882 10
23
360 87 88 280 277 19 20 406 309 312 233 109 104 139 142 423 401 363 53 54 41 42 287
5880 5882 10
23
346 51 11 8 79 76 107 108 232 313 310 314 330 259 256 438 365 229 175 170 333 293 290
5880 5882 10
23
346 51 11 8 79 76 107 108 232 313 310 314 330 259 256 438 365 229 175 170 333 293 290
5880 5882 10
23
360 87 88 280 277 19 20 406 309 312 233 109 104 139 142 423 401 363 53 54 41 42 287
5880 5882 10
23
360 87 88 280 277 19 20 406 309 312 233 109 104 139 142 423 401 363 53 54 41 42 287
5880 5882 10
23
346 51 11 8 79 76 107 108 232 313 310 314 330 259 256 438 365 229 175 170 333 293 290
5880 5882 10
23
346 51 11 8 79 76 107 108 232 313 310 314 330 259 256 438 365 229 175 170 333 293 290
5940 5942 10
23
360 87 88 280 277 19 20 406 309 312 233 109 104 139 142 423 401 363 53 54 41 42 287
5940 5942 10
23
346 51 11 8 79 76 107 108 232 313 310 314 330 259 256 438 365 229 175 170 333 293 290
5940 5942 10
23
360 87 88 280 277 19 20 406 309 312 233 109 104 139 142 423 401 363 53 54 41 42 287
5940 5942 10
23
360 87 88 280 277 19 20 406 309 312 233 109 104 139 142 423 401 363 53 54 41 42 287
5940 5942 10
23
346 51 11 8 79 76 107 108 232 313 310 314 330 259 256 438 365 229 175 170 333 293 290
5940 5942 10
23
360 87 88 280 277 19 20 406 309 312 233 109 104 139 142 423 401 363 53 54 41 42 287
6000 6002 10
23
360 87 88 280 277 19 20 406 309 312 233 109 104 139 142 423 401 363 53 54 41 42 287
6000 6002 10
23
346 51 11 8 79 76 107 108 232 313 310 314 330 259 256 438 365 229 175 170 333 293 290
6000 6002 10
23
360 87 88 280 277 19 20 406 309 312 233 109 104 139 142 423 401 363 53 54 41 42 287
6000 6002 10
23
360 87 88 280 277 19 20 406 309 312 233 109 104 139 142 423 401 363 53 54 41 42 287
6000 6002 10
23
346 51 11 8 79 76 107 108 232 313 310 314 330 259 256 438 365 229 175 170 333 293 290
6060 6062 10
8
360 87 84 229 175 172 393 201
6060 6062 10
8
163 131 132 115 118 89 86 361
6060 6062 10
8
163 131 132 115 118 89 86 361
6060 6062 10
8
360 87 84 229 175 172 393 201
6060 6062 10
8
163 131 132 115 118 89 86 361
6120 6122 10
8
163 131 132 115 118 89 86 361
6120 6122 10
8
360 87 84 229 175 172 393 201
6120 6122 10
8
360 87 84 229 175 172 393 201
6120 6122 10
8
163 131 132 115 118 89 86 361
6120 6122 10
8
360 87 84 229 175 172 393 201
6120 6122 10
8
163 131 132 115 118 89 86 361
6180 6182 10
8
360 87 84 229 175 172 393 201
6180 6182 10
8
163 131 132 115 118 89 86 361
6180 6182 10
8
163 131 132 115 118 89 86 361
6180 6182 10
8
163 131 132 115 118 89 86 361
6180 6182 10
8
360 87 84 229 175 172 393 201
6180 6182 10
8
163 131 132 115 118 89 86 361
6240 6242 10
8
360 87 84 229 175 172 393 201
6240 6242 10
8
163 131 132 115 118 89 86 361
6240 6242 10
8
360 87 84 229 175 172 393 201
6240 6242 10
8
163 131 132 115 118 89 86 361
6240 6242 10
8
360 87 84 229 175 172 393 201
6240 6242 10
8
163 131 132 115 118 89 86 361
6300 6302 10
8
163 131 132 115 118 89 86 361
6300 6302 10
8
360 87 84 229 175 172 393 201
6300 6302 10
8
360 87 84 229 175 172 393 201
6300 6302 10
8
163 131 132 115 118 89 86 361
6300 6302 10
8
163 131 132 115 118 89 86 361
6300 6302 10
8
360 87 84 229 175 172 393 201
6300 6302 10
8
163 131 132 115 118 89 86 361
6300 6302 10
8
360 87 84 229 175 172 393 201
6360 6362 10
8
163 131 132 115 118 89 86 361
6360 6362 10
8
360 87 84 229 175 172 393 201
6360 6362 10
8
163 131 132 115 118 89 86 361
6360 6362 10
8
360 87 84 229 175 172 393 201
6360 6362 10
8
360 87 84 229 175 172 393 201
6420 6422 10
8
360 87 84 229 175 172 393 201
6420 6422 10
8
163 131 132 115 118 89 86 361
6420 6422 10
8
360 87 84 229 175 172 393 201
6420 6422 10
8
163 131 132 115 118 89 86 361
6420 6422 10
8
360 87 84 229 175 172 393 201
6420 6422 10
8
360 87 84 229 175 172 393 201
6480 6482 10
8
163 131 132 115 118 89 86 361
6480 6482 10
8
360 87 84 229 175 172 393 201
6480 6482 10
8
163 131 132 115 118 89 86 361
6480 6482 10
8
360 87 84 229 175 172 393 201
6480 6482 10
8
360 87 84 229 175 172 393 201
6480 6482 10
8
163 131 132 115 118 89 86 361
6540 6542 10
8
360 87 84 229 175 172 393 201
6540 6542 10
8
360 87 84 229 175 172 393 201
6540 6542 10
8
163 131 132 115 118 89 86 361
6540 6542 10
8
360 87 84 229 175 172 393 201
6540 6542 10
8
163 131 132 115 118 89 86 361
6540 6542 10
8
360 87 84 229 175 172 393 201
6600 6602 10
8
360 87 84 229 175 172 393 201
6600 6602 10
8
163 131 132 115 118 89 86 361
6600 6602 10
8
360 87 84 229 175 172 393 201
6600 6602 10
8
163 131 132 115 118 89 86 361
6600 6602 10
8
360 87 84 229 175 172 393 201
6600 6602 10
8
360 87 84 229 175 172 393 201
6660 6662 10
8
360 87 84 229 175 172 393 201
6660 6662 10
8
163 131 132 115 118 89 86 361
6660 6662 10
8
360 87 84 229 175 172 393 201
6660 6662 10
8
163 131 132 115 118 89 86 361
6660 6662 10
8
360 87 84 229 175 172 393 201
6660 6662 10
8
163 131 132 115 118 89 86 361
6660 6662 10
8
360 87 84 229 175 172 393 201
6720 6722 10
8
163 131 132 115 118 89 86 361
6720 6722 10
8
360 87 84 229 175 172 393 201
6720 6722 10
8
163 131 132 115 118 89 86 361
6720 6722 10
8
360 87 84 229 175 172 393 201
6720 6722 10
8
163 131 132 115 118 89 86 361
6720 6722 10
8
360 87 84 229 175 172 393 201
6780 6782 10
8
163 131 132 115 118 89 86 361
6780 6782 10
8
360 87 84 229 175 172 393 201
6780 6782 10
8
360 87 84 229 175 172 393 201
6780 6782 10
8
163 131 132 115 118 89 86 361
6780 6782 10
8
360 87 84 229 175 172 393 201
6840 6842 10
8
360 87 84 229 175 172 393 201
6840 6842 10
8
163 131 132 115 118 89 86 361
6840 6842 10
8
163 131 132 115 118 89 86 361
6840 6842 10
8
360 87 84 229 175 172 393 201
6840 6842 10
8
360 87 84 229 175 172 393 201
6840 6842 10
8
163 131 132 115 118 89 86 361
6840 6842 10
8
163 131 132 115 118 89 86 361
6900 6902 10
8
163 131 132 115 118 89 86 361
6900 6902 10
8
360 87 84 229 175 172 393 201
6900 6902 10
8
360 87 84 229 175 172 393 201
6900 6902 10
8
163 131 132 115 118 89 86 361
6900 6902 10
8
163 131 132 115 118 89 86 361
6960 6962 10
8
360 87 84 229 175 172 393 201
6960 6962 10
8
163 131 132 115 118 89 86 361
6960 6962 10
8
360 87 84 229 175 172 393 201
6960 6962 10
8
360 87 84 229 175 172 393 201
6960 6962 10
8
163 131 132 115 118 89 86 361
7020 7022 10
8
163 131 132 115 118 89 86 361
7020 7022 10
8
360 87 84 229 175 172 393 201
7020 7022 10
8
163 131 132 115 118 89 86 361
7020 7022 10
8
360 87 84 229 175 172 393 201
7020 7022 10
8
163 131 132 115 118 89 86 361
7020 7022 10
8
360 87 84 229 175 172 393 201
7020 7022 10
8
360 87 84 229 175 172 393 201
7080 7082 10
8
360 87 84 229 175 172 393 201
7080 7082 10
8
163 131 132 115 118 89 86 361
7080 7082 10
8
163 131 132 115 118 89 86 361
7080 7082 10
8
360 87 84 229 175 172 393 201
7080 7082 10
8
163 131 132 115 118 89 86 361
7080 7082 10
8
360 87 84 229 175 172 393 201
7080 7082 10
8
163 131 132 115 118 89 86 361
7140 7142 10
8
360 87 84 229 175 172 393 201
7140 7142 10
8
163 131 132 115 118 89 86 361
7140 7142 10
8
360 87 84 229 175 172 393 201
7140 7142 10
8
360 87 84 229 175 172 393 201
7140 7142 10
8
163 131 132 115 118 89 86 361
7140 7142 10
8
360 87 84 229 175 172 393 201
7200 7202 10
8
360 87 84 229 175 172 393 201
7200 7202 10
8
163 131 132 115 118 89 86 361
7200 7202 10
8
163 131 132 115 118 89 86 361
7200 7202 10
8
360 87 84 229 175 172 393 201
7200 7202 10
8
360 87 84 229 175 172 393 201
7200 7202 10
8
163 131 132 115 118 89 86 361
