527
47.3936348 8.4949207 1 1
47.4222946 8.5757828 2 1
47.4249649 8.5732832 3 1
47.3904419 8.5219727 4 1
47.4059372 8.5906649 5 1
47.404274 8.4848776 6 1
47.4254227 8.4944754 7 1
47.4091606 8.5948725 8 1
47.3292198 8.4724674 9 1
47.3977547 8.4809942 10 1
47.3701897 8.5129328 11 1
47.4258919 8.5605354 12 1
47.4257927 8.5623827 13 1
47.3668213 8.5314808 14 1
47.3444214 8.467864 15 1
47.4183922 8.5947008 16 1
47.329174 8.5295305 17 1
47.4005852 8.5439911 18 1
47.4258118 8.560298 19 1
47.3291817 8.5174913 20 1
47.3294868 8.5143309 21 1
47.4057465 8.591363 22 1
47.4118271 8.5877218 23 1
47.4107285 8.5721388 24 1
47.3899498 8.5259733 25 1
47.3745232 8.5391951 26 1
47.3687134 8.500308 27 1
47.3939056 8.5045881 28 1
47.3294334 8.5297375 29 1
47.3494186 8.4683104 30 1
47.4117088 8.5700836 31 1
47.4046516 8.5569935 32 1
47.3517113 8.4680376 33 1
47.3695259 8.5070639 34 1
47.4073296 8.4679728 35 1
47.3665771 8.5409603 36 1
47.4074211 8.5849552 37 1
47.3700066 8.4682007 38 1
47.3675842 8.4944181 39 1
47.4248657 8.5731583 40 1
47.3497314 8.4682589 41 1
47.3940659 8.4907503 42 1
47.3735771 8.594615 43 1
47.3902893 8.5221415 44 1
47.3542671 8.4682207 45 1
47.3999863 8.5042925 46 1
47.3937836 8.4920158 47 1
47.3692818 8.505065 48 1
47.4079742 8.5925312 49 1
47.3613319 8.523138 50 1
47.4142036 8.5508747 51 1
47.3461876 8.5947733 52 1
47.3954315 8.4678993 53 1
47.3855591 8.5205173 54 1
47.4011917 8.5500898 55 1
47.4258652 8.5630045 56 1
47.407692 8.5942068 57 1
47.4106026 8.5055351 58 1
47.3351288 8.5240183 59 1
47.369175 8.5273886 60 1
47.3656464 8.5226841 61 1
47.4034767 8.4681864 62 1
47.3937645 8.4987164 63 1
47.3303947 8.489192 64 1
47.3911819 8.5229053 65 1
47.3291893 8.5469885 66 1
47.4258232 8.4936523 67 1
47.3955345 8.4679728 68 1
47.3667564 8.5313063 69 1
47.41008 8.5048914 70 1
47.4023781 8.5479507 71 1
47.398201 8.5362616 72 1
47.3594246 8.5948534 73 1
47.4072571 8.5947485 74 1
47.4204597 8.5745497 75 1
47.3599319 8.5947866 76 1
47.3991394 8.5424719 77 1
47.4034576 8.4678688 78 1
47.3924484 8.5234947 79 1
47.3291893 8.5732746 80 1
47.4052505 8.5615854 81 1
47.4258728 8.4937897 82 1
47.4258308 8.4794464 83 1
47.340253 8.5729488 84 1
47.3897552 8.512162 85 1
47.4217758 8.5502295 86 1
47.4193212 8.5477311 87 1
47.4093222 8.5944272 88 1
47.4201872 8.5563103 89 1
47.3960087 8.5454014 90 1
47.3773974 8.4991025 91 1
47.3438458 8.5301083 92 1
47.3908774 8.4792203 93 1
47.3516017 8.5257244 94 1
47.3801698 8.5427186 95 1
47.3510537 8.579932 96 1
47.379444 8.5444342 97 1
47.3782743 8.5102711 98 1
47.3687207 8.5196311 99 1
47.363314 8.5335369 100 1
47.3703628 8.5489865 101 1
47.403676 8.486684 102 1
47.3440018 8.5351346 103 1
47.388625 8.5391091 104 1
47.3767285 8.5438478 105 1
47.3784889 8.5413531 106 1
47.3710724 8.5313696 107 1
47.3936599 8.5391235 108 1
47.3736102 8.5198089 109 1
47.3818448 8.5165928 110 1
47.4033202 8.5478029 111 1
47.3327282 8.5180108 112 1
47.3763849 8.5595758 113 1
47.3908925 8.539264 114 1
47.3819334 8.5417143 115 1
47.4037021 8.4859339 116 1
47.421644 8.5384623 117 1
47.3782134 8.4934139 118 1
47.3862787 8.535303 119 1
47.3860181 8.5049585 120 1
47.3933798 8.5247835 121 1
47.3812101 8.5036989 122 1
47.4069062 8.585412 123 1
47.3698246 8.5201446 124 1
47.4140004 8.5187747 125 1
47.3779291 8.5481434 126 1
47.4155321 8.5888711 127 1
47.3706703 8.5170203 128 1
47.3686867 8.5288274 129 1
47.3986581 8.5392003 130 1
47.3837051 8.5489897 131 1
47.3846014 8.5316155 132 1
47.3971545 8.5307563 133 1
47.3777115 8.5437035 134 1
47.3733536 8.5316952 135 1
47.3435417 8.535367 136 1
47.3943794 8.5258096 137 1
47.3341518 8.5421508 138 1
47.398747 8.5339301 139 1
47.3634323 8.5345003 140 1
47.3480168 8.56289 141 1
47.360651 8.5570814 142 1
47.4088275 8.5797481 143 1
47.3450402 8.5334895 144 1
47.3653473 8.5643985 145 1
47.4104198 8.5922585 146 1
47.3880708 8.5199519 147 1
47.388998 8.4912236 148 1
47.3946969 8.4723045 149 1
47.3694592 8.5337966 150 1
47.3725555 8.5344287 151 1
47.3896213 8.521389 152 1
47.3764902 8.5347881 153 1
47.4028511 8.491165 154 1
47.4194992 8.5581705 155 1
47.4024839 8.4995425 156 1
47.3692188 8.5560305 157 1
47.4185282 8.5605917 158 1
47.3535284 8.5760957 159 1
47.3922714 8.5244041 160 1
47.3377888 8.474634 161 1
47.400156 8.5459726 162 1
47.3584659 8.5183334 163 1
47.3658823 8.5628475 164 1
47.394783 8.4909856 165 1
47.3933669 8.5449869 166 1
47.3859642 8.5212164 167 1
47.3932065 8.494411 168 1
47.3588884 8.5163507 169 1
47.3754527 8.4847101 170 1
47.39276 8.5227246 171 1
47.3323187 8.5298744 172 1
47.3691545 8.5280064 173 1
47.3646685 8.5544373 174 1
47.3492425 8.475772 175 1
47.3792887 8.4954918 176 1
47.3843579 8.5483764 177 1
47.4120369 8.582256 178 1
47.4042762 8.5741276 179 1
47.3730654 8.5280752 180 1
47.3680162 8.5602965 181 1
47.368161 8.4951976 182 1
47.4127333 8.5836127 183 1
47.3933329 8.4931555 184 1
47.3909596 8.5226117 185 1
47.3994019 8.542514 186 1
47.3904879 8.5250878 187 1
47.3830933 8.5402629 188 1
47.3432396 8.5193876 189 1
47.3979812 8.5324413 190 1
47.3875239 8.4865014 191 1
47.3530409 8.5249769 192 1
47.383234 8.506057 193 1
47.4126562 8.5944557 194 1
47.3845654 8.5030823 195 1
47.3822813 8.4881873 196 1
47.4111416 8.5708466 197 1
47.3788175 8.5426944 198 1
47.3932915 8.4928364 199 1
47.4230604 8.5762785 200 1
47.3744669 8.541658 201 1
47.3510395 8.5829397 202 1
47.4104635 8.5694813 203 1
47.3795942 8.5276651 204 1
47.398468 8.4945923 205 1
47.3951729 8.536047 206 1
47.3914146 8.5385343 207 1
47.387275 8.488278 208 1
47.3876864 8.5395433 209 1
47.4003152 8.5483991 210 1
47.3869495 8.5349347 211 1
47.4179355 8.5620103 212 1
47.3970226 8.4804499 213 1
47.3980889 8.5342582 214 1
47.3703676 8.5141686 215 1
47.3641381 8.5313752 216 1
47.3694116 8.5259464 217 1
47.3459171 8.5896307 218 1
47.3760844 8.5358964 219 1
47.373185 8.5501915 220 1
47.375337 8.485463 221 1
47.4105997 8.5721328 222 1
47.3293543 8.4794261 223 1
47.3725944 8.529027 224 1
47.3913955 8.5199503 225 1
47.3785572 8.5752875 226 1
47.3414548 8.5771852 227 1
47.361756 8.5607636 228 1
47.410242 8.5424948 229 1
47.3797413 8.5213442 230 1
47.4164429 8.5653164 231 1
47.3594211 8.5579563 232 1
47.3746391 8.5457996 233 1
47.3702099 8.5185247 234 1
47.3759163 8.5337788 235 1
47.3515889 8.5319487 236 1
47.3617573 8.5262961 237 1
47.3429082 8.5307221 238 1
47.4045448 8.5580292 239 1
47.3688536 8.5013075 240 1
47.3716339 8.5477028 241 1
47.422546 8.5507726 242 1
47.3674765 8.5234492 243 1
47.3852454 8.5085321 244 1
47.3886795 8.546485 245 1
47.3675357 8.5451709 246 1
47.3540588 8.575486 247 1
47.4058552 8.5911486 248 1
47.3675543 8.5598783 249 1
47.3935745 8.5376708 250 1
47.3799843 8.5206979 251 1
47.3744439 8.5214627 252 1
47.3844691 8.5400621 253 1
47.4051579 8.5049581 254 1
47.4105392 8.550208 255 1
47.3795605 8.5375439 256 1
47.3829601 8.5140132 257 1
47.4000193 8.5450789 258 1
47.3773637 8.5483239 259 1
47.3650522 8.5314344 260 1
47.4026324 8.5353488 261 1
47.3756728 8.5491049 262 1
47.3777749 8.5415325 263 1
47.3712601 8.530388 264 1
47.411663 8.5078869 265 1
47.3667566 8.5533991 266 1
47.3615028 8.5653565 267 1
47.3942267 8.4900799 268 1
47.405427 8.4807918 269 1
47.3910484 8.5231359 270 1
47.406415 8.5379 271 1
47.366655 8.5402599 272 1
47.4058978 8.5376511 273 1
47.3871897 8.5191422 274 1
47.3578269 8.5720938 275 1
47.3414474 8.5304702 276 1
47.3580396 8.5200195 277 1
47.3924784 8.5024742 278 1
47.3762645 8.5259571 279 1
47.3620777 8.5265958 280 1
47.414236 8.4833917 281 1
47.3948092 8.5253673 282 1
47.3690128 8.5027997 283 1
47.3863039 8.5186199 284 1
47.3607588 8.5245464 285 1
47.337347 8.5192116 286 1
47.3911796 8.487463 287 1
47.3758593 8.4884368 288 1
47.3294136 8.5431852 289 1
47.3850269 8.5322278 290 1
47.357007 8.514121 291 1
47.3995764 8.5050892 292 1
47.3629832 8.5579406 293 1
47.414693 8.51926 294 1
47.412501 8.5851132 295 1
47.3927416 8.5234498 296 1
47.3646742 8.5663084 297 1
47.3298187 8.48603 298 1
47.3653374 8.5316338 299 1
47.3576217 8.5214444 300 1
47.3643837 8.5553105 301 1
47.3770519 8.5418314 302 1
47.4196537 8.5065639 303 1
47.3709096 8.5482621 304 1
47.4119354 8.5873644 305 1
47.3756409 8.4873292 306 1
47.3719368 8.5222331 307 1
47.3948485 8.5258053 308 1
47.3657236 8.5655534 309 1
47.4039059 8.4855205 310 1
47.3364693 8.5766121 311 1
47.3729292 8.5311965 312 1
47.3564706 8.5138575 313 1
47.4036242 8.5483386 314 1
47.3751858 8.5186037 315 1
47.3821308 8.5940311 316 1
47.3662864 8.5405435 317 1
47.3861937 8.5182442 318 1
47.3458656 8.5661871 319 1
47.4122004 8.5465096 320 1
47.3941717 8.5273941 321 1
47.3969231 8.5409198 322 1
47.3922493 8.4924168 323 1
47.3777775 8.507728 324 1
47.3898913 8.4919233 325 1
47.3657583 8.532252 326 1
47.4197057 8.5479721 327 1
47.3745999 8.5497031 328 1
47.4084582 8.5390149 329 1
47.3682327 8.4966169 330 1
47.3833542 8.4840973 331 1
47.3730347 8.5331155 332 1
47.4102898 8.5418444 333 1
47.4146672 8.5200329 334 1
47.3752953 8.560417 335 1
47.3786459 8.4942858 336 1
47.3774935 8.544273 337 1
47.4257984 8.4718155 338 1
47.3861923 8.5182746 339 1
47.4258067 8.56123 340 1
47.3776523 8.5070106 341 1
47.4086384 8.5464518 342 1
47.3989672 8.5420569 343 1
47.3706398 8.531994 344 1
47.3600192 8.5228844 345 1
47.3519452 8.5585502 346 1
47.4212062 8.5496822 347 1
47.3884312 8.4911446 348 1
47.3296305 8.4801629 349 1
47.3671453 8.5443606 350 1
47.3900032 8.491525 351 1
47.3869686 8.5285004 352 1
47.386716 8.5474988 353 1
47.403821 8.5343423 354 1
47.3825068 8.5144852 355 1
47.4149024 8.5820872 356 1
47.3715023 8.5159141 357 1
47.4069168 8.550557 358 1
47.3903669 8.5251134 359 1
47.4091355 8.538997 360 1
47.3770046 8.5466124 361 1
47.3904121 8.5455926 362 1
47.390433 8.5389497 363 1
47.3773842 8.4997521 364 1
47.3613118 8.5254484 365 1
47.4041405 8.5626373 366 1
47.4100685 8.5933712 367 1
47.3625196 8.504667 368 1
47.3566484 8.5513182 369 1
47.3923622 8.5029488 370 1
47.3634655 8.5350661 371 1
47.3455658 8.5908098 372 1
47.3627538 8.5679505 373 1
47.3807438 8.5254525 374 1
47.3972303 8.5324805 375 1
47.4116688 8.5881818 376 1
47.358736 8.5170838 377 1
47.382801 8.5481722 378 1
47.3569293 8.5347709 379 1
47.3743576 8.5220823 380 1
47.3697739 8.513643 381 1
47.3548317 8.5748433 382 1
47.3937979 8.4726516 383 1
47.425581 8.5615966 384 1
47.3479519 8.5626619 385 1
47.3936564 8.5247148 386 1
47.3650055 8.5652161 387 1
47.3804232 8.5481491 388 1
47.3296757 8.5310257 389 1
47.3922577 8.4945667 390 1
47.3346774 8.4746693 391 1
47.3789482 8.5442889 392 1
47.3633475 8.5574443 393 1
47.3950062 8.5245431 394 1
47.4060974 8.5911318 395 1
47.420636 8.5025082 396 1
47.3977463 8.5333378 397 1
47.3692452 8.5480281 398 1
47.3989011 8.5328633 399 1
47.4201991 8.5486612 400 1
47.3695221 8.553801 401 1
47.3786171 8.5195604 402 1
47.3699657 8.5101865 403 1
47.4143857 8.5529337 404 1
47.3299457 8.5297694 405 1
47.3897502 8.4868253 406 1
47.3969345 8.5302649 407 1
47.4254837 8.5750704 408 1
47.3838666 8.5405167 409 1
47.3856042 8.5175883 410 1
47.3663063 8.5449491 411 1
47.3731576 8.5038858 412 1
47.4093228 8.5499573 413 1
47.3405066 8.5221128 414 1
47.3743438 8.5023394 415 1
47.3723429 8.5505388 416 1
47.3942746 8.4904552 417 1
47.3780696 8.5090858 418 1
47.3731371 8.5354328 419 1
47.3865433 8.5290354 420 1
47.3521957 8.5248528 421 1
47.3829991 8.5157664 422 1
47.3976491 8.5335772 423 1
47.3997739 8.5444107 424 1
47.3769315 8.4994386 425 1
47.3294792 8.5294514 426 1
47.3834254 8.5495507 427 1
47.3779157 8.5419169 428 1
47.3755436 8.5639811 429 1
47.41436 8.5742729 430 1
47.344419 8.5327746 431 1
47.4113426 8.5892909 432 1
47.377614 8.522368 433 1
47.3787084 8.5229973 434 1
47.3855159 8.4750929 435 1
47.386837 8.4905078 436 1
47.3547516 8.5268043 437 1
47.3744272 8.5430038 438 1
47.4029744 8.5070922 439 1
47.4142227 8.5511868 440 1
47.3654194 8.5215912 441 1
47.4071472 8.5858759 442 1
47.335257 8.4687956 443 1
47.3665275 8.5617643 444 1
47.3942007 8.4931539 445 1
47.3743869 8.5242539 446 1
47.3905926 8.489707 447 1
47.4025986 8.492391 448 1
47.3758349 8.5419241 449 1
47.3910544 8.5453471 450 1
47.3433431 8.5356096 451 1
47.3711423 8.5234058 452 1
47.4140911 8.482904 453 1
47.3861732 8.5180016 454 1
47.3701525 8.5133552 455 1
47.3746933 8.5205961 456 1
47.4214 8.5378237 457 1
47.4123256 8.5860284 458 1
47.4095879 8.5497671 459 1
47.4145975 8.5204332 460 1
47.3801262 8.5280249 461 1
47.4138233 8.5454851 462 1
47.3603472 8.5654281 463 1
47.3292465 8.580462 464 1
47.3800365 8.5481274 465 1
47.3996429 8.495293 466 1
47.4095599 8.5377048 467 1
47.4177465 8.5462236 468 1
47.365077 8.5549719 469 1
47.3892455 8.5461682 470 1
47.3604179 8.5667955 471 1
47.374265 8.5238574 472 1
47.4013982 8.5011227 473 1
47.4168231 8.5647087 474 1
47.4081421 8.592792 475 1
47.3805415 8.5125812 476 1
47.4008289 8.5487849 477 1
47.3877541 8.4716246 478 1
47.364296 8.5461676 479 1
47.3654843 8.5523785 480 1
47.3739189 8.5261542 481 1
47.3971405 8.594727 482 1
47.4126027 8.5061751 483 1
47.3644689 8.5368681 484 1
47.3706718 8.5193327 485 1
47.4018036 8.5000334 486 1
47.425827 8.5700206 487 1
47.3912826 8.5362187 488 1
47.346386 8.5896842 489 1
47.3660088 8.5322804 490 1
47.3831654 8.5150435 491 1
47.4097643 8.5491965 492 1
47.3771229 8.5411392 493 1
47.3727951 8.5355079 494 1
47.4257711 8.547554 495 1
47.3833517 8.5481987 496 1
47.4129511 8.53802 497 1
47.3725418 8.5175785 498 1
47.3876375 8.5294385 499 1
47.369648 8.5084224 500 1
47.3406754 8.5301905 501 1
47.4042082 8.5609033 502 1
47.3947658 8.536627 503 1
47.3598061 8.5945762 504 1
47.3604012 8.5646559 505 1
47.3933347 8.494779 506 1
47.3937988 8.5018844 507 1
47.3979365 8.4745703 508 1
47.4148315 8.4834095 509 1
47.4104509 8.5729065 510 1
47.3980674 8.5360208 511 1
47.408889 8.5395008 512 1
47.3776512 8.5431586 513 1
47.4148502 8.5833406 514 1
47.4138107 8.5466274 515 1
47.3706799 8.470006 516 1
47.4119396 8.5247336 517 1
47.3444939 8.5665502 518 1
47.3919207 8.5181239 519 1
47.3932081 8.4930502 520 1
47.4256401 8.5093947 521 1
47.4076023 8.592432 522 1
47.3702634 8.5095847 523 1
47.409193 8.5946665 524 1
47.3937244 8.5020018 525 1
47.4257635 8.5540587 526 1
47.3865586 8.5346885 527 1
694
178 356 216.45182571702082 16.67 3 3 2 3
1 0 0 0 1 0 0 0 1
1 0 0 0 1 0 0 0 1
178 183 159.7102756362072 16.67 3 3 4 5
1 0 0 0 1 0 0 0 1
1 0 0 0 1 0 0 0 1
178 143 368.9248756623738 16.67 3 3 6 7
1 0 0 0 1 0 0 0 1
1 0 0 0 1 0 0 0 1
179 366 1277.7826971635557 16.67 3 3 8 9
1 0 0 0 1 0 0 0 1
1 0 0 0 1 0 0 0 1
179 482 2352.805474684604 16.67 3 3 10 11
1 0 0 0 1 0 0 0 1
1 0 0 0 1 0 0 0 1
179 123 1270.3616438063086 16.67 3 3 12 13
1 0 0 0 1 0 0 0 1
1 0 0 0 1 0 0 0 1
71 111 72.78835188569785 16.67 3 3 14 15
1 0 0 0 1 0 0 0 1
1 0 0 0 1 0 0 0 1
71 477 149.0015305612107 16.67 3 3 16 17
1 0 0 0 1 0 0 0 1
1 0 0 0 1 0 0 0 1
71 210 163.07721465582546 16.67 3 3 18 19
1 0 0 0 1 0 0 0 1
1 0 0 0 1 0 0 0 1
180 224 111.62721273279722 16.67 3 3 20 21
1 0 0 0 1 0 0 0 1
1 0 0 0 1 0 0 0 1
180 481 223.0790782185745 16.67 3 3 22 23
1 0 0 0 1 0 0 0 1
1 0 0 0 1 0 0 0 1
180 307 655.1881092991405 16.67 3 3 24 25
1 0 0 0 1 0 0 0 1
1 0 0 0 1 0 0 0 1
181 444 198.02221825472338 16.67 3 3 26 27
1 0 0 0 1 0 0 0 1
1 0 0 0 1 0 0 0 1
181 249 58.07665150443595 16.67 3 3 28 29
1 0 0 0 1 0 0 0 1
1 0 0 0 1 0 0 0 1
181 157 482.95608341595107 16.67 3 3 30 31
1 0 0 0 1 0 0 0 1
1 0 0 0 1 0 0 0 1
182 39 96.95838429098819 16.67 3 3 32 33
1 0 0 0 1 0 0 0 1
1 0 0 0 1 0 0 0 1
182 221 1209.9242190951422 16.67 3 3 34 35
1 0 0 0 1 0 0 0 1
1 0 0 0 1 0 0 0 1
182 330 157.9210498279612 16.67 3 3 36 37
1 0 0 0 1 0 0 0 1
1 0 0 0 1 0 0 0 1
183 295 167.77147895150725 16.67 3 3 38 39
1 0 0 0 1 0 0 0 1
1 0 0 0 1 0 0 0 1
184 520 15.01255950159481 16.67 3 3 40 41
1 0 0 0 1 0 0 0 1
1 0 0 0 1 0 0 0 1
184 168 139.93772183979644 16.67 3 3 42 43
1 0 0 0 1 0 0 0 1
1 0 0 0 1 0 0 0 1
184 205 418.28455046146655 16.67 3 3 44 45
1 0 0 0 1 0 0 0 1
1 0 0 0 1 0 0 0 1
185 4 81.04439236055747 16.67 3 3 46 47
1 0 0 0 1 0 0 0 1
1 0 0 0 1 0 0 0 1
185 225 297.7662092591448 16.67 3 3 48 49
1 0 0 0 1 0 0 0 1
1 0 0 0 1 0 0 0 1
185 359 281.74914142025875 16.67 3 3 50 51
1 0 0 0 1 0 0 0 1
1 0 0 0 1 0 0 0 1
185 160 222.44195314668727 16.67 3 3 52 53
1 0 0 0 1 0 0 0 1
1 0 0 0 1 0 0 0 1
186 18 186.85062404649642 16.67 3 3 54 55
1 0 0 0 1 0 0 0 1
1 0 0 0 1 0 0 0 1
186 130 372.71822499331444 16.67 3 3 56 57
1 0 0 0 1 0 0 0 1
1 0 0 0 1 0 0 0 1
186 343 60.45107115221792 16.67 3 3 58 59
1 0 0 0 1 0 0 0 1
1 0 0 0 1 0 0 0 1
186 77 20.305607034910583 16.67 3 3 60 61
1 0 0 0 1 0 0 0 1
1 0 0 0 1 0 0 0 1
187 270 221.1183012094173 16.67 3 3 62 63
1 0 0 0 1 0 0 0 1
1 0 0 0 1 0 0 0 1
187 25 106.47647527002508 16.67 3 3 64 65
1 0 0 0 1 0 0 0 1
1 0 0 0 1 0 0 0 1
188 198 420.4233841506962 16.67 3 3 66 67
1 0 0 0 1 0 0 0 1
1 0 0 0 1 0 0 0 1
188 188 0.0 16.67 3 3 68 69
1 0 0 0 1 0 0 0 1
1 0 0 0 1 0 0 0 1
188 119 601.4407793448202 16.67 3 3 70 71
1 0 0 0 1 0 0 0 1
1 0 0 0 1 0 0 0 1
189 286 444.4436715962942 16.67 3 3 72 73
1 0 0 0 1 0 0 0 1
1 0 0 0 1 0 0 0 1
189 94 945.286161189019 16.67 3 3 74 75
1 0 0 0 1 0 0 0 1
1 0 0 0 1 0 0 0 1
189 421 908.1686693127338 16.67 3 3 76 77
1 0 0 0 1 0 0 0 1
1 0 0 0 1 0 0 0 1
190 439 2843.8117748842947 16.67 3 3 78 79
1 0 0 0 1 0 0 0 1
1 0 0 0 1 0 0 0 1
190 375 56.69011336125364 16.67 3 3 80 81
1 0 0 0 1 0 0 0 1
1 0 0 0 1 0 0 0 1
190 399 83.64687850788708 16.67 3 3 82 83
1 0 0 0 1 0 0 0 1
1 0 0 0 1 0 0 0 1
190 133 197.43786551937254 16.67 3 3 84 85
1 0 0 0 1 0 0 0 1
1 0 0 0 1 0 0 0 1
191 331 412.3358673712712 16.67 3 3 86 87
1 0 0 0 1 0 0 0 1
1 0 0 0 1 0 0 0 1
191 93 848.1228299659746 16.67 3 3 88 89
1 0 0 0 1 0 0 0 1
1 0 0 0 1 0 0 0 1
191 208 198.44782422259772 16.67 3 3 90 91
1 0 0 0 1 0 0 0 1
1 0 0 0 1 0 0 0 1
191 406 171.43917041695067 16.67 3 3 92 93
1 0 0 0 1 0 0 0 1
1 0 0 0 1 0 0 0 1
192 437 240.63272271432535 16.67 3 3 94 95
1 0 0 0 1 0 0 0 1
1 0 0 0 1 0 0 0 1
192 94 136.62149893159517 16.67 3 3 96 97
1 0 0 0 1 0 0 0 1
1 0 0 0 1 0 0 0 1
192 300 522.8804803736554 16.67 3 3 98 99
1 0 0 0 1 0 0 0 1
1 0 0 0 1 0 0 0 1
193 122 303.2881936544956 16.67 3 3 100 101
1 0 0 0 1 0 0 0 1
1 0 0 0 1 0 0 0 1
193 244 314.15037377888035 16.67 3 3 102 103
1 0 0 0 1 0 0 0 1
1 0 0 0 1 0 0 0 1
193 195 345.64808725234974 16.67 3 3 104 105
1 0 0 0 1 0 0 0 1
1 0 0 0 1 0 0 0 1
193 476 753.2947530301924 16.67 3 3 106 107
1 0 0 0 1 0 0 0 1
1 0 0 0 1 0 0 0 1
195 348 1359.0279561322523 16.67 3 3 108 109
1 0 0 0 1 0 0 0 1
1 0 0 0 1 0 0 0 1
195 120 235.56851917666089 16.67 3 3 110 111
1 0 0 0 1 0 0 0 1
1 0 0 0 1 0 0 0 1
196 331 461.93401925896296 16.67 3 3 112 113
1 0 0 0 1 0 0 0 1
1 0 0 0 1 0 0 0 1
196 436 429.2443037189153 16.67 3 3 114 115
1 0 0 0 1 0 0 0 1
1 0 0 0 1 0 0 0 1
196 176 842.9477708054105 16.67 3 3 116 117
1 0 0 0 1 0 0 0 1
1 0 0 0 1 0 0 0 1
197 203 160.17019917975742 16.67 3 3 118 119
1 0 0 0 1 0 0 0 1
1 0 0 0 1 0 0 0 1
197 222 148.72776818672372 16.67 3 3 120 121
1 0 0 0 1 0 0 0 1
1 0 0 0 1 0 0 0 1
197 31 94.97858618971802 16.67 3 3 122 123
1 0 0 0 1 0 0 0 1
1 0 0 0 1 0 0 0 1
197 24 147.0192622800866 16.67 3 3 124 125
1 0 0 0 1 0 0 0 1
1 0 0 0 1 0 0 0 1
198 106 151.19340803691114 16.67 3 3 126 127
1 0 0 0 1 0 0 0 1
1 0 0 0 1 0 0 0 1
198 95 101.86384298119707 16.67 3 3 128 129
1 0 0 0 1 0 0 0 1
1 0 0 0 1 0 0 0 1
198 513 101.8695153432749 16.67 3 3 130 131
1 0 0 0 1 0 0 0 1
1 0 0 0 1 0 0 0 1
199 323 91.28282757665008 16.67 3 3 132 133
1 0 0 0 1 0 0 0 1
1 0 0 0 1 0 0 0 1
199 445 77.01388834086822 16.67 3 3 134 135
1 0 0 0 1 0 0 0 1
1 0 0 0 1 0 0 0 1
199 148 369.6364948449652 16.67 3 3 136 137
1 0 0 0 1 0 0 0 1
1 0 0 0 1 0 0 0 1
200 408 226.47105016533354 16.67 3 3 138 139
1 0 0 0 1 0 0 0 1
1 0 0 0 1 0 0 0 1
200 127 1510.5331553765166 16.67 3 3 140 141
1 0 0 0 1 0 0 0 1
1 0 0 0 1 0 0 0 1
200 2 79.73809255867428 16.67 3 3 142 143
1 0 0 0 1 0 0 0 1
1 0 0 0 1 0 0 0 1
201 26 273.91169263644315 16.67 3 3 144 145
1 0 0 0 1 0 0 0 1
1 0 0 0 1 0 0 0 1
201 438 149.68522249416645 16.67 3 3 146 147
1 0 0 0 1 0 0 0 1
1 0 0 0 1 0 0 0 1
201 449 107.18455860246992 16.67 3 3 148 149
1 0 0 0 1 0 0 0 1
1 0 0 0 1 0 0 0 1
202 489 827.8988117124244 16.67 3 3 150 151
1 0 0 0 1 0 0 0 1
1 0 0 0 1 0 0 0 1
202 96 334.4633221063683 16.67 3 3 152 153
1 0 0 0 1 0 0 0 1
1 0 0 0 1 0 0 0 1
203 255 2143.2329491963137 16.67 3 3 154 155
1 0 0 0 1 0 0 0 1
1 0 0 0 1 0 0 0 1
204 461 56.61766265140204 16.67 3 3 156 157
1 0 0 0 1 0 0 0 1
1 0 0 0 1 0 0 0 1
204 279 314.5415953761472 16.67 3 3 158 159
1 0 0 0 1 0 0 0 1
1 0 0 0 1 0 0 0 1
204 235 734.097304946633 16.67 3 3 160 161
1 0 0 0 1 0 0 0 1
1 0 0 0 1 0 0 0 1
204 374 260.82839075637963 16.67 3 3 162 163
1 0 0 0 1 0 0 0 1
1 0 0 0 1 0 0 0 1
205 466 117.86645716354907 16.67 3 3 164 165
1 0 0 0 1 0 0 0 1
1 0 0 0 1 0 0 0 1
205 445 358.83084529705764 16.67 3 3 166 167
1 0 0 0 1 0 0 0 1
1 0 0 0 1 0 0 0 1
205 165 487.6438465542027 16.67 3 3 168 169
1 0 0 0 1 0 0 0 1
1 0 0 0 1 0 0 0 1
206 503 71.40723226541265 16.67 3 3 170 171
1 0 0 0 1 0 0 0 1
1 0 0 0 1 0 0 0 1
206 423 331.9270279740348 16.67 3 3 172 173
1 0 0 0 1 0 0 0 1
1 0 0 0 1 0 0 0 1
207 114 90.16210294341347 16.67 3 3 174 175
1 0 0 0 1 0 0 0 1
1 0 0 0 1 0 0 0 1
207 488 257.6905296063846 16.67 3 3 176 177
1 0 0 0 1 0 0 0 1
1 0 0 0 1 0 0 0 1
207 363 87.14679702217325 16.67 3 3 178 179
1 0 0 0 1 0 0 0 1
1 0 0 0 1 0 0 0 1
207 250 188.83776554755948 16.67 3 3 180 181
1 0 0 0 1 0 0 0 1
1 0 0 0 1 0 0 0 1
208 436 250.14089569701665 16.67 3 3 182 183
1 0 0 0 1 0 0 0 1
1 0 0 0 1 0 0 0 1
209 104 85.58525055139287 16.67 3 3 184 185
1 0 0 0 1 0 0 0 1
1 0 0 0 1 0 0 0 1
209 253 248.99776873987514 16.67 3 3 186 187
1 0 0 0 1 0 0 0 1
1 0 0 0 1 0 0 0 1
210 90 464.9662029134242 16.67 3 3 188 189
1 0 0 0 1 0 0 0 1
1 0 0 0 1 0 0 0 1
210 477 57.75466434290294 16.67 3 3 190 191
1 0 0 0 1 0 0 0 1
1 0 0 0 1 0 0 0 1
210 258 369.88332890775564 16.67 3 3 192 193
1 0 0 0 1 0 0 0 1
1 0 0 0 1 0 0 0 1
211 290 334.00709125497536 16.67 3 3 194 195
1 0 0 0 1 0 0 0 1
1 0 0 0 1 0 0 0 1
211 488 356.1103832394181 16.67 3 3 196 197
1 0 0 0 1 0 0 0 1
1 0 0 0 1 0 0 0 1
211 119 65.02281117293872 16.67 3 3 198 199
1 0 0 0 1 0 0 0 1
1 0 0 0 1 0 0 0 1
212 158 163.93365957998526 16.67 3 3 200 201
1 0 0 0 1 0 0 0 1
1 0 0 0 1 0 0 0 1
212 474 311.52224264671 16.67 3 3 202 203
1 0 0 0 1 0 0 0 1
1 0 0 0 1 0 0 0 1
213 508 657.4311420715615 16.67 3 3 204 205
1 0 0 0 1 0 0 0 1
1 0 0 0 1 0 0 0 1
213 268 1091.3580069610298 16.67 3 3 206 207
1 0 0 0 1 0 0 0 1
1 0 0 0 1 0 0 0 1
213 10 81.85622484671757 16.67 3 3 208 209
1 0 0 0 1 0 0 0 1
1 0 0 0 1 0 0 0 1
214 139 61.522990421497525 16.67 3 3 212 213
1 0 0 0 1 0 0 0 1
1 0 0 0 1 0 0 0 1
214 511 196.01094871912986 16.67 3 3 214 215
1 0 0 0 1 0 0 0 1
1 0 0 0 1 0 0 0 1
214 72 222.9413997324699 16.67 3 3 216 217
1 0 0 0 1 0 0 0 1
1 0 0 0 1 0 0 0 1
214 423 82.64820123547265 16.67 3 3 218 219
1 0 0 0 1 0 0 0 1
1 0 0 0 1 0 0 0 1
215 381 73.58916281626067 16.67 3 3 220 221
1 0 0 0 1 0 0 0 1
1 0 0 0 1 0 0 0 1
215 11 138.07474062230617 16.67 3 3 222 223
1 0 0 0 1 0 0 0 1
1 0 0 0 1 0 0 0 1
215 357 212.08184734203397 16.67 3 3 224 225
1 0 0 0 1 0 0 0 1
1 0 0 0 1 0 0 0 1
215 128 317.932501604904 16.67 3 3 226 227
1 0 0 0 1 0 0 0 1
1 0 0 0 1 0 0 0 1
216 100 248.269695360135 16.67 3 3 228 229
1 0 0 0 1 0 0 0 1
1 0 0 0 1 0 0 0 1
216 260 69.16496463214762 16.67 3 3 230 231
1 0 0 0 1 0 0 0 1
1 0 0 0 1 0 0 0 1
216 236 947.3677330446051 16.67 3 3 232 233
1 0 0 0 1 0 0 0 1
1 0 0 0 1 0 0 0 1
217 452 311.13818733344664 16.67 3 3 234 235
1 0 0 0 1 0 0 0 1
1 0 0 0 1 0 0 0 1
217 243 313.61339534076023 16.67 3 3 236 237
1 0 0 0 1 0 0 0 1
1 0 0 0 1 0 0 0 1
217 173 229.89257559874608 16.67 3 3 238 239
1 0 0 0 1 0 0 0 1
1 0 0 0 1 0 0 0 1
217 60 161.3621168359983 16.67 3 3 240 241
1 0 0 0 1 0 0 0 1
1 0 0 0 1 0 0 0 1
218 489 35.82763369114513 16.67 3 3 242 243
1 0 0 0 1 0 0 0 1
1 0 0 0 1 0 0 0 1
218 372 133.76309930612115 16.67 3 3 244 245
1 0 0 0 1 0 0 0 1
1 0 0 0 1 0 0 0 1
218 227 1424.2173232377459 16.67 3 3 246 247
1 0 0 0 1 0 0 0 1
1 0 0 0 1 0 0 0 1
219 302 663.9918029249174 16.67 3 3 248 249
1 0 0 0 1 0 0 0 1
1 0 0 0 1 0 0 0 1
219 153 126.97687988335134 16.67 3 3 250 251
1 0 0 0 1 0 0 0 1
1 0 0 0 1 0 0 0 1
219 332 385.1898643660336 16.67 3 3 252 253
1 0 0 0 1 0 0 0 1
1 0 0 0 1 0 0 0 1
219 493 588.2303187662637 16.67 3 3 254 255
1 0 0 0 1 0 0 0 1
1 0 0 0 1 0 0 0 1
10 508 714.4802165421618 16.67 3 3 256 257
1 0 0 0 1 0 0 0 1
1 0 0 0 1 0 0 0 1
10 165 1133.3553753161643 16.67 3 3 258 259
1 0 0 0 1 0 0 0 1
1 0 0 0 1 0 0 0 1
220 328 119.59648146813736 16.67 3 3 260 261
1 0 0 0 1 0 0 0 1
1 0 0 0 1 0 0 0 1
220 416 74.25123100758826 16.67 3 3 262 263
1 0 0 0 1 0 0 0 1
1 0 0 0 1 0 0 0 1
221 170 84.17595597908517 16.67 3 3 264 265
1 0 0 0 1 0 0 0 1
1 0 0 0 1 0 0 0 1
221 306 208.78281484113643 16.67 3 3 266 267
1 0 0 0 1 0 0 0 1
1 0 0 0 1 0 0 0 1
222 510 86.76247771481425 16.67 3 3 268 269
1 0 0 0 1 0 0 0 1
1 0 0 0 1 0 0 0 1
222 24 9.715738582473056 16.67 3 3 270 271
1 0 0 0 1 0 0 0 1
1 0 0 0 1 0 0 0 1
224 312 242.5662330184256 16.67 3 3 272 273
1 0 0 0 1 0 0 0 1
1 0 0 0 1 0 0 0 1
224 452 634.5810596730182 16.67 3 3 274 275
1 0 0 0 1 0 0 0 1
1 0 0 0 1 0 0 0 1
224 264 181.6664089129273 16.67 3 3 276 277
1 0 0 0 1 0 0 0 1
1 0 0 0 1 0 0 0 1
225 65 328.9944892530432 16.67 3 3 278 279
1 0 0 0 1 0 0 0 1
1 0 0 0 1 0 0 0 1
225 519 206.91168751097825 16.67 3 3 280 281
1 0 0 0 1 0 0 0 1
1 0 0 0 1 0 0 0 1
226 429 1277.6063540161965 16.67 3 3 282 283
1 0 0 0 1 0 0 0 1
1 0 0 0 1 0 0 0 1
226 43 2181.7227559475546 16.67 3 3 284 285
1 0 0 0 1 0 0 0 1
1 0 0 0 1 0 0 0 1
226 316 2101.6205026821553 16.67 3 3 286 287
1 0 0 0 1 0 0 0 1
1 0 0 0 1 0 0 0 1
226 113 1754.8095875108486 16.67 3 3 288 289
1 0 0 0 1 0 0 0 1
1 0 0 0 1 0 0 0 1
227 159 917.818501365838 16.67 3 3 290 291
1 0 0 0 1 0 0 0 1
1 0 0 0 1 0 0 0 1
227 84 479.7205396532878 16.67 3 3 292 293
1 0 0 0 1 0 0 0 1
1 0 0 0 1 0 0 0 1
227 311 381.0417071072215 16.67 3 3 294 295
1 0 0 0 1 0 0 0 1
1 0 0 0 1 0 0 0 1
228 232 358.3104284402236 16.67 3 3 296 297
1 0 0 0 1 0 0 0 1
1 0 0 0 1 0 0 0 1
228 142 417.8411380663812 16.67 3 3 298 299
1 0 0 0 1 0 0 0 1
1 0 0 0 1 0 0 0 1
228 293 327.2495012876127 16.67 3 3 300 301
1 0 0 0 1 0 0 0 1
1 0 0 0 1 0 0 0 1
228 267 511.0946566395251 16.67 3 3 302 303
1 0 0 0 1 0 0 0 1
1 0 0 0 1 0 0 0 1
229 342 456.27391247729724 16.67 3 3 304 305
1 0 0 0 1 0 0 0 1
1 0 0 0 1 0 0 0 1
229 333 72.41504157796636 16.67 3 3 306 307
1 0 0 0 1 0 0 0 1
1 0 0 0 1 0 0 0 1
230 434 199.60393826603382 16.67 3 3 308 309
1 0 0 0 1 0 0 0 1
1 0 0 0 1 0 0 0 1
230 251 74.16237509724705 16.67 3 3 310 311
1 0 0 0 1 0 0 0 1
1 0 0 0 1 0 0 0 1
231 404 1385.6519813140276 16.67 3 3 312 313
1 0 0 0 1 0 0 0 1
1 0 0 0 1 0 0 0 1
231 31 638.689048724419 16.67 3 3 314 315
1 0 0 0 1 0 0 0 1
1 0 0 0 1 0 0 0 1
231 474 73.38358018936452 16.67 3 3 316 317
1 0 0 0 1 0 0 0 1
1 0 0 0 1 0 0 0 1
232 382 1909.421428704826 16.67 3 3 318 319
1 0 0 0 1 0 0 0 1
1 0 0 0 1 0 0 0 1
232 369 767.1478935291289 16.67 3 3 320 321
1 0 0 0 1 0 0 0 1
1 0 0 0 1 0 0 0 1
232 142 134.34523440547144 16.67 3 3 322 323
1 0 0 0 1 0 0 0 1
1 0 0 0 1 0 0 0 1
233 241 309.85037372966997 16.67 3 3 324 325
1 0 0 0 1 0 0 0 1
1 0 0 0 1 0 0 0 1
233 438 311.3072020033647 16.67 3 3 326 327
1 0 0 0 1 0 0 0 1
1 0 0 0 1 0 0 0 1
233 105 268.0768872041904 16.67 3 3 328 329
1 0 0 0 1 0 0 0 1
1 0 0 0 1 0 0 0 1
234 99 166.48142177884858 16.67 3 3 330 331
1 0 0 0 1 0 0 0 1
1 0 0 0 1 0 0 0 1
234 485 96.35003944578625 16.67 3 3 332 333
1 0 0 0 1 0 0 0 1
1 0 0 0 1 0 0 0 1
234 128 170.8475208898973 16.67 3 3 334 335
1 0 0 0 1 0 0 0 1
1 0 0 0 1 0 0 0 1
235 135 301.54105254456385 16.67 3 3 336 337
1 0 0 0 1 0 0 0 1
1 0 0 0 1 0 0 0 1
235 153 120.26898242750494 16.67 3 3 338 339
1 0 0 0 1 0 0 0 1
1 0 0 0 1 0 0 0 1
236 144 522.2771479989576 16.67 3 3 340 341
1 0 0 0 1 0 0 0 1
1 0 0 0 1 0 0 0 1
236 236 0.0 16.67 3 3 342 343
1 0 0 0 1 0 0 0 1
1 0 0 0 1 0 0 0 1
237 365 100.0605166608485 16.67 3 3 344 345
1 0 0 0 1 0 0 0 1
1 0 0 0 1 0 0 0 1
237 437 530.7178130538723 16.67 3 3 346 347
1 0 0 0 1 0 0 0 1
1 0 0 0 1 0 0 0 1
237 280 41.14788087684297 16.67 3 3 348 349
1 0 0 0 1 0 0 0 1
1 0 0 0 1 0 0 0 1
36 272 78.10641159119332 16.67 3 3 350 351
1 0 0 0 1 0 0 0 1
1 0 0 0 1 0 0 0 1
36 317 51.26015758374935 16.67 3 3 352 353
1 0 0 0 1 0 0 0 1
1 0 0 0 1 0 0 0 1
36 350 380.53351254388906 16.67 3 3 354 355
1 0 0 0 1 0 0 0 1
1 0 0 0 1 0 0 0 1
238 276 113.58158131299157 16.67 3 3 356 357
1 0 0 0 1 0 0 0 1
1 0 0 0 1 0 0 0 1
238 92 98.2353044391657 16.67 3 3 358 359
1 0 0 0 1 0 0 0 1
1 0 0 0 1 0 0 0 1
239 366 513.3316175494134 16.67 3 3 360 361
1 0 0 0 1 0 0 0 1
1 0 0 0 1 0 0 0 1
239 32 115.45184923687442 16.67 3 3 362 363
1 0 0 0 1 0 0 0 1
1 0 0 0 1 0 0 0 1
239 502 320.6075212021669 16.67 3 3 364 365
1 0 0 0 1 0 0 0 1
1 0 0 0 1 0 0 0 1
240 283 166.36792464403845 16.67 3 3 366 367
1 0 0 0 1 0 0 0 1
1 0 0 0 1 0 0 0 1
240 412 432.7568969728908 16.67 3 3 368 369
1 0 0 0 1 0 0 0 1
1 0 0 0 1 0 0 0 1
240 27 111.64662231904491 16.67 3 3 370 371
1 0 0 0 1 0 0 0 1
1 0 0 0 1 0 0 0 1
240 368 605.9139600515756 16.67 3 3 372 373
1 0 0 0 1 0 0 0 1
1 0 0 0 1 0 0 0 1
241 398 183.49476852367042 16.67 3 3 374 375
1 0 0 0 1 0 0 0 1
1 0 0 0 1 0 0 0 1
241 304 82.726312950979 16.67 3 3 376 377
1 0 0 0 1 0 0 0 1
1 0 0 0 1 0 0 0 1
242 495 432.4128964141024 16.67 3 3 378 379
1 0 0 0 1 0 0 0 1
1 0 0 0 1 0 0 0 1
242 526 438.3299876984649 16.67 3 3 380 381
1 0 0 0 1 0 0 0 1
1 0 0 0 1 0 0 0 1
242 86 83.69807925721115 16.67 3 3 382 383
1 0 0 0 1 0 0 0 1
1 0 0 0 1 0 0 0 1
243 441 258.25019342630156 16.67 3 3 384 385
1 0 0 0 1 0 0 0 1
1 0 0 0 1 0 0 0 1
244 85 527.4717994119941 16.67 3 3 386 387
1 0 0 0 1 0 0 0 1
1 0 0 0 1 0 0 0 1
244 120 401.62664864796096 16.67 3 3 388 389
1 0 0 0 1 0 0 0 1
1 0 0 0 1 0 0 0 1
244 257 633.3289519585319 16.67 3 3 390 391
1 0 0 0 1 0 0 0 1
1 0 0 0 1 0 0 0 1
245 353 185.90706095883428 16.67 3 3 392 393
1 0 0 0 1 0 0 0 1
1 0 0 0 1 0 0 0 1
245 470 55.28864728668796 16.67 3 3 394 395
1 0 0 0 1 0 0 0 1
1 0 0 0 1 0 0 0 1
246 398 342.8220920879769 16.67 3 3 396 397
1 0 0 0 1 0 0 0 1
1 0 0 0 1 0 0 0 1
246 350 94.78290385120906 16.67 3 3 398 399
1 0 0 0 1 0 0 0 1
1 0 0 0 1 0 0 0 1
247 382 92.18583344821211 16.67 3 3 400 401
1 0 0 0 1 0 0 0 1
1 0 0 0 1 0 0 0 1
247 159 78.69839765657653 16.67 3 3 402 403
1 0 0 0 1 0 0 0 1
1 0 0 0 1 0 0 0 1
248 5 54.14118841944668 16.67 3 3 404 405
1 0 0 0 1 0 0 0 1
1 0 0 0 1 0 0 0 1
248 522 194.05513113658418 16.67 3 3 406 407
1 0 0 0 1 0 0 0 1
1 0 0 0 1 0 0 0 1
248 22 25.20619638926053 16.67 3 3 408 409
1 0 0 0 1 0 0 0 1
1 0 0 0 1 0 0 0 1
248 395 18.323807211879682 16.67 3 3 410 411
1 0 0 0 1 0 0 0 1
1 0 0 0 1 0 0 0 1
249 469 576.621371779867 16.67 3 3 412 413
1 0 0 0 1 0 0 0 1
1 0 0 0 1 0 0 0 1
250 503 146.68089957298895 16.67 3 3 414 415
1 0 0 0 1 0 0 0 1
1 0 0 0 1 0 0 0 1
250 108 161.6707057358265 16.67 3 3 416 417
1 0 0 0 1 0 0 0 1
1 0 0 0 1 0 0 0 1
251 110 477.5072193656095 16.67 3 3 418 419
1 0 0 0 1 0 0 0 1
1 0 0 0 1 0 0 0 1
251 402 163.09053034512536 16.67 3 3 420 421
1 0 0 0 1 0 0 0 1
1 0 0 0 1 0 0 0 1
251 257 776.3882988296978 16.67 3 3 422 423
1 0 0 0 1 0 0 0 1
1 0 0 0 1 0 0 0 1
252 380 69.20644832492704 16.67 3 3 424 425
1 0 0 0 1 0 0 0 1
1 0 0 0 1 0 0 0 1
252 456 98.18059709182826 16.67 3 3 426 427
1 0 0 0 1 0 0 0 1
1 0 0 0 1 0 0 0 1
252 109 194.32685788702224 16.67 3 3 428 429
1 0 0 0 1 0 0 0 1
1 0 0 0 1 0 0 0 1
253 409 67.92186055150388 16.67 3 3 430 431
1 0 0 0 1 0 0 0 1
1 0 0 0 1 0 0 0 1
254 439 288.66058015080006 16.67 3 3 432 433
1 0 0 0 1 0 0 0 1
1 0 0 0 1 0 0 0 1
254 58 414.77437328410235 16.67 3 3 434 435
1 0 0 0 1 0 0 0 1
1 0 0 0 1 0 0 0 1
254 70 370.523538688807 16.67 3 3 436 437
1 0 0 0 1 0 0 0 1
1 0 0 0 1 0 0 0 1
254 156 634.9618083307996 16.67 3 3 438 439
1 0 0 0 1 0 0 0 1
1 0 0 0 1 0 0 0 1
255 440 297.80433851740344 16.67 3 3 440 441
1 0 0 0 1 0 0 0 1
1 0 0 0 1 0 0 0 1
255 51 285.555608737486 16.67 3 3 442 443
1 0 0 0 1 0 0 0 1
1 0 0 0 1 0 0 0 1
255 459 86.76944574436169 16.67 3 3 444 445
1 0 0 0 1 0 0 0 1
1 0 0 0 1 0 0 0 1
256 106 431.20679353334685 16.67 3 3 446 447
1 0 0 0 1 0 0 0 1
1 0 0 0 1 0 0 0 1
256 499 1087.336161414158 16.67 3 3 448 449
1 0 0 0 1 0 0 0 1
1 0 0 0 1 0 0 0 1
257 491 115.60928260335534 16.67 3 3 450 451
1 0 0 0 1 0 0 0 1
1 0 0 0 1 0 0 0 1
257 110 298.89518954284614 16.67 3 3 452 453
1 0 0 0 1 0 0 0 1
1 0 0 0 1 0 0 0 1
258 162 99.9122697789689 16.67 3 3 454 455
1 0 0 0 1 0 0 0 1
1 0 0 0 1 0 0 0 1
259 126 47.06998875372625 16.67 3 3 456 457
1 0 0 0 1 0 0 0 1
1 0 0 0 1 0 0 0 1
259 361 192.23325624426994 16.67 3 3 458 459
1 0 0 0 1 0 0 0 1
1 0 0 0 1 0 0 0 1
259 262 154.12722409261062 16.67 3 3 460 461
1 0 0 0 1 0 0 0 1
1 0 0 0 1 0 0 0 1
260 299 30.872504579662227 16.67 3 3 462 463
1 0 0 0 1 0 0 0 1
1 0 0 0 1 0 0 0 1
260 326 105.3311327727308 16.67 3 3 464 465
1 0 0 0 1 0 0 0 1
1 0 0 0 1 0 0 0 1
260 280 582.8403419597349 16.67 3 3 466 467
1 0 0 0 1 0 0 0 1
1 0 0 0 1 0 0 0 1
261 139 332.27887809766014 16.67 3 3 468 469
1 0 0 0 1 0 0 0 1
1 0 0 0 1 0 0 0 1
261 130 522.4118709275924 16.67 3 3 470 471
1 0 0 0 1 0 0 0 1
1 0 0 0 1 0 0 0 1
261 399 394.03527241204404 16.67 3 3 472 473
1 0 0 0 1 0 0 0 1
1 0 0 0 1 0 0 0 1
261 354 143.2844299467812 16.67 3 3 474 475
1 0 0 0 1 0 0 0 1
1 0 0 0 1 0 0 0 1
262 361 294.7569630567989 16.67 3 3 476 477
1 0 0 0 1 0 0 0 1
1 0 0 0 1 0 0 0 1
262 328 104.65536247784291 16.67 3 3 478 479
1 0 0 0 1 0 0 0 1
1 0 0 0 1 0 0 0 1
263 493 65.75170071015856 16.67 3 3 480 481
1 0 0 0 1 0 0 0 1
1 0 0 0 1 0 0 0 1
263 106 57.347151054410865 16.67 3 3 482 483
1 0 0 0 1 0 0 0 1
1 0 0 0 1 0 0 0 1
263 449 152.43734620677517 16.67 3 3 484 485
1 0 0 0 1 0 0 0 1
1 0 0 0 1 0 0 0 1
264 312 154.54461562498005 16.67 3 3 486 487
1 0 0 0 1 0 0 0 1
1 0 0 0 1 0 0 0 1
264 107 110.06717574464173 16.67 3 3 488 489
1 0 0 0 1 0 0 0 1
1 0 0 0 1 0 0 0 1
264 173 308.6829262328773 16.67 3 3 490 491
1 0 0 0 1 0 0 0 1
1 0 0 0 1 0 0 0 1
265 58 273.42783748236934 16.67 3 3 492 493
1 0 0 0 1 0 0 0 1
1 0 0 0 1 0 0 0 1
265 70 353.7652461554244 16.67 3 3 494 495
1 0 0 0 1 0 0 0 1
1 0 0 0 1 0 0 0 1
265 125 1223.453224114446 16.67 3 3 496 497
1 0 0 0 1 0 0 0 1
1 0 0 0 1 0 0 0 1
266 174 195.09612950933436 16.67 3 3 498 499
1 0 0 0 1 0 0 0 1
1 0 0 0 1 0 0 0 1
266 480 148.53692210128756 16.67 3 3 500 501
1 0 0 0 1 0 0 0 1
1 0 0 0 1 0 0 0 1
266 101 560.845140708741 16.67 3 3 502 503
1 0 0 0 1 0 0 0 1
1 0 0 0 1 0 0 0 1
267 471 179.67842516101322 16.67 3 3 504 505
1 0 0 0 1 0 0 0 1
1 0 0 0 1 0 0 0 1
267 373 303.4587821577228 16.67 3 3 506 507
1 0 0 0 1 0 0 0 1
1 0 0 0 1 0 0 0 1
268 417 41.88951193220891 16.67 3 3 508 509
1 0 0 0 1 0 0 0 1
1 0 0 0 1 0 0 0 1
268 42 75.52601167568706 16.67 3 3 510 511
1 0 0 0 1 0 0 0 1
1 0 0 0 1 0 0 0 1
269 6 462.56092931745445 16.67 3 3 512 513
1 0 0 0 1 0 0 0 1
1 0 0 0 1 0 0 0 1
269 453 693.0905987988219 16.67 3 3 514 515
1 0 0 0 1 0 0 0 1
1 0 0 0 1 0 0 0 1
269 35 1432.6696672151584 16.67 3 3 516 517
1 0 0 0 1 0 0 0 1
1 0 0 0 1 0 0 0 1
75 12 1611.1211864381708 16.67 3 3 518 519
1 0 0 0 1 0 0 0 1
1 0 0 0 1 0 0 0 1
75 3 367.067245822344 16.67 3 3 520 521
1 0 0 0 1 0 0 0 1
1 0 0 0 1 0 0 0 1
75 57 2387.6821126403083 16.67 3 3 522 523
1 0 0 0 1 0 0 0 1
1 0 0 0 1 0 0 0 1
270 121 253.71882434960492 16.67 3 3 524 525
1 0 0 0 1 0 0 0 1
1 0 0 0 1 0 0 0 1
270 44 124.47292893915294 16.67 3 3 526 527
1 0 0 0 1 0 0 0 1
1 0 0 0 1 0 0 0 1
271 273 47.762111777734695 16.67 3 3 528 529
1 0 0 0 1 0 0 0 1
1 0 0 0 1 0 0 0 1
271 329 197.5266096898797 16.67 3 3 530 531
1 0 0 0 1 0 0 0 1
1 0 0 0 1 0 0 0 1
272 151 786.1138562159787 16.67 3 3 532 533
1 0 0 0 1 0 0 0 1
1 0 0 0 1 0 0 0 1
272 317 42.015480157012426 16.67 3 3 534 535
1 0 0 0 1 0 0 0 1
1 0 0 0 1 0 0 0 1
274 167 248.42413202653586 16.67 3 3 536 537
1 0 0 0 1 0 0 0 1
1 0 0 0 1 0 0 0 1
274 54 196.09629838598897 16.67 3 3 538 539
1 0 0 0 1 0 0 0 1
1 0 0 0 1 0 0 0 1
274 147 111.83796141381536 16.67 3 3 540 541
1 0 0 0 1 0 0 0 1
1 0 0 0 1 0 0 0 1
274 318 124.87956302878247 16.67 3 3 542 543
1 0 0 0 1 0 0 0 1
1 0 0 0 1 0 0 0 1
275 382 379.98800721350597 16.67 3 3 544 545
1 0 0 0 1 0 0 0 1
1 0 0 0 1 0 0 0 1
275 471 620.668075911883 16.67 3 3 546 547
1 0 0 0 1 0 0 0 1
1 0 0 0 1 0 0 0 1
276 286 1289.5398845885757 16.67 3 3 548 549
1 0 0 0 1 0 0 0 1
1 0 0 0 1 0 0 0 1
276 501 65.96578929591917 16.67 3 3 550 551
1 0 0 0 1 0 0 0 1
1 0 0 0 1 0 0 0 1
277 163 190.22749108642665 16.67 3 3 552 553
1 0 0 0 1 0 0 0 1
1 0 0 0 1 0 0 0 1
277 300 161.54833087488936 16.67 3 3 554 555
1 0 0 0 1 0 0 0 1
1 0 0 0 1 0 0 0 1
278 390 879.4850672680785 16.67 3 3 556 557
1 0 0 0 1 0 0 0 1
1 0 0 0 1 0 0 0 1
278 370 53.49640640315073 16.67 3 3 558 559
1 0 0 0 1 0 0 0 1
1 0 0 0 1 0 0 0 1
278 506 858.1445875125395 16.67 3 3 560 561
1 0 0 0 1 0 0 0 1
1 0 0 0 1 0 0 0 1
279 446 236.35385152523696 16.67 3 3 562 563
1 0 0 0 1 0 0 0 1
1 0 0 0 1 0 0 0 1
279 433 411.8487027392293 16.67 3 3 564 565
1 0 0 0 1 0 0 0 1
1 0 0 0 1 0 0 0 1
280 150 974.8475997743526 16.67 3 3 566 567
1 0 0 0 1 0 0 0 1
1 0 0 0 1 0 0 0 1
281 453 55.31835034050262 16.67 3 3 568 569
1 0 0 0 1 0 0 0 1
1 0 0 0 1 0 0 0 1
281 156 2001.915138543729 16.67 3 3 570 571
1 0 0 0 1 0 0 0 1
1 0 0 0 1 0 0 0 1
281 509 44.85475849187143 16.67 3 3 572 573
1 0 0 0 1 0 0 0 1
1 0 0 0 1 0 0 0 1
282 386 113.11732955421482 16.67 3 3 574 575
1 0 0 0 1 0 0 0 1
1 0 0 0 1 0 0 0 1
282 137 58.87199035292944 16.67 3 3 576 577
1 0 0 0 1 0 0 0 1
1 0 0 0 1 0 0 0 1
282 133 624.7314096212825 16.67 3 3 578 579
1 0 0 0 1 0 0 0 1
1 0 0 0 1 0 0 0 1
283 48 252.7187765599252 16.67 3 3 580 581
1 0 0 0 1 0 0 0 1
1 0 0 0 1 0 0 0 1
284 339 39.3065283376814 16.67 3 3 582 583
1 0 0 0 1 0 0 0 1
1 0 0 0 1 0 0 0 1
284 167 289.86595894362904 16.67 3 3 584 585
1 0 0 0 1 0 0 0 1
1 0 0 0 1 0 0 0 1
284 44 493.3477199236351 16.67 3 3 586 587
1 0 0 0 1 0 0 0 1
1 0 0 0 1 0 0 0 1
6 310 76.67200390954984 16.67 3 3 588 589
1 0 0 0 1 0 0 0 1
1 0 0 0 1 0 0 0 1
6 116 125.10057292156111 16.67 3 3 590 591
1 0 0 0 1 0 0 0 1
1 0 0 0 1 0 0 0 1
285 345 193.03154083553375 16.67 3 3 592 593
1 0 0 0 1 0 0 0 1
1 0 0 0 1 0 0 0 1
285 365 108.60962362785251 16.67 3 3 594 595
1 0 0 0 1 0 0 0 1
1 0 0 0 1 0 0 0 1
286 112 372.8040960516132 16.67 3 3 596 597
1 0 0 0 1 0 0 0 1
1 0 0 0 1 0 0 0 1
287 447 253.4195002888978 16.67 3 3 598 599
1 0 0 0 1 0 0 0 1
1 0 0 0 1 0 0 0 1
287 93 916.8852512864577 16.67 3 3 600 601
1 0 0 0 1 0 0 0 1
1 0 0 0 1 0 0 0 1
287 406 128.87333608218557 16.67 3 3 602 603
1 0 0 0 1 0 0 0 1
1 0 0 0 1 0 0 0 1
288 118 581.1597496402413 16.67 3 3 604 605
1 0 0 0 1 0 0 0 1
1 0 0 0 1 0 0 0 1
288 306 124.26029140811934 16.67 3 3 606 607
1 0 0 0 1 0 0 0 1
1 0 0 0 1 0 0 0 1
290 132 75.2490756726101 16.67 3 3 608 609
1 0 0 0 1 0 0 0 1
1 0 0 0 1 0 0 0 1
291 169 285.5948113698781 16.67 3 3 610 611
1 0 0 0 1 0 0 0 1
1 0 0 0 1 0 0 0 1
291 313 49.91359811330056 16.67 3 3 612 613
1 0 0 0 1 0 0 0 1
1 0 0 0 1 0 0 0 1
292 296 2105.548591654566 16.67 3 3 614 615
1 0 0 0 1 0 0 0 1
1 0 0 0 1 0 0 0 1
292 46 93.81315355374811 16.67 3 3 616 617
1 0 0 0 1 0 0 0 1
1 0 0 0 1 0 0 0 1
293 393 61.63466189995576 16.67 3 3 618 619
1 0 0 0 1 0 0 0 1
1 0 0 0 1 0 0 0 1
44 359 330.5322187570633 16.67 3 3 620 621
1 0 0 0 1 0 0 0 1
1 0 0 0 1 0 0 0 1
294 334 85.96978416489026 16.67 3 3 622 623
1 0 0 0 1 0 0 0 1
1 0 0 0 1 0 0 0 1
294 125 75.02379761319786 16.67 3 3 624 625
1 0 0 0 1 0 0 0 1
1 0 0 0 1 0 0 0 1
295 458 102.62423253920433 16.67 3 3 626 627
1 0 0 0 1 0 0 0 1
1 0 0 0 1 0 0 0 1
296 171 80.65543008069406 16.67 3 3 628 629
1 0 0 0 1 0 0 0 1
1 0 0 0 1 0 0 0 1
296 386 156.62276640112518 16.67 3 3 630 631
1 0 0 0 1 0 0 0 1
1 0 0 0 1 0 0 0 1
296 79 22.629835973501656 16.67 3 3 632 633
1 0 0 0 1 0 0 0 1
1 0 0 0 1 0 0 0 1
297 309 115.3097155361932 16.67 3 3 634 635
1 0 0 0 1 0 0 0 1
1 0 0 0 1 0 0 0 1
297 373 232.95187420174764 16.67 3 3 636 637
1 0 0 0 1 0 0 0 1
1 0 0 0 1 0 0 0 1
297 387 124.00242451452382 16.67 3 3 638 639
1 0 0 0 1 0 0 0 1
1 0 0 0 1 0 0 0 1
65 454 662.9719799936505 16.67 3 3 640 641
1 0 0 0 1 0 0 0 1
1 0 0 0 1 0 0 0 1
65 386 274.21148359874803 16.67 3 3 642 643
1 0 0 0 1 0 0 0 1
1 0 0 0 1 0 0 0 1
299 69 112.91255829475456 16.67 3 3 644 645
1 0 0 0 1 0 0 0 1
1 0 0 0 1 0 0 0 1
72 162 1089.861146681417 16.67 3 3 646 647
1 0 0 0 1 0 0 0 1
1 0 0 0 1 0 0 0 1
72 133 617.246275714135 16.67 3 3 648 649
1 0 0 0 1 0 0 0 1
1 0 0 0 1 0 0 0 1
54 410 325.72773002917796 16.67 3 3 650 651
1 0 0 0 1 0 0 0 1
1 0 0 0 1 0 0 0 1
54 318 257.248792076617 16.67 3 3 652 653
1 0 0 0 1 0 0 0 1
1 0 0 0 1 0 0 0 1
300 345 241.37063075460713 16.67 3 3 654 655
1 0 0 0 1 0 0 0 1
1 0 0 0 1 0 0 0 1
300 421 557.4286093359771 16.67 3 3 656 657
1 0 0 0 1 0 0 0 1
1 0 0 0 1 0 0 0 1
301 393 249.7885174283668 16.67 3 3 658 659
1 0 0 0 1 0 0 0 1
1 0 0 0 1 0 0 0 1
301 174 99.44265363624595 16.67 3 3 660 661
1 0 0 0 1 0 0 0 1
1 0 0 0 1 0 0 0 1
302 428 65.73757784607272 16.67 3 3 662 663
1 0 0 0 1 0 0 0 1
1 0 0 0 1 0 0 0 1
302 105 225.5458606128944 16.67 3 3 664 665
1 0 0 0 1 0 0 0 1
1 0 0 0 1 0 0 0 1
302 493 77.1593319004469 16.67 3 3 666 667
1 0 0 0 1 0 0 0 1
1 0 0 0 1 0 0 0 1
303 521 549.5246499513732 16.67 3 3 668 669
1 0 0 0 1 0 0 0 1
1 0 0 0 1 0 0 0 1
303 396 457.0171309929605 16.67 3 3 670 671
1 0 0 0 1 0 0 0 1
1 0 0 0 1 0 0 0 1
303 483 532.2882696461369 16.67 3 3 672 673
1 0 0 0 1 0 0 0 1
1 0 0 0 1 0 0 0 1
303 125 1422.9286363764006 16.67 3 3 674 675
1 0 0 0 1 0 0 0 1
1 0 0 0 1 0 0 0 1
304 101 90.47017608402072 16.67 3 3 676 677
1 0 0 0 1 0 0 0 1
1 0 0 0 1 0 0 0 1
305 458 151.43961158255792 16.67 3 3 678 679
1 0 0 0 1 0 0 0 1
1 0 0 0 1 0 0 0 1
305 23 40.57052739453011 16.67 3 3 680 681
1 0 0 0 1 0 0 0 1
1 0 0 0 1 0 0 0 1
307 452 143.47782234457011 16.67 3 3 682 683
1 0 0 0 1 0 0 0 1
1 0 0 0 1 0 0 0 1
307 485 336.3051991861812 16.67 3 3 684 685
1 0 0 0 1 0 0 0 1
1 0 0 0 1 0 0 0 1
307 109 297.57826530400655 16.67 3 3 686 687
1 0 0 0 1 0 0 0 1
1 0 0 0 1 0 0 0 1
308 121 158.53796696908668 16.67 3 3 688 689
1 0 0 0 1 0 0 0 1
1 0 0 0 1 0 0 0 1
308 137 35.315760527323235 16.67 3 3 690 691
1 0 0 0 1 0 0 0 1
1 0 0 0 1 0 0 0 1
308 407 520.1826787980077 16.67 3 3 692 693
1 0 0 0 1 0 0 0 1
1 0 0 0 1 0 0 0 1
309 335 919.7723477154784 16.67 3 3 694 695
1 0 0 0 1 0 0 0 1
1 0 0 0 1 0 0 0 1
309 145 131.5172012607361 16.67 3 3 696 697
1 0 0 0 1 0 0 0 1
1 0 0 0 1 0 0 0 1
310 116 48.4623203209356 16.67 3 3 698 699
1 0 0 0 1 0 0 0 1
1 0 0 0 1 0 0 0 1
311 464 692.5033530356948 16.67 3 3 700 701
1 0 0 0 1 0 0 0 1
1 0 0 0 1 0 0 0 1
311 84 497.2448211406832 16.67 3 3 702 703
1 0 0 0 1 0 0 0 1
1 0 0 0 1 0 0 0 1
312 135 64.00707002008888 16.67 3 3 704 705
1 0 0 0 1 0 0 0 1
1 0 0 0 1 0 0 0 1
313 368 1118.9866717717198 16.67 3 3 706 707
1 0 0 0 1 0 0 0 1
1 0 0 0 1 0 0 0 1
314 358 349.66972947413416 16.67 3 3 708 709
1 0 0 0 1 0 0 0 1
1 0 0 0 1 0 0 0 1
314 111 63.81375097460052 16.67 3 3 710 711
1 0 0 0 1 0 0 0 1
1 0 0 0 1 0 0 0 1
315 402 279.4388751023482 16.67 3 3 712 713
1 0 0 0 1 0 0 0 1
1 0 0 0 1 0 0 0 1
315 456 224.6411569042132 16.67 3 3 714 715
1 0 0 0 1 0 0 0 1
1 0 0 0 1 0 0 0 1
315 98 955.3434746897658 16.67 3 3 716 717
1 0 0 0 1 0 0 0 1
1 0 0 0 1 0 0 0 1
315 109 178.99585954639974 16.67 3 3 718 719
1 0 0 0 1 0 0 0 1
1 0 0 0 1 0 0 0 1
317 484 431.02633412194126 16.67 3 3 720 721
1 0 0 0 1 0 0 0 1
1 0 0 0 1 0 0 0 1
317 350 429.36958769012955 16.67 3 3 722 723
1 0 0 0 1 0 0 0 1
1 0 0 0 1 0 0 0 1
318 167 330.9653028959177 16.67 3 3 724 725
1 0 0 0 1 0 0 0 1
1 0 0 0 1 0 0 0 1
319 141 400.8734165580239 16.67 3 3 726 727
1 0 0 0 1 0 0 0 1
1 0 0 0 1 0 0 0 1
319 84 862.6772503525275 16.67 3 3 728 729
1 0 0 0 1 0 0 0 1
1 0 0 0 1 0 0 0 1
319 385 422.3523342847222 16.67 3 3 730 731
1 0 0 0 1 0 0 0 1
1 0 0 0 1 0 0 0 1
320 515 121.8848975883406 16.67 3 3 732 733
1 0 0 0 1 0 0 0 1
1 0 0 0 1 0 0 0 1
320 462 167.01560765004598 16.67 3 3 734 735
1 0 0 0 1 0 0 0 1
1 0 0 0 1 0 0 0 1
320 492 350.5444252894417 16.67 3 3 736 737
1 0 0 0 1 0 0 0 1
1 0 0 0 1 0 0 0 1
321 488 1005.1228890119257 16.67 3 3 738 739
1 0 0 0 1 0 0 0 1
1 0 0 0 1 0 0 0 1
321 137 176.89157747365414 16.67 3 3 740 741
1 0 0 0 1 0 0 0 1
1 0 0 0 1 0 0 0 1
322 90 503.09271234397255 16.67 3 3 742 743
1 0 0 0 1 0 0 0 1
1 0 0 0 1 0 0 0 1
322 130 231.5564392986259 16.67 3 3 744 745
1 0 0 0 1 0 0 0 1
1 0 0 0 1 0 0 0 1
322 343 199.15910676826906 16.67 3 3 746 747
1 0 0 0 1 0 0 0 1
1 0 0 0 1 0 0 0 1
322 77 240.045428578859 16.67 3 3 748 749
1 0 0 0 1 0 0 0 1
1 0 0 0 1 0 0 0 1
323 508 2030.219368885902 16.67 3 3 750 751
1 0 0 0 1 0 0 0 1
1 0 0 0 1 0 0 0 1
323 390 239.0735555766089 16.67 3 3 752 753
1 0 0 0 1 0 0 0 1
1 0 0 0 1 0 0 0 1
323 506 275.0958693467975 16.67 3 3 754 755
1 0 0 0 1 0 0 0 1
1 0 0 0 1 0 0 0 1
324 341 80.33130430674802 16.67 3 3 756 757
1 0 0 0 1 0 0 0 1
1 0 0 0 1 0 0 0 1
324 357 1025.645737509788 16.67 3 3 758 759
1 0 0 0 1 0 0 0 1
1 0 0 0 1 0 0 0 1
324 418 152.5834882057752 16.67 3 3 760 761
1 0 0 0 1 0 0 0 1
1 0 0 0 1 0 0 0 1
25 499 422.833144499653 16.67 3 3 762 763
1 0 0 0 1 0 0 0 1
1 0 0 0 1 0 0 0 1
25 359 100.64626657327948 16.67 3 3 764 765
1 0 0 0 1 0 0 0 1
1 0 0 0 1 0 0 0 1
325 351 45.085708559925905 16.67 3 3 766 767
1 0 0 0 1 0 0 0 1
1 0 0 0 1 0 0 0 1
325 348 139.93314104072076 16.67 3 3 768 769
1 0 0 0 1 0 0 0 1
1 0 0 0 1 0 0 0 1
325 120 1478.575097461841 16.67 3 3 770 771
1 0 0 0 1 0 0 0 1
1 0 0 0 1 0 0 0 1
327 400 85.14831493295661 16.67 3 3 772 773
1 0 0 0 1 0 0 0 1
1 0 0 0 1 0 0 0 1
327 117 1067.5158458530548 16.67 3 3 774 775
1 0 0 0 1 0 0 0 1
1 0 0 0 1 0 0 0 1
327 87 39.43588825760543 16.67 3 3 776 777
1 0 0 0 1 0 0 0 1
1 0 0 0 1 0 0 0 1
328 328 0.0 16.67 3 3 778 779
1 0 0 0 1 0 0 0 1
1 0 0 0 1 0 0 0 1
32 81 512.6130990435429 16.67 3 3 780 781
1 0 0 0 1 0 0 0 1
1 0 0 0 1 0 0 0 1
32 55 810.665665983707 16.67 3 3 782 783
1 0 0 0 1 0 0 0 1
1 0 0 0 1 0 0 0 1
32 358 735.7744258838881 16.67 3 3 784 785
1 0 0 0 1 0 0 0 1
1 0 0 0 1 0 0 0 1
329 512 63.01335323911055 16.67 3 3 786 787
1 0 0 0 1 0 0 0 1
1 0 0 0 1 0 0 0 1
330 39 249.3409498416685 16.67 3 3 788 789
1 0 0 0 1 0 0 0 1
1 0 0 0 1 0 0 0 1
330 27 412.05049042904164 16.67 3 3 790 791
1 0 0 0 1 0 0 0 1
1 0 0 0 1 0 0 0 1
331 170 598.8223031227361 16.67 3 3 792 793
1 0 0 0 1 0 0 0 1
1 0 0 0 1 0 0 0 1
331 435 1014.4476061097926 16.67 3 3 794 795
1 0 0 0 1 0 0 0 1
1 0 0 0 1 0 0 0 1
332 151 150.42320584588427 16.67 3 3 796 797
1 0 0 0 1 0 0 0 1
1 0 0 0 1 0 0 0 1
332 135 159.75534674021947 16.67 3 3 798 799
1 0 0 0 1 0 0 0 1
1 0 0 0 1 0 0 0 1
332 107 243.9904419392251 16.67 3 3 800 801
1 0 0 0 1 0 0 0 1
1 0 0 0 1 0 0 0 1
59 426 739.1211086910007 16.67 3 3 802 803
1 0 0 0 1 0 0 0 1
1 0 0 0 1 0 0 0 1
59 50 1977.1545411810523 16.67 3 3 804 805
1 0 0 0 1 0 0 0 1
1 0 0 0 1 0 0 0 1
59 41 6297.446274172726 16.67 3 3 806 807
1 0 0 0 1 0 0 0 1
1 0 0 0 1 0 0 0 1
333 512 281.1257702304854 16.67 3 3 808 809
1 0 0 0 1 0 0 0 1
1 0 0 0 1 0 0 0 1
334 460 44.82199532071122 16.67 3 3 810 811
1 0 0 0 1 0 0 0 1
1 0 0 0 1 0 0 0 1
335 429 396.7751127236597 16.67 3 3 812 813
1 0 0 0 1 0 0 0 1
1 0 0 0 1 0 0 0 1
335 113 124.43024203013398 16.67 3 3 814 815
1 0 0 0 1 0 0 0 1
1 0 0 0 1 0 0 0 1
336 176 142.5769037957552 16.67 3 3 816 817
1 0 0 0 1 0 0 0 1
1 0 0 0 1 0 0 0 1
336 118 102.2803157967383 16.67 3 3 818 819
1 0 0 0 1 0 0 0 1
1 0 0 0 1 0 0 0 1
337 392 109.55603640653356 16.67 3 3 820 821
1 0 0 0 1 0 0 0 1
1 0 0 0 1 0 0 0 1
337 105 74.52605983195801 16.67 3 3 822 823
1 0 0 0 1 0 0 0 1
1 0 0 0 1 0 0 0 1
339 410 88.23222823731912 16.67 3 3 824 825
1 0 0 0 1 0 0 0 1
1 0 0 0 1 0 0 0 1
339 454 30.39212741519873 16.67 3 3 826 827
1 0 0 0 1 0 0 0 1
1 0 0 0 1 0 0 0 1
341 364 807.4105956993981 16.67 3 3 828 829
1 0 0 0 1 0 0 0 1
1 0 0 0 1 0 0 0 1
18 111 471.22392849869067 16.67 3 3 830 831
1 0 0 0 1 0 0 0 1
1 0 0 0 1 0 0 0 1
342 492 316.7587485082753 16.67 3 3 832 833
1 0 0 0 1 0 0 0 1
1 0 0 0 1 0 0 0 1
342 358 474.5355379987547 16.67 3 3 834 835
1 0 0 0 1 0 0 0 1
1 0 0 0 1 0 0 0 1
342 111 427.50552680137076 16.67 3 3 836 837
1 0 0 0 1 0 0 0 1
1 0 0 0 1 0 0 0 1
343 77 47.934459419560014 16.67 3 3 838 839
1 0 0 0 1 0 0 0 1
1 0 0 0 1 0 0 0 1
343 130 318.50993256433617 16.67 3 3 840 841
1 0 0 0 1 0 0 0 1
1 0 0 0 1 0 0 0 1
344 107 76.69799702771611 16.67 3 3 842 843
1 0 0 0 1 0 0 0 1
1 0 0 0 1 0 0 0 1
344 150 219.28673347778948 16.67 3 3 844 845
1 0 0 0 1 0 0 0 1
1 0 0 0 1 0 0 0 1
345 441 431.4516365775851 16.67 3 3 846 847
1 0 0 0 1 0 0 0 1
1 0 0 0 1 0 0 0 1
346 369 878.8098996868599 16.67 3 3 848 849
1 0 0 0 1 0 0 0 1
1 0 0 0 1 0 0 0 1
346 141 566.1170776941751 16.67 3 3 850 851
1 0 0 0 1 0 0 0 1
1 0 0 0 1 0 0 0 1
346 385 547.3279804288285 16.67 3 3 852 853
1 0 0 0 1 0 0 0 1
1 0 0 0 1 0 0 0 1
347 400 136.50022591042227 16.67 3 3 854 855
1 0 0 0 1 0 0 0 1
1 0 0 0 1 0 0 0 1
347 86 74.43589702685927 16.67 3 3 856 857
1 0 0 0 1 0 0 0 1
1 0 0 0 1 0 0 0 1
348 520 417.422778560042 16.67 3 3 858 859
1 0 0 0 1 0 0 0 1
1 0 0 0 1 0 0 0 1
348 436 139.35451392010378 16.67 3 3 860 861
1 0 0 0 1 0 0 0 1
1 0 0 0 1 0 0 0 1
349 223 84.53669844927683 16.67 3 3 862 863
1 0 0 0 1 0 0 0 1
1 0 0 0 1 0 0 0 1
349 298 652.5861756397288 16.67 3 3 864 865
1 0 0 0 1 0 0 0 1
1 0 0 0 1 0 0 0 1
349 161 869.5412403948613 16.67 3 3 866 867
1 0 0 0 1 0 0 0 1
1 0 0 0 1 0 0 0 1
350 411 90.97119678875465 16.67 3 3 868 869
1 0 0 0 1 0 0 0 1
1 0 0 0 1 0 0 0 1
351 148 82.76550899494173 16.67 3 3 870 871
1 0 0 0 1 0 0 0 1
1 0 0 0 1 0 0 0 1
351 447 206.97714664919883 16.67 3 3 872 873
1 0 0 0 1 0 0 0 1
1 0 0 0 1 0 0 0 1
352 420 67.56258604954199 16.67 3 3 874 875
1 0 0 0 1 0 0 0 1
1 0 0 0 1 0 0 0 1
352 499 115.8382523469211 16.67 3 3 876 877
1 0 0 0 1 0 0 0 1
1 0 0 0 1 0 0 0 1
353 114 968.2076746778614 16.67 3 3 878 879
1 0 0 0 1 0 0 0 1
1 0 0 0 1 0 0 0 1
353 177 202.59284767194117 16.67 3 3 880 881
1 0 0 0 1 0 0 0 1
1 0 0 0 1 0 0 0 1
354 517 1230.8831962126142 16.67 3 3 882 883
1 0 0 0 1 0 0 0 1
1 0 0 0 1 0 0 0 1
354 467 571.2973796151231 16.67 3 3 884 885
1 0 0 0 1 0 0 0 1
1 0 0 0 1 0 0 0 1
77 424 220.82453446701433 16.67 3 3 886 887
1 0 0 0 1 0 0 0 1
1 0 0 0 1 0 0 0 1
355 491 79.45755056810637 16.67 3 3 888 889
1 0 0 0 1 0 0 0 1
1 0 0 0 1 0 0 0 1
355 476 258.3137387399304 16.67 3 3 890 891
1 0 0 0 1 0 0 0 1
1 0 0 0 1 0 0 0 1
355 422 147.2148179770513 16.67 3 3 892 893
1 0 0 0 1 0 0 0 1
1 0 0 0 1 0 0 0 1
28 525 287.92446978343605 16.67 3 3 894 895
1 0 0 0 1 0 0 0 1
1 0 0 0 1 0 0 0 1
28 507 300.76374307669647 16.67 3 3 896 897
1 0 0 0 1 0 0 0 1
1 0 0 0 1 0 0 0 1
28 519 1512.6033609844228 16.67 3 3 898 899
1 0 0 0 1 0 0 0 1
1 0 0 0 1 0 0 0 1
356 2 894.9314605415566 16.67 3 3 900 901
1 0 0 0 1 0 0 0 1
1 0 0 0 1 0 0 0 1
356 514 139.43565578028972 16.67 3 3 902 903
1 0 0 0 1 0 0 0 1
1 0 0 0 1 0 0 0 1
357 128 138.0502717189124 16.67 3 3 904 905
1 0 0 0 1 0 0 0 1
1 0 0 0 1 0 0 0 1
357 498 200.95961392267208 16.67 3 3 906 907
1 0 0 0 1 0 0 0 1
1 0 0 0 1 0 0 0 1
358 413 192.96515760466625 16.67 3 3 908 909
1 0 0 0 1 0 0 0 1
1 0 0 0 1 0 0 0 1
360 467 147.2016841510458 16.67 3 3 910 911
1 0 0 0 1 0 0 0 1
1 0 0 0 1 0 0 0 1
360 360 0.0 16.67 3 3 912 913
1 0 0 0 1 0 0 0 1
1 0 0 0 1 0 0 0 1
360 512 59.014912799325515 16.67 3 3 914 915
1 0 0 0 1 0 0 0 1
1 0 0 0 1 0 0 0 1
361 97 303.9961047389668 16.67 3 3 916 917
1 0 0 0 1 0 0 0 1
1 0 0 0 1 0 0 0 1
362 450 55.52890681133977 16.67 3 3 918 919
1 0 0 0 1 0 0 0 1
1 0 0 0 1 0 0 0 1
362 470 108.67545052291243 16.67 3 3 920 921
1 0 0 0 1 0 0 0 1
1 0 0 0 1 0 0 0 1
7 82 83.43200870571532 16.67 3 3 922 923
1 0 0 0 1 0 0 0 1
1 0 0 0 1 0 0 0 1
7 396 963.1214827480644 16.67 3 3 924 925
1 0 0 0 1 0 0 0 1
1 0 0 0 1 0 0 0 1
7 67 96.36209612198174 16.67 3 3 926 927
1 0 0 0 1 0 0 0 1
1 0 0 0 1 0 0 0 1
363 114 49.17531905700797 16.67 3 3 928 929
1 0 0 0 1 0 0 0 1
1 0 0 0 1 0 0 0 1
363 104 137.2618615277061 16.67 3 3 930 931
1 0 0 0 1 0 0 0 1
1 0 0 0 1 0 0 0 1
364 91 72.24351843960369 16.67 3 3 932 933
1 0 0 0 1 0 0 0 1
1 0 0 0 1 0 0 0 1
48 34 223.04019376137833 16.67 3 3 934 935
1 0 0 0 1 0 0 0 1
1 0 0 0 1 0 0 0 1
47 62 2748.5012988298963 16.67 3 3 936 937
1 0 0 0 1 0 0 0 1
1 0 0 0 1 0 0 0 1
47 1 323.22422165765886 16.67 3 3 938 939
1 0 0 0 1 0 0 0 1
1 0 0 0 1 0 0 0 1
366 502 192.8912072628043 16.67 3 3 940 941
1 0 0 0 1 0 0 0 1
1 0 0 0 1 0 0 0 1
367 88 130.16868734054296 16.67 3 3 942 943
1 0 0 0 1 0 0 0 1
1 0 0 0 1 0 0 0 1
367 146 126.52701778267743 16.67 3 3 944 945
1 0 0 0 1 0 0 0 1
1 0 0 0 1 0 0 0 1
14 100 349.3675466072161 16.67 3 3 946 947
1 0 0 0 1 0 0 0 1
1 0 0 0 1 0 0 0 1
14 490 107.94016694741813 16.67 3 3 948 949
1 0 0 0 1 0 0 0 1
1 0 0 0 1 0 0 0 1
14 129 326.8048244270474 16.67 3 3 950 951
1 0 0 0 1 0 0 0 1
1 0 0 0 1 0 0 0 1
69 100 358.8164905442477 16.67 3 3 952 953
1 0 0 0 1 0 0 0 1
1 0 0 0 1 0 0 0 1
69 129 311.64753151504755 16.67 3 3 954 955
1 0 0 0 1 0 0 0 1
1 0 0 0 1 0 0 0 1
368 381 1137.9238506307825 16.67 3 3 956 957
1 0 0 0 1 0 0 0 1
1 0 0 0 1 0 0 0 1
369 479 812.3721669682403 16.67 3 3 958 959
1 0 0 0 1 0 0 0 1
1 0 0 0 1 0 0 0 1
370 85 1043.1523285091134 16.67 3 3 960 961
1 0 0 0 1 0 0 0 1
1 0 0 0 1 0 0 0 1
370 63 482.3443272234835 16.67 3 3 962 963
1 0 0 0 1 0 0 0 1
1 0 0 0 1 0 0 0 1
371 379 493.41282473917687 16.67 3 3 964 965
1 0 0 0 1 0 0 0 1
1 0 0 0 1 0 0 0 1
371 140 62.96764606511031 16.67 3 3 966 967
1 0 0 0 1 0 0 0 1
1 0 0 0 1 0 0 0 1
371 484 214.1645248859051 16.67 3 3 968 969
1 0 0 0 1 0 0 0 1
1 0 0 0 1 0 0 0 1
372 52 443.231396348652 16.67 3 3 970 971
1 0 0 0 1 0 0 0 1
1 0 0 0 1 0 0 0 1
373 504 2969.1386191846245 16.67 3 3 972 973
1 0 0 0 1 0 0 0 1
1 0 0 0 1 0 0 0 1
374 461 289.81083717039564 16.67 3 3 974 975
1 0 0 0 1 0 0 0 1
1 0 0 0 1 0 0 0 1
374 434 313.09748212002495 16.67 3 3 976 977
1 0 0 0 1 0 0 0 1
1 0 0 0 1 0 0 0 1
375 397 102.94212156924314 16.67 3 3 978 979
1 0 0 0 1 0 0 0 1
1 0 0 0 1 0 0 0 1
375 488 610.9357032523893 16.67 3 3 980 981
1 0 0 0 1 0 0 0 1
1 0 0 0 1 0 0 0 1
375 407 247.38275251515512 16.67 3 3 982 983
1 0 0 0 1 0 0 0 1
1 0 0 0 1 0 0 0 1
376 23 52.52161967714851 16.67 3 3 984 985
1 0 0 0 1 0 0 0 1
1 0 0 0 1 0 0 0 1
376 432 125.75306960668179 16.67 3 3 986 987
1 0 0 0 1 0 0 0 1
1 0 0 0 1 0 0 0 1
377 163 140.43941194890652 16.67 3 3 988 989
1 0 0 0 1 0 0 0 1
1 0 0 0 1 0 0 0 1
377 169 82.32638680491176 16.67 3 3 990 991
1 0 0 0 1 0 0 0 1
1 0 0 0 1 0 0 0 1
378 496 41.56920031866155 16.67 3 3 992 993
1 0 0 0 1 0 0 0 1
1 0 0 0 1 0 0 0 1
378 388 179.0534144653762 16.67 3 3 994 995
1 0 0 0 1 0 0 0 1
1 0 0 0 1 0 0 0 1
379 100 500.1602768633534 16.67 3 3 996 997
1 0 0 0 1 0 0 0 1
1 0 0 0 1 0 0 0 1
379 103 974.6852086613862 16.67 3 3 998 999
1 0 0 0 1 0 0 0 1
1 0 0 0 1 0 0 0 1
380 472 197.51742628843567 16.67 3 3 1000 1001
1 0 0 0 1 0 0 0 1
1 0 0 0 1 0 0 0 1
381 455 42.863358288009685 16.67 3 3 1002 1003
1 0 0 0 1 0 0 0 1
1 0 0 0 1 0 0 0 1
383 93 762.8194671626432 16.67 3 3 1004 1005
1 0 0 0 1 0 0 0 1
1 0 0 0 1 0 0 0 1
383 68 536.4631347716222 16.67 3 3 1006 1007
1 0 0 0 1 0 0 0 1
1 0 0 0 1 0 0 0 1
383 149 77.90888147943248 16.67 3 3 1008 1009
1 0 0 0 1 0 0 0 1
1 0 0 0 1 0 0 0 1
383 53 542.5839761240259 16.67 3 3 1010 1011
1 0 0 0 1 0 0 0 1
1 0 0 0 1 0 0 0 1
384 89 714.3045706713896 16.67 3 3 1012 1013
1 0 0 0 1 0 0 0 1
1 0 0 0 1 0 0 0 1
384 13 88.85479352066118 16.67 3 3 1014 1015
1 0 0 0 1 0 0 0 1
1 0 0 0 1 0 0 0 1
384 340 44.16151058889252 16.67 3 3 1016 1017
1 0 0 0 1 0 0 0 1
1 0 0 0 1 0 0 0 1
385 518 504.81549787949916 16.67 3 3 1018 1019
1 0 0 0 1 0 0 0 1
1 0 0 0 1 0 0 0 1
387 145 94.4931612750249 16.67 3 3 1020 1021
1 0 0 0 1 0 0 0 1
1 0 0 0 1 0 0 0 1
388 465 29.21747063534869 16.67 3 3 1022 1023
1 0 0 0 1 0 0 0 1
1 0 0 0 1 0 0 0 1
390 168 73.49505435197364 16.67 3 3 1024 1025
1 0 0 0 1 0 0 0 1
1 0 0 0 1 0 0 0 1
391 9 478.6680300550332 16.67 3 3 1026 1027
1 0 0 0 1 0 0 0 1
1 0 0 0 1 0 0 0 1
391 443 654.6248639628541 16.67 3 3 1028 1029
1 0 0 0 1 0 0 0 1
1 0 0 0 1 0 0 0 1
391 161 234.51757430636832 16.67 3 3 1030 1031
1 0 0 0 1 0 0 0 1
1 0 0 0 1 0 0 0 1
392 97 40.680125711745475 16.67 3 3 1032 1033
1 0 0 0 1 0 0 0 1
1 0 0 0 1 0 0 0 1
394 137 148.53070176415812 16.67 3 3 1034 1035
1 0 0 0 1 0 0 0 1
1 0 0 0 1 0 0 0 1
395 49 210.16147383760853 16.67 3 3 1036 1037
1 0 0 0 1 0 0 0 1
1 0 0 0 1 0 0 0 1
395 5 53.30164483389797 16.67 3 3 1038 1039
1 0 0 0 1 0 0 0 1
1 0 0 0 1 0 0 0 1
396 83 2594.1277976280976 16.67 3 3 1040 1041
1 0 0 0 1 0 0 0 1
1 0 0 0 1 0 0 0 1
397 423 27.608822066979442 16.67 3 3 1042 1043
1 0 0 0 1 0 0 0 1
1 0 0 0 1 0 0 0 1
398 411 407.70371292024276 16.67 3 3 1044 1045
1 0 0 0 1 0 0 0 1
1 0 0 0 1 0 0 0 1
398 101 135.80536039710438 16.67 3 3 1046 1047
1 0 0 0 1 0 0 0 1
1 0 0 0 1 0 0 0 1
399 139 119.19579095110421 16.67 3 3 1048 1049
1 0 0 0 1 0 0 0 1
1 0 0 0 1 0 0 0 1
401 101 539.111973416173 16.67 3 3 1050 1051
1 0 0 0 1 0 0 0 1
1 0 0 0 1 0 0 0 1
401 157 248.97445745172405 16.67 3 3 1052 1053
1 0 0 0 1 0 0 0 1
1 0 0 0 1 0 0 0 1
402 433 321.21724925905164 16.67 3 3 1054 1055
1 0 0 0 1 0 0 0 1
1 0 0 0 1 0 0 0 1
403 11 305.8590632393686 16.67 3 3 1056 1057
1 0 0 0 1 0 0 0 1
1 0 0 0 1 0 0 0 1
403 500 197.62485407890287 16.67 3 3 1058 1059
1 0 0 0 1 0 0 0 1
1 0 0 0 1 0 0 0 1
403 523 70.57715450607594 16.67 3 3 1060 1061
1 0 0 0 1 0 0 0 1
1 0 0 0 1 0 0 0 1
404 440 194.64524521689282 16.67 3 3 1062 1063
1 0 0 0 1 0 0 0 1
1 0 0 0 1 0 0 0 1
405 29 38.77457763633715 16.67 3 3 1064 1065
1 0 0 0 1 0 0 0 1
1 0 0 0 1 0 0 0 1
405 389 141.1771582328284 16.67 3 3 1066 1067
1 0 0 0 1 0 0 0 1
1 0 0 0 1 0 0 0 1
405 172 179.2333654077397 16.67 3 3 1068 1069
1 0 0 0 1 0 0 0 1
1 0 0 0 1 0 0 0 1
407 424 1587.4921345622097 16.67 3 3 1070 1071
1 0 0 0 1 0 0 0 1
1 0 0 0 1 0 0 0 1
409 115 197.2872163916407 16.67 3 3 1072 1073
1 0 0 0 1 0 0 0 1
1 0 0 0 1 0 0 0 1
410 422 281.9869884093271 16.67 3 3 1074 1075
1 0 0 0 1 0 0 0 1
1 0 0 0 1 0 0 0 1
411 479 203.1885086091008 16.67 3 3 1076 1077
1 0 0 0 1 0 0 0 1
1 0 0 0 1 0 0 0 1
412 415 193.78087068667827 16.67 3 3 1078 1079
1 0 0 0 1 0 0 0 1
1 0 0 0 1 0 0 0 1
412 523 670.1613182997766 16.67 3 3 1080 1081
1 0 0 0 1 0 0 0 1
1 0 0 0 1 0 0 0 1
413 459 29.075236207467896 16.67 3 3 1082 1083
1 0 0 0 1 0 0 0 1
1 0 0 0 1 0 0 0 1
4 152 89.60795123857855 16.67 3 3 1084 1085
1 0 0 0 1 0 0 0 1
1 0 0 0 1 0 0 0 1
414 61 1895.468815468875 16.67 3 3 1086 1087
1 0 0 0 1 0 0 0 1
1 0 0 0 1 0 0 0 1
414 30 6020.495185905549 16.67 3 3 1088 1089
1 0 0 0 1 0 0 0 1
1 0 0 0 1 0 0 0 1
414 17 1187.2883001436596 16.67 3 3 1090 1091
1 0 0 0 1 0 0 0 1
1 0 0 0 1 0 0 0 1
415 425 376.86682091311167 16.67 3 3 1092 1093
1 0 0 0 1 0 0 0 1
1 0 0 0 1 0 0 0 1
417 165 70.31005394611691 16.67 3 3 1094 1095
1 0 0 0 1 0 0 0 1
1 0 0 0 1 0 0 0 1
417 42 36.38251027746692 16.67 3 3 1096 1097
1 0 0 0 1 0 0 0 1
1 0 0 0 1 0 0 0 1
418 98 132.70571479676994 16.67 3 3 1098 1099
1 0 0 0 1 0 0 0 1
1 0 0 0 1 0 0 0 1
419 151 119.9408954430924 16.67 3 3 1100 1101
1 0 0 0 1 0 0 0 1
1 0 0 0 1 0 0 0 1
419 26 431.199913118015 16.67 3 3 1102 1103
1 0 0 0 1 0 0 0 1
1 0 0 0 1 0 0 0 1
419 494 27.075524959236684 16.67 3 3 1104 1105
1 0 0 0 1 0 0 0 1
1 0 0 0 1 0 0 0 1
420 132 322.01535100756087 16.67 3 3 1106 1107
1 0 0 0 1 0 0 0 1
1 0 0 0 1 0 0 0 1
421 94 106.75577946098382 16.67 3 3 1108 1109
1 0 0 0 1 0 0 0 1
1 0 0 0 1 0 0 0 1
422 110 126.48628284234346 16.67 3 3 1110 1111
1 0 0 0 1 0 0 0 1
1 0 0 0 1 0 0 0 1
1 63 422.20152895821946 16.67 3 3 1112 1113
1 0 0 0 1 0 0 0 1
1 0 0 0 1 0 0 0 1
424 502 1864.1305678020233 16.67 3 3 1114 1115
1 0 0 0 1 0 0 0 1
1 0 0 0 1 0 0 0 1
425 91 51.261494205952914 16.67 3 3 1116 1117
1 0 0 0 1 0 0 0 1
1 0 0 0 1 0 0 0 1
427 131 65.84295683021175 16.67 3 3 1118 1119
1 0 0 0 1 0 0 0 1
1 0 0 0 1 0 0 0 1
427 113 1234.426681905258 16.67 3 3 1120 1121
1 0 0 0 1 0 0 0 1
1 0 0 0 1 0 0 0 1
428 106 76.11672789342215 16.67 3 3 1122 1123
1 0 0 0 1 0 0 0 1
1 0 0 0 1 0 0 0 1
428 449 156.68911885018983 16.67 3 3 1124 1125
1 0 0 0 1 0 0 0 1
1 0 0 0 1 0 0 0 1
429 113 493.9568931399777 16.67 3 3 1126 1127
1 0 0 0 1 0 0 0 1
1 0 0 0 1 0 0 0 1
37 442 104.43799193478162 16.67 3 3 1128 1129
1 0 0 0 1 0 0 0 1
1 0 0 0 1 0 0 0 1
37 143 588.6331830473734 16.67 3 3 1130 1131
1 0 0 0 1 0 0 0 1
1 0 0 0 1 0 0 0 1
430 40 800.2039439832466 16.67 3 3 1132 1133
1 0 0 0 1 0 0 0 1
1 0 0 0 1 0 0 0 1
430 74 2338.8153690030786 16.67 3 3 1134 1135
1 0 0 0 1 0 0 0 1
1 0 0 0 1 0 0 0 1
430 19 1776.9684452718598 16.67 3 3 1136 1137
1 0 0 0 1 0 0 0 1
1 0 0 0 1 0 0 0 1
431 144 92.25423665575076 16.67 3 3 1138 1139
1 0 0 0 1 0 0 0 1
1 0 0 0 1 0 0 0 1
431 92 299.6265192041466 16.67 3 3 1140 1141
1 0 0 0 1 0 0 0 1
1 0 0 0 1 0 0 0 1
432 146 337.22999634766313 16.67 3 3 1142 1143
1 0 0 0 1 0 0 0 1
1 0 0 0 1 0 0 0 1
433 434 108.11361934985548 16.67 3 3 1144 1145
1 0 0 0 1 0 0 0 1
1 0 0 0 1 0 0 0 1
435 478 420.88873716713437 16.67 3 3 1146 1147
1 0 0 0 1 0 0 0 1
1 0 0 0 1 0 0 0 1
436 122 1526.823866660974 16.67 3 3 1148 1149
1 0 0 0 1 0 0 0 1
1 0 0 0 1 0 0 0 1
437 92 899.9933906381845 16.67 3 3 1150 1151
1 0 0 0 1 0 0 0 1
1 0 0 0 1 0 0 0 1
438 105 197.08471137185668 16.67 3 3 1152 1153
1 0 0 0 1 0 0 0 1
1 0 0 0 1 0 0 0 1
440 89 725.2935792221334 16.67 3 3 1154 1155
1 0 0 0 1 0 0 0 1
1 0 0 0 1 0 0 0 1
440 51 34.73582497014295 16.67 3 3 1156 1157
1 0 0 0 1 0 0 0 1
1 0 0 0 1 0 0 0 1
441 99 330.6613288528005 16.67 3 3 1158 1159
1 0 0 0 1 0 0 0 1
1 0 0 0 1 0 0 0 1
441 169 762.6114338466646 16.67 3 3 1160 1161
1 0 0 0 1 0 0 0 1
1 0 0 0 1 0 0 0 1
442 123 54.68216446366247 16.67 3 3 1162 1163
1 0 0 0 1 0 0 0 1
1 0 0 0 1 0 0 0 1
442 5 540.2751395855277 16.67 3 3 1164 1165
1 0 0 0 1 0 0 0 1
1 0 0 0 1 0 0 0 1
444 164 129.88679332925858 16.67 3 3 1166 1167
1 0 0 0 1 0 0 0 1
1 0 0 0 1 0 0 0 1
445 165 245.07090646608702 16.67 3 3 1168 1169
1 0 0 0 1 0 0 0 1
1 0 0 0 1 0 0 0 1
446 481 214.2355415543707 16.67 3 3 1170 1171
1 0 0 0 1 0 0 0 1
1 0 0 0 1 0 0 0 1
446 472 45.036992959434855 16.67 3 3 1172 1173
1 0 0 0 1 0 0 0 1
1 0 0 0 1 0 0 0 1
448 156 795.3064280164683 16.67 3 3 1174 1175
1 0 0 0 1 0 0 0 1
1 0 0 0 1 0 0 0 1
448 154 137.65163039035625 16.67 3 3 1176 1177
1 0 0 0 1 0 0 0 1
1 0 0 0 1 0 0 0 1
450 166 178.6394997882378 16.67 3 3 1178 1179
1 0 0 0 1 0 0 0 1
1 0 0 0 1 0 0 0 1
51 515 473.23181310111346 16.67 3 3 1180 1181
1 0 0 0 1 0 0 0 1
1 0 0 0 1 0 0 0 1
51 89 753.7205767194481 16.67 3 3 1182 1183
1 0 0 0 1 0 0 0 1
1 0 0 0 1 0 0 0 1
451 138 1004.3681961785207 16.67 3 3 1184 1185
1 0 0 0 1 0 0 0 1
1 0 0 0 1 0 0 0 1
451 136 30.85010910124383 16.67 3 3 1186 1187
1 0 0 0 1 0 0 0 1
1 0 0 0 1 0 0 0 1
452 124 375.9840299746953 16.67 3 3 1188 1189
1 0 0 0 1 0 0 0 1
1 0 0 0 1 0 0 0 1
453 509 79.14538323470336 16.67 3 3 1190 1191
1 0 0 0 1 0 0 0 1
1 0 0 0 1 0 0 0 1
454 491 399.359206190382 16.67 3 3 1192 1193
1 0 0 0 1 0 0 0 1
1 0 0 0 1 0 0 0 1
455 11 47.055111541469216 16.67 3 3 1194 1195
1 0 0 0 1 0 0 0 1
1 0 0 0 1 0 0 0 1
457 117 73.34808423030445 16.67 3 3 1196 1197
1 0 0 0 1 0 0 0 1
1 0 0 0 1 0 0 0 1
457 460 2000.4370374255668 16.67 3 3 1198 1199
1 0 0 0 1 0 0 0 1
1 0 0 0 1 0 0 0 1
2 487 693.6975235462548 16.67 3 3 1200 1201
1 0 0 0 1 0 0 0 1
1 0 0 0 1 0 0 0 1
459 492 64.82556255699285 16.67 3 3 1202 1203
1 0 0 0 1 0 0 0 1
1 0 0 0 1 0 0 0 1
460 497 1959.603764948381 16.67 3 3 1204 1205
1 0 0 0 1 0 0 0 1
1 0 0 0 1 0 0 0 1
461 153 800.363686201674 16.67 3 3 1206 1207
1 0 0 0 1 0 0 0 1
1 0 0 0 1 0 0 0 1
461 132 522.4722511611541 16.67 3 3 1208 1209
1 0 0 0 1 0 0 0 1
1 0 0 0 1 0 0 0 1
462 515 127.0293384687286 16.67 3 3 1210 1211
1 0 0 0 1 0 0 0 1
1 0 0 0 1 0 0 0 1
462 497 832.7229978448568 16.67 3 3 1212 1213
1 0 0 0 1 0 0 0 1
1 0 0 0 1 0 0 0 1
462 468 306.43038572405436 16.67 3 3 1214 1215
1 0 0 0 1 0 0 0 1
1 0 0 0 1 0 0 0 1
463 505 85.96630595696806 16.67 3 3 1216 1217
1 0 0 0 1 0 0 0 1
1 0 0 0 1 0 0 0 1
463 471 152.15055353407888 16.67 3 3 1218 1219
1 0 0 0 1 0 0 0 1
1 0 0 0 1 0 0 0 1
465 126 158.69368088474317 16.67 3 3 1220 1221
1 0 0 0 1 0 0 0 1
1 0 0 0 1 0 0 0 1
466 171 3094.1245740851673 16.67 3 3 1222 1223
1 0 0 0 1 0 0 0 1
1 0 0 0 1 0 0 0 1
466 116 1084.6708099185305 16.67 3 3 1224 1225
1 0 0 0 1 0 0 0 1
1 0 0 0 1 0 0 0 1
467 517 1453.4955727901413 16.67 3 3 1226 1227
1 0 0 0 1 0 0 0 1
1 0 0 0 1 0 0 0 1
467 497 257.6044067672878 16.67 3 3 1228 1229
1 0 0 0 1 0 0 0 1
1 0 0 0 1 0 0 0 1
468 515 299.53202742379796 16.67 3 3 1230 1231
1 0 0 0 1 0 0 0 1
1 0 0 0 1 0 0 0 1
468 87 205.28355131109325 16.67 3 3 1232 1233
1 0 0 0 1 0 0 0 1
1 0 0 0 1 0 0 0 1
469 174 66.93875440341465 16.67 3 3 1234 1235
1 0 0 0 1 0 0 0 1
1 0 0 0 1 0 0 0 1
55 477 147.65429071293656 16.67 3 3 1236 1237
1 0 0 0 1 0 0 0 1
1 0 0 0 1 0 0 0 1
55 162 464.4291869237536 16.67 3 3 1238 1239
1 0 0 0 1 0 0 0 1
1 0 0 0 1 0 0 0 1
473 46 368.15870118915683 16.67 3 3 1240 1241
1 0 0 0 1 0 0 0 1
1 0 0 0 1 0 0 0 1
473 486 124.91623238321415 16.67 3 3 1242 1243
1 0 0 0 1 0 0 0 1
1 0 0 0 1 0 0 0 1
24 510 87.8885064109871 16.67 3 3 1244 1245
1 0 0 0 1 0 0 0 1
1 0 0 0 1 0 0 0 1
475 49 31.63459143799602 16.67 3 3 1246 1247
1 0 0 0 1 0 0 0 1
1 0 0 0 1 0 0 0 1
475 522 57.0346538007193 16.67 3 3 1248 1249
1 0 0 0 1 0 0 0 1
1 0 0 0 1 0 0 0 1
475 524 222.9473159605586 16.67 3 3 1250 1251
1 0 0 0 1 0 0 0 1
1 0 0 0 1 0 0 0 1
476 98 308.43894198728003 16.67 3 3 1252 1253
1 0 0 0 1 0 0 0 1
1 0 0 0 1 0 0 0 1
478 478 0.0 16.67 3 3 1254 1255
1 0 0 0 1 0 0 0 1
1 0 0 0 1 0 0 0 1
479 480 696.4384624339142 16.67 3 3 1256 1257
1 0 0 0 1 0 0 0 1
1 0 0 0 1 0 0 0 1
480 174 237.04446127815413 16.67 3 3 1258 1259
1 0 0 0 1 0 0 0 1
1 0 0 0 1 0 0 0 1
483 58 166.4891939933695 16.67 3 3 1260 1261
1 0 0 0 1 0 0 0 1
1 0 0 0 1 0 0 0 1
483 70 237.52021815360257 16.67 3 3 1262 1263
1 0 0 0 1 0 0 0 1
1 0 0 0 1 0 0 0 1
484 150 507.87854094662805 16.67 3 3 1264 1265
1 0 0 0 1 0 0 0 1
1 0 0 0 1 0 0 0 1
485 124 110.55447872112327 16.67 3 3 1266 1267
1 0 0 0 1 0 0 0 1
1 0 0 0 1 0 0 0 1
485 498 240.59566782439944 16.67 3 3 1268 1269
1 0 0 0 1 0 0 0 1
1 0 0 0 1 0 0 0 1
486 156 74.84540640843981 16.67 3 3 1270 1271
1 0 0 0 1 0 0 0 1
1 0 0 0 1 0 0 0 1
494 151 121.35788662786211 16.67 3 3 1272 1273
1 0 0 0 1 0 0 0 1
1 0 0 0 1 0 0 0 1
494 26 430.18101274068545 16.67 3 3 1274 1275
1 0 0 0 1 0 0 0 1
1 0 0 0 1 0 0 0 1
496 177 78.29508666008752 16.67 3 3 1276 1277
1 0 0 0 1 0 0 0 1
1 0 0 0 1 0 0 0 1
498 109 260.748871252783 16.67 3 3 1278 1279
1 0 0 0 1 0 0 0 1
1 0 0 0 1 0 0 0 1
500 34 151.34724714329795 16.67 3 3 1280 1281
1 0 0 0 1 0 0 0 1
1 0 0 0 1 0 0 0 1
501 172 630.6955040582209 16.67 3 3 1282 1283
1 0 0 0 1 0 0 0 1
1 0 0 0 1 0 0 0 1
504 76 25.243029720827202 16.67 3 3 1284 1285
1 0 0 0 1 0 0 0 1
1 0 0 0 1 0 0 0 1
504 73 42.142892141869915 16.67 3 3 1286 1287
1 0 0 0 1 0 0 0 1
1 0 0 0 1 0 0 0 1
506 78 3087.967535793134 16.67 3 3 1288 1289
1 0 0 0 1 0 0 0 1
1 0 0 0 1 0 0 0 1
508 149 350.6407710446611 16.67 3 3 1290 1291
1 0 0 0 1 0 0 0 1
1 0 0 0 1 0 0 0 1
509 338 1530.769110977022 16.67 3 3 1292 1293
1 0 0 0 1 0 0 0 1
1 0 0 0 1 0 0 0 1
60 129 164.16923338948985 16.67 3 3 1294 1295
1 0 0 0 1 0 0 0 1
1 0 0 0 1 0 0 0 1
60 173 68.71780980015653 16.67 3 3 1296 1297
1 0 0 0 1 0 0 0 1
1 0 0 0 1 0 0 0 1
510 143 770.54462363994 16.67 3 3 1298 1299
1 0 0 0 1 0 0 0 1
1 0 0 0 1 0 0 0 1
513 134 60.763746927142485 16.67 3 3 1300 1301
1 0 0 0 1 0 0 0 1
1 0 0 0 1 0 0 0 1
514 127 617.1383468678852 16.67 3 3 1302 1303
1 0 0 0 1 0 0 0 1
1 0 0 0 1 0 0 0 1
39 516 2724.663312972558 16.67 3 3 1304 1305
1 0 0 0 1 0 0 0 1
1 0 0 0 1 0 0 0 1
516 38 207.05756858026282 16.67 3 3 1306 1307
1 0 0 0 1 0 0 0 1
1 0 0 0 1 0 0 0 1
516 170 1674.1646144243682 16.67 3 3 1308 1309
1 0 0 0 1 0 0 0 1
1 0 0 0 1 0 0 0 1
517 125 680.545572043733 16.67 3 3 1310 1311
1 0 0 0 1 0 0 0 1
1 0 0 0 1 0 0 0 1
518 141 485.93020809672566 16.67 3 3 1312 1313
1 0 0 0 1 0 0 0 1
1 0 0 0 1 0 0 0 1
518 80 1374.4069253224714 16.67 3 3 1314 1315
1 0 0 0 1 0 0 0 1
1 0 0 0 1 0 0 0 1
519 85 682.7228783885686 16.67 3 3 1316 1317
1 0 0 0 1 0 0 0 1
1 0 0 0 1 0 0 0 1
520 168 151.32343803640225 16.67 3 3 1318 1319
1 0 0 0 1 0 0 0 1
1 0 0 0 1 0 0 0 1
522 88 256.86645048295776 16.67 3 3 1320 1321
1 0 0 0 1 0 0 0 1
1 0 0 0 1 0 0 0 1
49 88 233.97580646056505 16.67 3 3 1322 1323
1 0 0 0 1 0 0 0 1
1 0 0 0 1 0 0 0 1
42 63 886.1350599345178 16.67 3 3 1324 1325
1 0 0 0 1 0 0 0 1
1 0 0 0 1 0 0 0 1
79 160 102.0009679479511 16.67 3 3 1326 1327
1 0 0 0 1 0 0 0 1
1 0 0 0 1 0 0 0 1
527 160 1221.8495595300226 16.67 3 3 1328 1329
1 0 0 0 1 0 0 0 1
1 0 0 0 1 0 0 0 1
527 119 71.50912446202796 16.67 3 3 1330 1331
1 0 0 0 1 0 0 0 1
1 0 0 0 1 0 0 0 1
88 8 50.989690737150305 16.67 3 3 1332 1333
1 0 0 0 1 0 0 0 1
1 0 0 0 1 0 0 0 1
89 56 858.2873615834662 16.67 3 3 1334 1335
1 0 0 0 1 0 0 0 1
1 0 0 0 1 0 0 0 1
90 166 204.1348001101173 16.67 3 3 1336 1337
1 0 0 0 1 0 0 0 1
1 0 0 0 1 0 0 0 1
91 176 426.0263637842873 16.67 3 3 1338 1339
1 0 0 0 1 0 0 0 1
1 0 0 0 1 0 0 0 1
95 134 215.07958108106106 16.67 3 3 1340 1341
1 0 0 0 1 0 0 0 1
1 0 0 0 1 0 0 0 1
95 115 173.51408456858525 16.67 3 3 1342 1343
1 0 0 0 1 0 0 0 1
1 0 0 0 1 0 0 0 1
96 159 465.565822563378 16.67 3 3 1344 1345
1 0 0 0 1 0 0 0 1
1 0 0 0 1 0 0 0 1
97 114 1036.1963187967078 16.67 3 3 1346 1347
1 0 0 0 1 0 0 0 1
1 0 0 0 1 0 0 0 1
98 122 763.5435940732488 16.67 3 3 1348 1349
1 0 0 0 1 0 0 0 1
1 0 0 0 1 0 0 0 1
99 124 100.8605779431883 16.67 3 3 1350 1351
1 0 0 0 1 0 0 0 1
1 0 0 0 1 0 0 0 1
102 154 502.1481330215582 16.67 3 3 1352 1353
1 0 0 0 1 0 0 0 1
1 0 0 0 1 0 0 0 1
102 116 83.43558767543153 16.67 3 3 1354 1355
1 0 0 0 1 0 0 0 1
1 0 0 0 1 0 0 0 1
103 136 43.240909642283526 16.67 3 3 1356 1357
1 0 0 0 1 0 0 0 1
1 0 0 0 1 0 0 0 1
107 129 334.9610765595656 16.67 3 3 1358 1359
1 0 0 0 1 0 0 0 1
1 0 0 0 1 0 0 0 1
112 20 273.4567636157134 16.67 3 3 1360 1361
1 0 0 0 1 0 0 0 1
1 0 0 0 1 0 0 0 1
112 21 476.58375390979046 16.67 3 3 1362 1363
1 0 0 0 1 0 0 0 1
1 0 0 0 1 0 0 0 1
121 160 93.49946828502254 16.67 3 3 1364 1365
1 0 0 0 1 0 0 0 1
1 0 0 0 1 0 0 0 1
127 16 683.0635097063573 16.67 3 3 1366 1367
1 0 0 0 1 0 0 0 1
1 0 0 0 1 0 0 0 1
127 194 657.642528647472 16.67 3 3 1368 1369
1 0 0 0 1 0 0 0 1
1 0 0 0 1 0 0 0 1
131 177 84.06605077548019 16.67 3 3 1370 1371
1 0 0 0 1 0 0 0 1
1 0 0 0 1 0 0 0 1
136 144 237.35820166814344 16.67 3 3 1372 1373
1 0 0 0 1 0 0 0 1
1 0 0 0 1 0 0 0 1
138 289 375.15831013157396 16.67 3 3 1374 1375
1 0 0 0 1 0 0 0 1
1 0 0 0 1 0 0 0 1
138 66 655.1890684235884 16.67 3 3 1376 1377
1 0 0 0 1 0 0 0 1
1 0 0 0 1 0 0 0 1
145 164 177.11867262931 16.67 3 3 1378 1379
1 0 0 0 1 0 0 0 1
1 0 0 0 1 0 0 0 1
147 152 197.9016117567837 16.67 3 3 1380 1381
1 0 0 0 1 0 0 0 1
1 0 0 0 1 0 0 0 1
155 158 278.97828213774164 16.67 3 3 1382 1383
1 0 0 0 1 0 0 0 1
1 0 0 0 1 0 0 0 1
161 15 903.651476213214 16.67 3 3 1384 1385
1 0 0 0 1 0 0 0 1
1 0 0 0 1 0 0 0 1
175 45 921.1068341070724 16.67 3 3 1386 1387
1 0 0 0 1 0 0 0 1
1 0 0 0 1 0 0 0 1
175 64 2059.987083861743 16.67 3 3 1388 1389
1 0 0 0 1 0 0 0 1
1 0 0 0 1 0 0 0 1
175 33 879.9624605674542 16.67 3 3 1390 1391
1 0 0 0 1 0 0 0 1
1 0 0 0 1 0 0 0 1
527
1 1112 -1 939 -1
2 -1 143 1200 901
3 -1 -1 -1 521
4 47 -1 -1 1084
5 405 1039 1165 -1
6 590 -1 513 588
7 924 922 926 -1
8 -1 -1 1333 -1
9 -1 1027 -1 -1
10 258 -1 256 209
11 1195 223 1057 -1
12 519 -1 -1 -1
13 -1 -1 1015 -1
14 948 -1 950 946
15 1385 -1 -1 -1
16 -1 -1 1367 -1
17 -1 1091 -1 -1
18 830 -1 55 -1
19 1137 -1 -1 -1
20 -1 1361 -1 -1
21 1363 -1 -1 -1
22 -1 -1 409 -1
23 985 -1 681 -1
24 1244 -1 125 271
25 762 65 764 -1
26 145 -1 1103 1275
27 371 -1 791 -1
28 898 -1 896 894
29 -1 1065 -1 -1
30 1089 -1 -1 -1
31 123 -1 315 -1
32 363 780 784 782
33 1391 -1 -1 -1
34 1281 -1 935 -1
35 517 -1 -1 -1
36 354 -1 350 352
37 1128 -1 1130 -1
38 1307 -1 -1 -1
39 789 33 1304 -1
40 -1 -1 -1 1133
41 807 -1 -1 -1
42 1324 1097 511 -1
43 -1 -1 285 -1
44 620 527 -1 587
45 1387 -1 -1 -1
46 617 -1 1241 -1
47 938 -1 936 -1
48 934 -1 581 -1
49 1247 1322 -1 1037
50 -1 -1 -1 805
51 1157 1182 1180 443
52 -1 -1 971 -1
53 1011 -1 -1 -1
54 -1 539 650 652
55 783 -1 1238 1236
56 -1 -1 1335 -1
57 -1 -1 523 -1
58 493 1261 -1 435
59 -1 804 806 802
60 1296 -1 241 1294
61 -1 -1 -1 1087
62 937 -1 -1 -1
63 963 1325 1113 -1
64 -1 1389 -1 -1
65 -1 642 279 640
66 -1 1377 -1 -1
67 927 -1 -1 -1
68 1007 -1 -1 -1
69 952 -1 954 645
70 495 1263 -1 437
71 16 14 -1 18
72 646 -1 217 648
73 -1 1287 -1 -1
74 -1 -1 1135 -1
75 522 520 518 -1
76 -1 -1 1285 -1
77 886 61 839 749
78 1289 -1 -1 -1
79 1326 633 -1 -1
80 -1 1315 -1 -1
81 -1 -1 781 -1
82 923 -1 -1 -1
83 1041 -1 -1 -1
84 293 -1 729 703
85 1317 -1 961 387
86 -1 383 -1 857
87 -1 777 -1 1233
88 1332 943 1323 1321
89 1334 1013 1183 1155
90 -1 189 743 1336
91 933 -1 1338 1117
92 1141 1151 -1 359
93 601 -1 1005 89
94 -1 97 1109 75
95 1340 1342 -1 129
96 153 -1 1344 -1
97 917 1346 -1 1033
98 717 1253 1348 1099
99 -1 1350 331 1159
100 947 953 229 997
101 1051 677 1047 503
102 1352 -1 1354 -1
103 -1 999 -1 1356
104 -1 931 -1 185
105 329 823 665 1153
106 1123 127 447 483
107 843 801 489 1358
108 -1 -1 417 -1
109 429 719 1279 687
110 419 1111 453 -1
111 711 837 831 15
112 -1 597 1362 1360
113 1127 289 1121 815
114 879 175 929 1347
115 -1 1073 -1 1343
116 1355 591 699 1225
117 775 -1 1197 -1
118 819 -1 605 -1
119 71 199 1331 -1
120 389 -1 771 111
121 -1 689 525 1364
122 1349 101 1149 -1
123 1163 -1 13 -1
124 1189 1267 -1 1351
125 1311 625 675 497
126 -1 1221 -1 457
127 1366 141 1303 1368
128 335 905 227 -1
129 951 1359 1295 955
130 841 57 471 745
131 1119 1370 -1 -1
132 609 -1 1107 1209
133 649 85 579 -1
134 -1 1341 1301 -1
135 799 337 705 -1
136 1187 1357 1372 -1
137 741 691 577 1035
138 1376 1185 -1 1374
139 -1 469 1049 213
140 967 -1 -1 -1
141 727 -1 851 1313
142 299 -1 -1 323
143 1131 7 1299 -1
144 1373 341 1139 -1
145 697 -1 1378 1021
146 945 -1 1143 -1
147 -1 1380 -1 541
148 137 871 -1 -1
149 -1 1291 -1 1009
150 -1 845 567 1265
151 1273 1101 797 533
152 -1 1085 -1 1381
153 251 -1 1207 339
154 1177 -1 1353 -1
155 1382 -1 -1 -1
156 439 571 1175 1271
157 31 -1 1053 -1
158 201 -1 1383 -1
159 1345 -1 403 291
160 1329 1365 1327 53
161 867 -1 1384 1031
162 1239 -1 455 647
163 553 -1 989 -1
164 1379 -1 1167 -1
165 1169 169 259 1095
166 -1 1337 -1 1179
167 -1 537 585 725
168 -1 43 1319 1025
169 991 1161 611 -1
170 265 793 1309 -1
171 629 -1 1223 -1
172 -1 1283 -1 1069
173 491 239 1297 -1
174 1235 499 1259 661
175 -1 1386 1390 1388
176 1339 -1 117 817
177 1371 881 -1 1277
178 4 2 -1 6
179 12 -1 8 10
180 20 22 24 -1
181 26 -1 30 28
182 36 -1 34 32
183 38 -1 5 -1
184 42 44 -1 40
185 50 52 48 46
186 54 56 58 60
187 64 -1 62 -1
188 69 70 68 66
189 74 76 -1 72
190 82 78 84 80
191 90 92 88 86
192 94 98 -1 96
193 106 102 104 100
194 -1 -1 1369 -1
195 105 110 108 -1
196 116 114 112 -1
197 124 122 118 120
198 128 67 126 130
199 -1 134 132 136
200 140 138 -1 142
201 146 148 144 -1
202 150 -1 152 -1
203 119 -1 154 -1
204 160 156 162 158
205 45 164 168 166
206 170 172 -1 -1
207 174 180 176 178
208 182 -1 91 -1
209 -1 184 -1 186
210 190 19 192 188
211 -1 196 194 198
212 202 -1 200 -1
213 206 208 204 -1
214 216 212 218 214
215 226 224 222 220
216 228 230 -1 232
217 238 234 236 240
218 244 242 246 -1
219 248 254 250 252
220 -1 260 -1 262
221 266 -1 264 35
222 268 270 121 -1
223 863 -1 -1 -1
224 272 21 274 276
225 278 -1 280 49
226 284 286 288 282
227 247 290 292 294
228 302 300 298 296
229 304 -1 306 -1
230 308 -1 310 -1
231 314 316 312 -1
232 297 322 320 318
233 -1 328 326 324
234 332 -1 334 330
235 338 -1 161 336
236 343 233 342 340
237 -1 348 344 346
238 -1 358 -1 356
239 360 -1 362 364
240 366 368 370 372
241 376 325 -1 374
242 380 378 -1 382
243 237 -1 -1 384
244 390 386 388 103
245 -1 394 -1 392
246 396 -1 398 -1
247 402 400 -1 -1
248 406 410 404 408
249 -1 29 412 -1
250 416 414 -1 181
251 311 418 422 420
252 424 -1 426 428
253 -1 187 -1 430
254 434 436 438 432
255 155 442 440 444
256 446 -1 448 -1
257 452 450 391 423
258 193 454 -1 -1
259 -1 456 458 460
260 464 462 466 231
261 470 474 472 468
262 -1 461 476 478
263 -1 482 480 484
264 488 486 277 490
265 496 -1 492 494
266 -1 502 500 498
267 506 -1 303 504
268 508 -1 207 510
269 512 514 516 -1
270 63 524 526 -1
271 -1 530 -1 528
272 351 532 -1 534
273 -1 529 -1 -1
274 536 540 542 538
275 -1 -1 546 544
276 -1 357 548 550
277 554 -1 552 -1
278 558 560 556 -1
279 -1 159 564 562
280 467 566 -1 349
281 570 572 568 -1
282 578 -1 574 576
283 580 -1 367 -1
284 584 586 582 -1
285 594 -1 592 -1
286 549 73 -1 596
287 598 -1 600 602
288 604 -1 606 -1
289 -1 1375 -1 -1
290 195 -1 608 -1
291 610 -1 -1 612
292 614 -1 616 -1
293 301 -1 618 -1
294 622 -1 -1 624
295 626 -1 39 -1
296 630 615 628 632
297 -1 634 638 636
298 -1 -1 865 -1
299 -1 644 -1 463
300 99 654 555 656
301 658 -1 660 -1
302 664 662 666 249
303 674 668 670 672
304 676 377 -1 -1
305 680 -1 678 -1
306 607 -1 267 -1
307 25 686 684 682
308 692 -1 688 690
309 -1 694 696 635
310 698 -1 589 -1
311 -1 295 702 700
312 704 -1 273 487
313 -1 613 706 -1
314 -1 708 710 -1
315 714 712 716 718
316 -1 -1 287 -1
317 722 353 535 720
318 724 543 -1 653
319 728 726 730 -1
320 736 732 734 -1
321 738 -1 740 -1
322 748 746 744 742
323 752 133 750 754
324 760 -1 756 758
325 770 -1 766 768
326 -1 -1 465 -1
327 772 -1 774 776
328 779 479 778 261
329 786 -1 -1 531
330 790 -1 37 788
331 113 87 794 792
332 796 253 798 800
333 307 -1 808 -1
334 810 -1 623 -1
335 812 814 -1 695
336 816 -1 818 -1
337 -1 820 -1 822
338 1293 -1 -1 -1
339 583 -1 826 824
340 1017 -1 -1 -1
341 757 -1 828 -1
342 834 832 305 836
343 838 59 840 747
344 844 -1 842 -1
345 593 846 -1 655
346 850 -1 848 852
347 -1 856 854 -1
348 109 858 769 860
349 864 866 862 -1
350 399 355 723 868
351 767 -1 872 870
352 876 -1 -1 874
353 -1 393 878 880
354 -1 884 882 475
355 892 888 -1 890
356 902 900 -1 3
357 906 759 225 904
358 785 908 835 709
359 765 51 621 -1
360 913 910 912 914
361 459 916 -1 477
362 -1 918 -1 920
363 928 179 -1 930
364 829 -1 932 -1
365 345 -1 595 -1
366 9 361 940 -1
367 942 -1 944 -1
368 956 373 -1 707
369 321 958 -1 849
370 960 962 559 -1
371 968 -1 966 964
372 970 -1 245 -1
373 972 637 507 -1
374 974 -1 976 163
375 978 81 982 980
376 986 -1 984 -1
377 988 -1 990 -1
378 -1 992 -1 994
379 -1 965 996 998
380 1000 -1 425 -1
381 221 1002 957 -1
382 -1 545 319 401
383 1004 1008 1006 1010
384 1014 -1 1016 1012
385 731 -1 853 1018
386 -1 575 631 643
387 639 -1 1020 -1
388 -1 995 -1 1022
389 -1 -1 1067 -1
390 557 1024 753 -1
391 -1 1030 1028 1026
392 -1 1032 -1 821
393 619 -1 659 -1
394 1034 -1 -1 -1
395 -1 1036 1038 411
396 671 925 1040 -1
397 1042 -1 979 -1
398 1046 375 397 1044
399 1048 473 -1 83
400 855 -1 773 -1
401 1052 -1 1050 -1
402 1054 421 -1 713
403 1056 1060 1058 -1
404 313 -1 1062 -1
405 1066 1068 -1 1064
406 -1 603 -1 93
407 983 1070 693 -1
408 -1 -1 -1 139
409 -1 431 -1 1072
410 651 825 -1 1074
411 1045 869 -1 1076
412 1080 -1 1078 369
413 -1 1082 -1 909
414 -1 1086 1088 1090
415 1079 -1 1092 -1
416 -1 263 -1 -1
417 1096 1094 509 -1
418 1098 -1 761 -1
419 1102 -1 1100 1104
420 1106 -1 875 -1
421 1108 657 -1 77
422 -1 1075 893 1110
423 219 -1 1043 173
424 1114 -1 1071 887
425 1093 1116 -1 -1
426 -1 803 -1 -1
427 1120 -1 1118 -1
428 -1 1122 663 1124
429 283 1126 813 -1
430 1134 1132 1136 -1
431 1138 -1 1140 -1
432 1142 -1 987 -1
433 565 1144 1055 -1
434 977 -1 309 1145
435 795 -1 1146 -1
436 1148 861 183 115
437 -1 347 95 1150
438 327 1152 147 -1
439 79 433 -1 -1
440 1063 1154 1156 441
441 385 1158 1160 847
442 1164 -1 1129 1162
443 1029 -1 -1 -1
444 1166 27 -1 -1
445 -1 167 1168 135
446 1170 563 1172 -1
447 873 -1 599 -1
448 1174 -1 1176 -1
449 -1 1125 485 149
450 -1 1178 -1 919
451 -1 -1 1186 1184
452 275 683 1188 235
453 569 1190 -1 515
454 827 641 -1 1192
455 -1 -1 1194 1003
456 427 -1 715 -1
457 1196 -1 1198 -1
458 679 -1 627 -1
459 -1 445 1202 1083
460 1204 1199 811 -1
461 1206 1208 975 157
462 1210 1214 1212 735
463 1218 -1 1216 -1
464 -1 701 -1 -1
465 -1 1023 -1 1220
466 1222 -1 1224 165
467 911 1228 1226 885
468 -1 1232 1215 1230
469 413 -1 1234 -1
470 -1 921 -1 395
471 547 505 1219 -1
472 1173 -1 1001 -1
473 1240 -1 1242 -1
474 317 -1 203 -1
475 1250 -1 1246 1248
476 -1 891 107 1252
477 1237 17 -1 191
478 1255 -1 1254 1147
479 1256 1077 -1 959
480 1258 501 1257 -1
481 23 -1 1171 -1
482 -1 -1 11 -1
483 -1 673 1262 1260
484 721 1264 969 -1
485 685 1268 333 1266
486 1243 1270 -1 -1
487 1201 -1 -1 -1
488 177 981 739 197
489 -1 -1 151 243
490 -1 949 -1 -1
491 -1 1193 451 889
492 1203 737 833 -1
493 667 481 255 -1
494 1274 1105 1272 -1
495 -1 -1 -1 379
496 -1 1276 -1 993
497 1213 -1 1205 1229
498 1278 -1 907 1269
499 449 -1 763 877
500 1059 -1 1280 -1
501 -1 551 -1 1282
502 941 -1 365 1115
503 -1 -1 171 415
504 1284 -1 973 1286
505 1217 -1 -1 -1
506 561 -1 1288 755
507 897 -1 -1 -1
508 205 257 1290 751
509 -1 1292 1191 573
510 1298 1245 269 -1
511 -1 -1 215 -1
512 809 -1 915 787
513 1300 131 -1 -1
514 1302 -1 903 -1
515 1181 1231 1211 733
516 1305 1308 1306 -1
517 1227 -1 1310 883
518 -1 1312 1019 1314
519 281 -1 899 1316
520 1318 41 -1 859
521 -1 -1 -1 669
522 1320 1249 -1 407
523 1061 -1 1081 -1
524 -1 -1 1251 -1
525 895 -1 -1 -1
526 -1 -1 381 -1
527 1330 -1 1328 -1
