386
-37.7928925 144.9463043 1 0
-37.8287392 144.9629822 2 0
-37.7927208 144.9884491 3 0
-37.8291359 144.9587402 4 0
-37.8059349 144.9392548 5 0
-37.8112488 144.9943542 6 0
-37.7927132 144.9883881 7 0
-37.8291016 144.958847 8 0
-37.8010712 144.9507751 9 0
-37.8080292 144.9442444 10 0
-37.8065948 144.986084 11 1
-37.8292847 144.956192 12 0
-37.8151855 144.9939117 13 0
-37.8256035 144.9392853 14 0
-37.7927132 144.9679108 15 0
-37.8088913 144.953598 16 0
-37.8289108 144.9860992 17 0
-37.8292999 144.9846802 18 0
-37.8282089 144.9906006 19 0
-37.8281975 144.9838562 20 0
-37.7998428 144.9398346 21 0
-37.8278732 144.9502869 22 1
-37.7926865 144.9677887 23 0
-37.8271217 144.9541626 24 1
-37.8121529 144.948822 25 0
-37.8248596 144.9907532 26 0
-37.8271828 144.9512787 27 1
-37.7926331 144.9571381 28 0
-37.8292923 144.9656067 29 0
-37.8073845 144.9941864 30 0
-37.7929649 144.9803772 31 0
-37.8193092 144.9944153 32 0
-37.7995872 144.9904785 33 0
-37.8143616 144.9391479 34 0
-37.7941322 144.9941101 35 0
-37.8001785 144.942749 36 0
-37.8273697 144.9883575 37 1
-37.8293419 144.9882202 38 0
-37.8179779 144.9654083 39 0
-37.8178317 144.9505056 40 1
-37.8211613 144.9550816 41 1
-37.8077085 144.9706862 42 1
-37.8206269 144.9486957 43 1
-37.8157011 144.9740894 44 1
-37.8003296 144.9541931 45 0
-37.7936967 144.9851735 46 1
-37.8103015 144.9613569 47 1
-37.807931 144.9731924 48 1
-37.8163641 144.9727224 49 1
-37.8012085 144.9571348 50 1
-37.8190724 144.9541292 51 1
-37.8256367 144.9475347 52 1
-37.8168492 144.989975 53 1
-37.8071175 144.9919186 54 1
-37.8060105 144.9571381 55 0
-37.8009592 144.969893 56 1
-37.7986249 144.9673191 57 1
-37.8204821 144.9580026 58 1
-37.7945573 144.9581691 59 1
-37.8004152 144.9639827 60 1
-37.7992874 144.9873352 61 1
-37.8210969 144.9762535 62 0
-37.8026811 144.9455451 63 1
-37.8156641 144.9582087 64 1
-37.8175553 144.9674867 65 1
-37.8051321 144.9492074 66 1
-37.8105915 144.9754235 67 0
-37.8030992 144.9495945 68 1
-37.7972737 144.967495 69 1
-37.8263158 144.971599 70 0
-37.7933387 144.9648335 71 1
-37.8127866 144.9681316 72 1
-37.825834 144.960245 73 1
-37.8220177 144.9735367 74 1
-37.8130142 144.9597931 75 1
-37.7936376 144.9472321 76 1
-37.8164406 144.9790802 77 0
-37.8083923 144.9755907 78 1
-37.8252873 144.9570796 79 1
-37.8133498 144.9501818 80 1
-37.8184979 144.9485086 81 1
-37.8232252 144.9605835 82 1
-37.8233064 144.9700971 83 1
-37.819808 144.960577 84 0
-37.8103294 144.9500013 85 1
-37.8158213 144.9791429 86 1
-37.8245945 144.9429864 87 0
-37.8237129 144.9405884 88 0
-37.8101536 144.9472476 89 0
-37.8210487 144.9681793 90 1
-37.808081 144.9767838 91 0
-37.8132911 144.9738772 92 1
-37.8179798 144.9502462 93 1
-37.8259951 144.9556173 94 0
-37.8198879 144.9603769 95 1
-37.8049116 144.9478416 96 1
-37.8162837 144.9825372 97 1
-37.8032164 144.9511182 98 0
-37.8149342 144.9606732 99 1
-37.8099283 144.9726966 100 1
-37.8059585 144.9559525 101 1
-37.8246247 144.988909 102 1
-37.8130799 144.9513788 103 1
-37.8171051 144.9533052 104 1
-37.8179495 144.9620853 105 0
-37.8064858 144.961416 106 0
-37.8152118 144.9748857 107 1
-37.7929944 144.9757406 108 1
-37.8123941 144.9540739 109 1
-37.806231 144.9594886 110 1
-37.8214432 144.9523808 111 1
-37.8132599 144.9436671 112 1
-37.8044464 144.9864777 113 1
-37.8042555 144.9603475 114 0
-37.8028868 144.9481426 115 1
-37.8052976 144.9450394 116 1
-37.8110356 144.9588991 117 1
-37.7946514 144.993911 118 1
-37.8088292 144.9458204 119 1
-37.8012434 144.9529671 120 1
-37.8268395 144.9721159 121 1
-37.7965427 144.9465934 122 0
-37.8085079 144.9554073 123 1
-37.8166849 144.9699221 124 1
-37.7996228 144.9552396 125 1
-37.8242514 144.9483865 126 0
-37.8234348 144.9393043 127 0
-37.7999619 144.9928453 128 1
-37.8235083 144.9673961 129 1
-37.8061148 144.9583422 130 0
-37.8063316 144.9829583 131 1
-37.8088539 144.9663073 132 1
-37.8238077 144.9625931 133 1
-37.8153457 144.990409 134 1
-37.8034851 144.9555378 135 1
-37.8288148 144.9711126 136 0
-37.8049608 144.9432057 137 1
-37.8165866 144.9873643 138 0
-37.8108101 144.939209 139 0
-37.817401 144.9898968 140 1
-37.8288685 144.9712189 141 0
-37.8164162 144.9789185 142 1
-37.8183904 144.9605092 143 0
-37.8286387 144.958552 144 1
-37.8222171 144.9500024 145 1
-37.8110029 144.991255 146 0
-37.7973614 144.96949 147 0
-37.8285297 144.9855283 148 0
-37.8065954 144.9629066 149 1
-37.8068096 144.9643829 150 0
-37.8073679 144.9428512 151 0
-37.8163464 144.9558075 152 1
-37.8103907 144.9835714 153 1
-37.7968137 144.9646537 154 1
-37.8186147 144.9596383 155 1
-37.8070335 144.9470276 156 1
-37.7937176 144.958252 157 0
-37.808688 144.9825679 158 1
-37.8077997 144.9687833 159 1
-37.7946765 144.9487826 160 1
-37.8125003 144.9538338 161 0
-37.794515 144.9897054 162 0
-37.8140444 144.971476 163 1
-37.8190136 144.9466565 164 1
-37.8049812 144.9919949 165 1
-37.7932956 144.9793185 166 1
-37.8052975 144.9507309 167 1
-37.7979664 144.9748972 168 1
-37.8262712 144.9654356 169 0
-37.812492 144.9435397 170 0
-37.8037717 144.9563464 171 1
-37.8054111 144.9522053 172 1
-37.8161949 144.9640535 173 1
-37.822961 144.9715794 174 0
-37.8024849 144.9445236 175 0
-37.8071585 144.9469051 176 1
-37.8035416 144.9540483 177 0
-37.7997121 144.9575122 178 1
-37.8181156 144.9648912 179 1
-37.796007 144.9677641 180 1
-37.809811 144.9912533 181 1
-37.8202463 144.9686544 182 1
-37.8277005 144.9581037 183 1
-37.8210021 144.9473936 184 1
-37.8075191 144.9707114 185 1
-37.8292783 144.9638723 186 0
-37.7966498 144.9511945 187 1
-37.8120572 144.9451383 188 1
-37.8075117 144.9769109 189 0
-37.8244126 144.9670744 190 0
-37.814845 144.9690417 191 1
-37.8243477 144.958371 192 0
-37.805404 144.9736439 193 0
-37.8271763 144.9659987 194 1
-37.8028687 144.943512 195 0
-37.8087528 144.9785217 196 1
-37.8025442 144.9579119 197 0
-37.82331 144.9784698 198 1
-37.7945599 144.9881534 199 1
-37.8048436 144.9662295 200 1
-37.8101224 144.9696503 201 0
-37.8204164 144.9574186 202 1
-37.813697 144.9573188 203 1
-37.8266581 144.9576703 204 0
-37.7930028 144.9589008 205 0
-37.8151032 144.9524275 206 0
-37.8073124 144.9916188 207 1
-37.79853 144.9489396 208 1
-37.8013992 144.9437638 209 0
-37.8097115 144.9924133 210 0
-37.8228281 144.9609676 211 1
-37.8001448 144.9419556 212 1
-37.8056745 144.9430495 213 1
-37.8051323 144.969106 214 0
-37.8045498 144.9632512 215 1
-37.8069511 144.9658602 216 1
-37.7985036 144.9658073 217 0
-37.8283291 144.9404424 218 0
-37.814095 144.9395856 219 0
-37.7974367 144.9501152 220 0
-37.7926235 144.9590836 221 0
-37.8144703 144.9547157 222 1
-37.824744 144.9886768 223 1
-37.8040387 144.9584605 224 1
-37.8094638 144.9554217 225 0
-37.797512 144.9464378 226 0
-37.8005366 144.9458856 227 1
-37.8085604 144.9759896 228 0
-37.8114109 144.9749489 229 0
-37.809567 144.9756324 230 1
-37.8269176 144.954094 231 1
-37.8288803 144.9715271 232 0
-37.8122803 144.9622383 233 1
-37.8192934 144.9610681 234 1
-37.7931067 144.9799144 235 1
-37.7950795 144.9468714 236 0
-37.8289386 144.9713854 237 0
-37.8117412 144.9564196 238 1
-37.8011228 144.9513633 239 0
-37.7985692 144.9423676 240 0
-37.8226295 144.9642517 241 1
-37.7936187 144.9826787 242 1
-37.818885 144.9625244 243 1
-37.802173 144.9417369 244 0
-37.8023709 144.9435622 245 1
-37.7983831 144.9644534 246 1
-37.7931385 144.9883499 247 1
-37.8284012 144.984848 248 1
-37.8108382 144.967207 249 1
-37.8176254 144.9591149 250 1
-37.8111874 144.9909299 251 1
-37.8179334 144.9934709 252 1
-37.8117275 144.9747562 253 0
-37.7998165 144.9931458 254 1
-37.7926591 144.9582013 255 1
-37.8002319 144.9432312 256 0
-37.8230349 144.9761047 257 1
-37.8008199 144.9485092 258 1
-37.8203534 144.9420362 259 0
-37.820735 144.9696388 260 1
-37.8223324 144.9751602 261 1
-37.8183092 144.9787776 262 1
-37.8166778 144.9586667 263 0
-37.8109831 144.9478257 264 1
-37.8150604 144.9450519 265 1
-37.7981776 144.9576769 266 0
-37.7977314 144.9728928 267 0
-37.8172393 144.9645022 268 0
-37.8183529 144.9566231 269 1
-37.8164215 144.9556198 270 1
-37.8051014 144.9494934 271 0
-37.8034003 144.9525662 272 1
-37.8237801 144.9821803 273 0
-37.8142221 144.9631413 274 1
-37.8004837 144.9450226 275 0
-37.7971041 144.9578411 276 0
-37.8289401 144.9615122 277 0
-37.8157752 144.9736851 278 0
-37.8205731 144.9415362 279 0
-37.8246498 144.9637558 280 0
-37.8041293 144.9452667 281 0
-37.8169024 144.9615928 282 1
-37.8232155 144.9765289 283 0
-37.7983347 144.9784698 284 1
-37.8044097 144.9617793 285 0
-37.8007736 144.9669342 286 1
-37.8046494 144.9446183 287 0
-37.8110191 144.9781409 288 0
-37.8099575 144.9504293 289 0
-37.8240593 144.9587586 290 0
-37.8049614 144.9561157 291 0
-37.7926543 144.971322 292 0
-37.8087848 144.9521942 293 1
-37.7965756 144.9402008 294 1
-37.7969227 144.9654098 295 0
-37.8217926 144.9741573 296 1
-37.8093266 144.9837358 297 1
-37.8049439 144.9923113 298 1
-37.819603 144.961447 299 1
-37.8074255 144.946598 300 0
-37.8048 144.9460602 301 0
-37.8230581 144.9889336 302 1
-37.7976322 144.9413528 303 0
-37.8154511 144.9773397 304 1
-37.7927709 144.9737004 305 0
-37.8098094 144.9783277 306 1
-37.8252131 144.9452464 307 0
-37.8186596 144.9756559 308 0
-37.8071371 144.96732 309 0
-37.8078083 144.9437378 310 0
-37.7989603 144.9842733 311 1
-37.8093098 144.9522945 312 1
-37.8098545 144.9938354 313 0
-37.8120728 144.9705635 314 1
-37.7984495 144.9462982 315 1
-37.8001629 144.9438875 316 1
-37.8033047 144.9518509 317 0
-37.8004585 144.9451935 318 1
-37.820844 144.969162 319 0
-37.8251391 144.9934044 320 1
-37.8017025 144.9437027 321 0
-37.8171265 144.9887909 322 1
-37.8019829 144.943657 323 0
-37.7988561 144.9692281 324 0
-37.7999627 144.9942344 325 0
-37.7938652 144.988266 326 1
-37.8051529 144.9939346 327 0
-37.7940344 144.9851227 328 1
-37.7934599 144.9586162 329 0
-37.8254013 144.9802755 330 0
-37.8258686 144.9560166 331 1
-37.8176766 144.9912262 332 0
-37.8057434 144.9772186 333 1
-37.7988027 144.9685847 334 0
-37.8146901 144.9577751 335 0
-37.8008563 144.9535319 336 0
-37.7970868 144.9506073 337 0
-37.8198623 144.9437409 338 0
-37.7979721 144.9875702 339 0
-37.7989674 144.9700979 340 1
-37.8035011 144.9534403 341 0
-37.8289642 144.9411697 342 0
-37.797081 144.9407501 343 0
-37.803751 144.9433442 344 0
-37.7949394 144.9709106 345 0
-37.7974739 144.9704933 346 1
-37.792612 144.9682465 347 0
-37.8143211 144.9548782 348 1
-37.8218307 144.9658407 349 1
-37.8090195 144.9856171 350 1
-37.8100786 144.9500542 351 1
-37.8249312 144.9911346 352 1
-37.8278313 144.9397354 353 1
-37.7927558 144.9567705 354 1
-37.8072071 144.9680404 355 0
-37.7995745 144.9903564 356 0
-37.8242264 144.9631297 357 0
-37.8094355 144.9744364 358 0
-37.7930527 144.9943085 359 0
-37.8057871 144.9551525 360 0
-37.8225594 144.9639816 361 1
-37.8256931 144.9886398 362 1
-37.8048668 144.9468308 363 1
-37.796361 144.9751625 364 0
-37.7972946 144.940979 365 0
-37.8060392 144.9393972 366 0
-37.7930183 144.9683304 367 0
-37.7956124 144.9708099 368 0
-37.7945503 144.9709686 369 0
-37.8011923 144.9519768 370 0
-37.8055487 144.9486656 371 1
-37.8180656 144.994423 372 0
-37.7985782 144.9665451 373 0
-37.8241711 144.9851113 374 0
-37.8252334 144.9940338 375 0
-37.8007189 144.9439087 376 0
-37.8206577 144.9416809 377 0
-37.8065576 144.9475441 378 0
-37.7994633 144.9487458 379 0
-37.79566 144.9879608 380 0
-37.8045969 144.9441872 381 0
-37.7934647 144.9475288 382 0
-37.7971821 144.9517364 383 0
-37.8070584 144.9666519 384 0
-37.8258305 144.9404907 385 0
-37.8230686 144.9652404 386 0
508
251 134 369.884309842875 16.67 3 3 2 3
1 0 0 0 1 0 0 0 1
1 0 0 0 1 0 0 0 1
251 181 126.15578505835495 16.67 3 3 4 5
1 0 0 0 1 0 0 0 1
1 0 0 0 1 0 0 0 1
251 153 821.2663567021222 16.67 3 3 6 7
1 0 0 0 1 0 0 0 1
1 0 0 0 1 0 0 0 1
252 332 250.6319345916407 16.67 3 3 8 9
1 0 0 0 1 0 0 0 1
1 0 0 0 1 0 0 0 1
252 252 0.0 16.67 3 3 10 11
1 0 0 0 1 0 0 0 1
1 0 0 0 1 0 0 0 1
252 372 106.5102226068242 16.67 3 3 12 13
1 0 0 0 1 0 0 0 1
1 0 0 0 1 0 0 0 1
253 92 168.59389495939226 16.67 3 3 14 15
1 0 0 0 1 0 0 0 1
1 0 0 0 1 0 0 0 1
253 229 35.1114214099199 16.67 3 3 16 17
1 0 0 0 1 0 0 0 1
1 0 0 0 1 0 0 0 1
254 298 459.98635082619995 16.67 3 3 18 19
1 0 0 0 1 0 0 0 1
1 0 0 0 1 0 0 0 1
254 128 35.7751357346179 16.67 3 3 20 21
1 0 0 0 1 0 0 0 1
1 0 0 0 1 0 0 0 1
254 325 121.73396421222948 16.67 3 3 22 23
1 0 0 0 1 0 0 0 1
1 0 0 0 1 0 0 0 1
254 118 461.74925431916813 16.67 3 3 24 25
1 0 0 0 1 0 0 0 1
1 0 0 0 1 0 0 0 1
255 221 98.16319718304102 16.67 3 3 26 27
1 0 0 0 1 0 0 0 1
1 0 0 0 1 0 0 0 1
255 354 159.3342703467047 16.67 3 3 28 29
1 0 0 0 1 0 0 0 1
1 0 0 0 1 0 0 0 1
255 205 83.4434803816683 16.67 3 3 30 31
1 0 0 0 1 0 0 0 1
1 0 0 0 1 0 0 0 1
255 157 93.1867974971128 16.67 3 3 32 33
1 0 0 0 1 0 0 0 1
1 0 0 0 1 0 0 0 1
256 36 53.826395463563685 16.67 3 3 34 35
1 0 0 0 1 0 0 0 1
1 0 0 0 1 0 0 0 1
256 316 73.23312436994749 16.67 3 3 36 37
1 0 0 0 1 0 0 0 1
1 0 0 0 1 0 0 0 1
257 283 49.767836784171465 16.67 3 3 38 39
1 0 0 0 1 0 0 0 1
1 0 0 0 1 0 0 0 1
257 261 121.81576713368491 16.67 3 3 40 41
1 0 0 0 1 0 0 0 1
1 0 0 0 1 0 0 0 1
257 20 973.9885550675906 16.67 3 3 42 43
1 0 0 0 1 0 0 0 1
1 0 0 0 1 0 0 0 1
258 115 186.12884192834025 16.67 3 3 44 45
1 0 0 0 1 0 0 0 1
1 0 0 0 1 0 0 0 1
258 379 122.0677423465762 16.67 3 3 46 47
1 0 0 0 1 0 0 0 1
1 0 0 0 1 0 0 0 1
258 9 252.93775383602534 16.67 3 3 48 49
1 0 0 0 1 0 0 0 1
1 0 0 0 1 0 0 0 1
258 227 292.80900068253703 16.67 3 3 50 51
1 0 0 0 1 0 0 0 1
1 0 0 0 1 0 0 0 1
259 338 194.41234022406806 16.67 3 3 52 53
1 0 0 0 1 0 0 0 1
1 0 0 0 1 0 0 0 1
259 279 58.85499132546266 16.67 3 3 54 55
1 0 0 0 1 0 0 0 1
1 0 0 0 1 0 0 0 1
260 90 164.62169407362538 16.67 3 3 56 57
1 0 0 0 1 0 0 0 1
1 0 0 0 1 0 0 0 1
260 349 433.1834895031335 16.67 3 3 58 59
1 0 0 0 1 0 0 0 1
1 0 0 0 1 0 0 0 1
260 296 510.981475093055 16.67 3 3 60 61
1 0 0 0 1 0 0 0 1
1 0 0 0 1 0 0 0 1
261 74 182.64017523404704 16.67 3 3 62 63
1 0 0 0 1 0 0 0 1
1 0 0 0 1 0 0 0 1
261 296 121.18558909888566 16.67 3 3 64 65
1 0 0 0 1 0 0 0 1
1 0 0 0 1 0 0 0 1
262 142 167.0268534264161 16.67 3 3 66 67
1 0 0 0 1 0 0 0 1
1 0 0 0 1 0 0 0 1
262 302 1203.9493060314608 16.67 3 3 68 69
1 0 0 0 1 0 0 0 1
1 0 0 0 1 0 0 0 1
262 262 0.0 16.67 3 3 70 71
1 0 0 0 1 0 0 0 1
1 0 0 0 1 0 0 0 1
263 64 102.58588894483877 16.67 3 3 72 73
1 0 0 0 1 0 0 0 1
1 0 0 0 1 0 0 0 1
263 250 97.02366651433692 16.67 3 3 74 75
1 0 0 0 1 0 0 0 1
1 0 0 0 1 0 0 0 1
264 89 97.17693878200689 16.67 3 3 76 77
1 0 0 0 1 0 0 0 1
1 0 0 0 1 0 0 0 1
264 188 313.3879716483147 16.67 3 3 78 79
1 0 0 0 1 0 0 0 1
1 0 0 0 1 0 0 0 1
264 25 151.11718091525017 16.67 3 3 80 81
1 0 0 0 1 0 0 0 1
1 0 0 0 1 0 0 0 1
264 85 248.65359351947717 16.67 3 3 82 83
1 0 0 0 1 0 0 0 1
1 0 0 0 1 0 0 0 1
265 80 589.9153322995406 16.67 3 3 84 85
1 0 0 0 1 0 0 0 1
1 0 0 0 1 0 0 0 1
265 164 390.44171016854216 16.67 3 3 86 87
1 0 0 0 1 0 0 0 1
1 0 0 0 1 0 0 0 1
265 103 724.7557360118981 16.67 3 3 88 89
1 0 0 0 1 0 0 0 1
1 0 0 0 1 0 0 0 1
265 112 220.75297311047154 16.67 3 3 90 91
1 0 0 0 1 0 0 0 1
1 0 0 0 1 0 0 0 1
266 178 136.0728949115766 16.67 3 3 92 93
1 0 0 0 1 0 0 0 1
1 0 0 0 1 0 0 0 1
266 276 96.07819235043739 16.67 3 3 94 95
1 0 0 0 1 0 0 0 1
1 0 0 0 1 0 0 0 1
267 168 223.84731455447687 16.67 3 3 96 97
1 0 0 0 1 0 0 0 1
1 0 0 0 1 0 0 0 1
267 346 267.78629383181425 16.67 3 3 98 99
1 0 0 0 1 0 0 0 1
1 0 0 0 1 0 0 0 1
268 173 104.43685286891215 16.67 3 3 100 101
1 0 0 0 1 0 0 0 1
1 0 0 0 1 0 0 0 1
268 179 88.30099134678977 16.67 3 3 102 103
1 0 0 0 1 0 0 0 1
1 0 0 0 1 0 0 0 1
269 270 203.05979287730517 16.67 3 3 104 105
1 0 0 0 1 0 0 0 1
1 0 0 0 1 0 0 0 1
269 202 201.70115660735974 16.67 3 3 106 107
1 0 0 0 1 0 0 0 1
1 0 0 0 1 0 0 0 1
269 152 198.22613614508614 16.67 3 3 108 109
1 0 0 0 1 0 0 0 1
1 0 0 0 1 0 0 0 1
269 58 241.90099455896458 16.67 3 3 110 111
1 0 0 0 1 0 0 0 1
1 0 0 0 1 0 0 0 1
270 222 198.7165122088216 16.67 3 3 112 113
1 0 0 0 1 0 0 0 1
1 0 0 0 1 0 0 0 1
270 104 264.3003613775683 16.67 3 3 114 115
1 0 0 0 1 0 0 0 1
1 0 0 0 1 0 0 0 1
272 317 79.98490814312018 16.67 3 3 116 117
1 0 0 0 1 0 0 0 1
1 0 0 0 1 0 0 0 1
272 172 181.17500188517886 16.67 3 3 118 119
1 0 0 0 1 0 0 0 1
1 0 0 0 1 0 0 0 1
272 341 97.60413098799481 16.67 3 3 120 121
1 0 0 0 1 0 0 0 1
1 0 0 0 1 0 0 0 1
272 120 194.68387037883974 16.67 3 3 122 123
1 0 0 0 1 0 0 0 1
1 0 0 0 1 0 0 0 1
273 198 414.67528957107146 16.67 3 3 124 125
1 0 0 0 1 0 0 0 1
1 0 0 0 1 0 0 0 1
273 374 327.7369625876521 16.67 3 3 126 127
1 0 0 0 1 0 0 0 1
1 0 0 0 1 0 0 0 1
274 233 197.94697141589083 16.67 3 3 128 129
1 0 0 0 1 0 0 0 1
1 0 0 0 1 0 0 0 1
274 99 281.49634468517246 16.67 3 3 130 131
1 0 0 0 1 0 0 0 1
1 0 0 0 1 0 0 0 1
274 173 200.8134924428514 16.67 3 3 132 133
1 0 0 0 1 0 0 0 1
1 0 0 0 1 0 0 0 1
276 59 226.74045778431494 16.67 3 3 134 135
1 0 0 0 1 0 0 0 1
1 0 0 0 1 0 0 0 1
278 44 45.42769005010271 16.67 3 3 136 137
1 0 0 0 1 0 0 0 1
1 0 0 0 1 0 0 0 1
278 49 118.89876885296032 16.67 3 3 138 139
1 0 0 0 1 0 0 0 1
1 0 0 0 1 0 0 0 1
279 184 652.4425487442127 16.67 3 3 140 141
1 0 0 0 1 0 0 0 1
1 0 0 0 1 0 0 0 1
280 169 234.89640863071313 16.67 3 3 142 143
1 0 0 0 1 0 0 0 1
1 0 0 0 1 0 0 0 1
280 357 78.93378913197193 16.67 3 3 144 145
1 0 0 0 1 0 0 0 1
1 0 0 0 1 0 0 0 1
281 116 105.71506198854529 16.67 3 3 146 147
1 0 0 0 1 0 0 0 1
1 0 0 0 1 0 0 0 1
281 63 130.95342227675974 16.67 3 3 148 149
1 0 0 0 1 0 0 0 1
1 0 0 0 1 0 0 0 1
282 99 200.8770818199841 16.67 3 3 150 151
1 0 0 0 1 0 0 0 1
1 0 0 0 1 0 0 0 1
282 250 282.7720000673221 16.67 3 3 152 153
1 0 0 0 1 0 0 0 1
1 0 0 0 1 0 0 0 1
282 173 280.60380238085827 16.67 3 3 154 155
1 0 0 0 1 0 0 0 1
1 0 0 0 1 0 0 0 1
282 105 107.05366705734974 16.67 3 3 156 157
1 0 0 0 1 0 0 0 1
1 0 0 0 1 0 0 0 1
283 198 215.99110940908812 16.67 3 3 158 159
1 0 0 0 1 0 0 0 1
1 0 0 0 1 0 0 0 1
284 168 398.5954103350626 16.67 3 3 160 161
1 0 0 0 1 0 0 0 1
1 0 0 0 1 0 0 0 1
284 311 647.6964837649664 16.67 3 3 162 163
1 0 0 0 1 0 0 0 1
1 0 0 0 1 0 0 0 1
284 166 452.7251754408673 16.67 3 3 164 165
1 0 0 0 1 0 0 0 1
1 0 0 0 1 0 0 0 1
284 333 665.6949219644522 16.67 3 3 166 167
1 0 0 0 1 0 0 0 1
1 0 0 0 1 0 0 0 1
285 114 159.79409969545017 16.67 3 3 168 169
1 0 0 0 1 0 0 0 1
1 0 0 0 1 0 0 0 1
285 215 164.1401188914533 16.67 3 3 170 171
1 0 0 0 1 0 0 0 1
1 0 0 0 1 0 0 0 1
286 57 193.58800431049102 16.67 3 3 172 173
1 0 0 0 1 0 0 0 1
1 0 0 0 1 0 0 0 1
286 200 366.0987923422848 16.67 3 3 174 175
1 0 0 0 1 0 0 0 1
1 0 0 0 1 0 0 0 1
286 60 329.71935235604565 16.67 3 3 176 177
1 0 0 0 1 0 0 0 1
1 0 0 0 1 0 0 0 1
286 56 329.4277412523195 16.67 3 3 178 179
1 0 0 0 1 0 0 0 1
1 0 0 0 1 0 0 0 1
287 381 48.16049644011981 16.67 3 3 180 181
1 0 0 0 1 0 0 0 1
1 0 0 0 1 0 0 0 1
287 116 73.73097528774584 16.67 3 3 182 183
1 0 0 0 1 0 0 0 1
1 0 0 0 1 0 0 0 1
288 304 399.43017789214383 16.67 3 3 184 185
1 0 0 0 1 0 0 0 1
1 0 0 0 1 0 0 0 1
288 306 108.28746575738244 16.67 3 3 186 187
1 0 0 0 1 0 0 0 1
1 0 0 0 1 0 0 0 1
289 351 43.04725706492171 16.67 3 3 188 189
1 0 0 0 1 0 0 0 1
1 0 0 0 1 0 0 0 1
289 312 215.07766965402644 16.67 3 3 190 191
1 0 0 0 1 0 0 0 1
1 0 0 0 1 0 0 0 1
290 192 49.99500995034332 16.67 3 3 192 193
1 0 0 0 1 0 0 0 1
1 0 0 0 1 0 0 0 1
290 82 215.75290216825456 16.67 3 3 194 195
1 0 0 0 1 0 0 0 1
1 0 0 0 1 0 0 0 1
291 101 89.46595534082793 16.67 3 3 196 197
1 0 0 0 1 0 0 0 1
1 0 0 0 1 0 0 0 1
291 171 107.63005507607852 16.67 3 3 198 199
1 0 0 0 1 0 0 0 1
1 0 0 0 1 0 0 0 1
292 108 492.2642824775401 16.67 3 3 200 201
1 0 0 0 1 0 0 0 1
1 0 0 0 1 0 0 0 1
292 369 171.18369595519832 16.67 3 3 202 203
1 0 0 0 1 0 0 0 1
1 0 0 0 1 0 0 0 1
293 66 461.8441726277324 16.67 3 3 204 205
1 0 0 0 1 0 0 0 1
1 0 0 0 1 0 0 0 1
293 109 379.7945232205377 16.67 3 3 206 207
1 0 0 0 1 0 0 0 1
1 0 0 0 1 0 0 0 1
293 16 156.38522776480696 16.67 3 3 208 209
1 0 0 0 1 0 0 0 1
1 0 0 0 1 0 0 0 1
294 294 0.0 16.67 3 3 210 211
1 0 0 0 1 0 0 0 1
1 0 0 0 1 0 0 0 1
294 343 75.52076548019897 16.67 3 3 212 213
1 0 0 0 1 0 0 0 1
1 0 0 0 1 0 0 0 1
295 69 233.9201755682469 16.67 3 3 214 215
1 0 0 0 1 0 0 0 1
1 0 0 0 1 0 0 0 1
295 154 84.62343894624547 16.67 3 3 216 217
1 0 0 0 1 0 0 0 1
1 0 0 0 1 0 0 0 1
296 74 71.78859118125041 16.67 3 3 218 219
1 0 0 0 1 0 0 0 1
1 0 0 0 1 0 0 0 1
297 181 837.0419807231959 16.67 3 3 220 221
1 0 0 0 1 0 0 0 1
1 0 0 0 1 0 0 0 1
297 153 95.25782184855535 16.67 3 3 222 223
1 0 0 0 1 0 0 0 1
1 0 0 0 1 0 0 0 1
297 196 582.0045898919897 16.67 3 3 224 225
1 0 0 0 1 0 0 0 1
1 0 0 0 1 0 0 0 1
298 327 181.44544455975117 16.67 3 3 226 227
1 0 0 0 1 0 0 0 1
1 0 0 0 1 0 0 0 1
298 165 35.336541724827505 16.67 3 3 228 229
1 0 0 0 1 0 0 0 1
1 0 0 0 1 0 0 0 1
298 54 195.90331156132294 16.67 3 3 230 231
1 0 0 0 1 0 0 0 1
1 0 0 0 1 0 0 0 1
299 243 135.39632384416706 16.67 3 3 232 233
1 0 0 0 1 0 0 0 1
1 0 0 0 1 0 0 0 1
299 234 50.149201149785064 16.67 3 3 234 235
1 0 0 0 1 0 0 0 1
1 0 0 0 1 0 0 0 1
299 211 288.27564412716464 16.67 3 3 236 237
1 0 0 0 1 0 0 0 1
1 0 0 0 1 0 0 0 1
300 119 150.62023337092555 16.67 3 3 238 239
1 0 0 0 1 0 0 0 1
1 0 0 0 1 0 0 0 1
300 176 41.43074522685519 16.67 3 3 240 241
1 0 0 0 1 0 0 0 1
1 0 0 0 1 0 0 0 1
301 116 121.64295959947796 16.67 3 3 242 243
1 0 0 0 1 0 0 0 1
1 0 0 0 1 0 0 0 1
301 363 85.89285068439074 16.67 3 3 244 245
1 0 0 0 1 0 0 0 1
1 0 0 0 1 0 0 0 1
302 223 150.81635924486545 16.67 3 3 246 247
1 0 0 0 1 0 0 0 1
1 0 0 0 1 0 0 0 1
302 140 508.3278299763228 16.67 3 3 248 249
1 0 0 0 1 0 0 0 1
1 0 0 0 1 0 0 0 1
303 365 51.066923658776744 16.67 3 3 250 251
1 0 0 0 1 0 0 0 1
1 0 0 0 1 0 0 0 1
303 240 139.69041072140064 16.67 3 3 252 253
1 0 0 0 1 0 0 0 1
1 0 0 0 1 0 0 0 1
304 107 273.69770567821405 16.67 3 3 254 255
1 0 0 0 1 0 0 0 1
1 0 0 0 1 0 0 0 1
304 97 582.58100096696 16.67 3 3 256 257
1 0 0 0 1 0 0 0 1
1 0 0 0 1 0 0 0 1
304 86 203.1392053379607 16.67 3 3 258 259
1 0 0 0 1 0 0 0 1
1 0 0 0 1 0 0 0 1
306 230 300.47779075377446 16.67 3 3 260 261
1 0 0 0 1 0 0 0 1
1 0 0 0 1 0 0 0 1
306 153 585.3409540314341 16.67 3 3 262 263
1 0 0 0 1 0 0 0 1
1 0 0 0 1 0 0 0 1
306 196 95.30140828097842 16.67 3 3 264 265
1 0 0 0 1 0 0 0 1
1 0 0 0 1 0 0 0 1
307 52 257.16890905261147 16.67 3 3 266 267
1 0 0 0 1 0 0 0 1
1 0 0 0 1 0 0 0 1
307 87 257.1227793145822 16.67 3 3 268 269
1 0 0 0 1 0 0 0 1
1 0 0 0 1 0 0 0 1
308 49 383.50323862626607 16.67 3 3 270 271
1 0 0 0 1 0 0 0 1
1 0 0 0 1 0 0 0 1
308 62 224.1793248766686 16.67 3 3 272 273
1 0 0 0 1 0 0 0 1
1 0 0 0 1 0 0 0 1
309 384 74.61497812777056 16.67 3 3 274 275
1 0 0 0 1 0 0 0 1
1 0 0 0 1 0 0 0 1
309 355 80.34549184473664 16.67 3 3 276 277
1 0 0 0 1 0 0 0 1
1 0 0 0 1 0 0 0 1
310 10 59.584149974496256 16.67 3 3 278 279
1 0 0 0 1 0 0 0 1
1 0 0 0 1 0 0 0 1
310 151 105.91215636865219 16.67 3 3 280 281
1 0 0 0 1 0 0 0 1
1 0 0 0 1 0 0 0 1
311 328 443.01483727526 16.67 3 3 282 283
1 0 0 0 1 0 0 0 1
1 0 0 0 1 0 0 0 1
311 61 341.6996724774817 16.67 3 3 284 285
1 0 0 0 1 0 0 0 1
1 0 0 0 1 0 0 0 1
311 131 664.0024902075631 16.67 3 3 286 287
1 0 0 0 1 0 0 0 1
1 0 0 0 1 0 0 0 1
312 371 521.565932190794 16.67 3 3 288 289
1 0 0 0 1 0 0 0 1
1 0 0 0 1 0 0 0 1
312 161 328.435764517212 16.67 3 3 290 291
1 0 0 0 1 0 0 0 1
1 0 0 0 1 0 0 0 1
314 100 302.91955524379654 16.67 3 3 292 293
1 0 0 0 1 0 0 0 1
1 0 0 0 1 0 0 0 1
314 201 199.17862011922114 16.67 3 3 294 295
1 0 0 0 1 0 0 0 1
1 0 0 0 1 0 0 0 1
314 72 277.6070540493489 16.67 3 3 296 297
1 0 0 0 1 0 0 0 1
1 0 0 0 1 0 0 0 1
314 163 200.7437301859558 16.67 3 3 298 299
1 0 0 0 1 0 0 0 1
1 0 0 0 1 0 0 0 1
315 226 83.82666695280695 16.67 3 3 300 301
1 0 0 0 1 0 0 0 1
1 0 0 0 1 0 0 0 1
315 227 189.04274226837438 16.67 3 3 302 303
1 0 0 0 1 0 0 0 1
1 0 0 0 1 0 0 0 1
315 208 293.8135537609301 16.67 3 3 304 305
1 0 0 0 1 0 0 0 1
1 0 0 0 1 0 0 0 1
316 318 147.53382864235016 16.67 3 3 306 307
1 0 0 0 1 0 0 0 1
1 0 0 0 1 0 0 0 1
316 376 48.910596726455054 16.67 3 3 308 309
1 0 0 0 1 0 0 0 1
1 0 0 0 1 0 0 0 1
316 240 219.48905990581076 16.67 3 3 310 311
1 0 0 0 1 0 0 0 1
1 0 0 0 1 0 0 0 1
317 98 81.84608590281535 16.67 3 3 312 313
1 0 0 0 1 0 0 0 1
1 0 0 0 1 0 0 0 1
318 227 77.26808881597108 16.67 3 3 314 315
1 0 0 0 1 0 0 0 1
1 0 0 0 1 0 0 0 1
318 275 19.132941550544075 16.67 3 3 316 317
1 0 0 0 1 0 0 0 1
1 0 0 0 1 0 0 0 1
319 83 239.99852139147043 16.67 3 3 318 319
1 0 0 0 1 0 0 0 1
1 0 0 0 1 0 0 0 1
319 182 77.08908161581122 16.67 3 3 320 321
1 0 0 0 1 0 0 0 1
1 0 0 0 1 0 0 0 1
320 32 524.272999965693 16.67 3 3 322 323
1 0 0 0 1 0 0 0 1
1 0 0 0 1 0 0 0 1
320 352 253.06554121212136 16.67 3 3 324 325
1 0 0 0 1 0 0 0 1
1 0 0 0 1 0 0 0 1
320 375 70.47882523788056 16.67 3 3 326 327
1 0 0 0 1 0 0 0 1
1 0 0 0 1 0 0 0 1
321 323 25.15590464899293 16.67 3 3 328 329
1 0 0 0 1 0 0 0 1
1 0 0 0 1 0 0 0 1
321 209 27.501847219987187 16.67 3 3 330 331
1 0 0 0 1 0 0 0 1
1 0 0 0 1 0 0 0 1
322 97 699.3525983078642 16.67 3 3 332 333
1 0 0 0 1 0 0 0 1
1 0 0 0 1 0 0 0 1
322 138 165.57847780416736 16.67 3 3 334 335
1 0 0 0 1 0 0 0 1
1 0 0 0 1 0 0 0 1
322 140 125.31990030922883 16.67 3 3 336 337
1 0 0 0 1 0 0 0 1
1 0 0 0 1 0 0 0 1
323 245 35.68405854233861 16.67 3 3 338 339
1 0 0 0 1 0 0 0 1
1 0 0 0 1 0 0 0 1
324 334 71.70092232094565 16.67 3 3 340 341
1 0 0 0 1 0 0 0 1
1 0 0 0 1 0 0 0 1
324 340 97.21647004496627 16.67 3 3 342 343
1 0 0 0 1 0 0 0 1
1 0 0 0 1 0 0 0 1
326 118 631.5243622370909 16.67 3 3 344 345
1 0 0 0 1 0 0 0 1
1 0 0 0 1 0 0 0 1
326 199 62.31694200389534 16.67 3 3 346 347
1 0 0 0 1 0 0 0 1
1 0 0 0 1 0 0 0 1
326 46 344.2101384616581 16.67 3 3 348 349
1 0 0 0 1 0 0 0 1
1 0 0 0 1 0 0 0 1
326 247 64.5359544060246 16.67 3 3 350 351
1 0 0 0 1 0 0 0 1
1 0 0 0 1 0 0 0 1
328 242 274.2210849052694 16.67 3 3 352 353
1 0 0 0 1 0 0 0 1
1 0 0 0 1 0 0 0 1
328 46 30.207867033575543 16.67 3 3 354 355
1 0 0 0 1 0 0 0 1
1 0 0 0 1 0 0 0 1
328 199 340.1681230649457 16.67 3 3 356 357
1 0 0 0 1 0 0 0 1
1 0 0 0 1 0 0 0 1
329 59 108.49567376174865 16.67 3 3 358 359
1 0 0 0 1 0 0 0 1
1 0 0 0 1 0 0 0 1
329 205 51.13724459360036 16.67 3 3 360 361
1 0 0 0 1 0 0 0 1
1 0 0 0 1 0 0 0 1
331 79 128.76347729013216 16.67 3 3 362 363
1 0 0 0 1 0 0 0 1
1 0 0 0 1 0 0 0 1
331 94 45.77198629232707 16.67 3 3 364 365
1 0 0 0 1 0 0 0 1
1 0 0 0 1 0 0 0 1
331 24 233.70935376261744 16.67 3 3 366 367
1 0 0 0 1 0 0 0 1
1 0 0 0 1 0 0 0 1
332 140 149.8009820947773 16.67 3 3 368 369
1 0 0 0 1 0 0 0 1
1 0 0 0 1 0 0 0 1
333 193 398.6299208576872 16.67 3 3 370 371
1 0 0 0 1 0 0 0 1
1 0 0 0 1 0 0 0 1
333 189 159.0858226333296 16.67 3 3 372 373
1 0 0 0 1 0 0 0 1
1 0 0 0 1 0 0 0 1
333 131 640.3536550727058 16.67 3 3 374 375
1 0 0 0 1 0 0 0 1
1 0 0 0 1 0 0 0 1
334 57 141.60146158936385 16.67 3 3 376 377
1 0 0 0 1 0 0 0 1
1 0 0 0 1 0 0 0 1
335 64 98.21544292810101 16.67 3 3 378 379
1 0 0 0 1 0 0 0 1
1 0 0 0 1 0 0 0 1
335 203 100.92586485485236 16.67 3 3 380 381
1 0 0 0 1 0 0 0 1
1 0 0 0 1 0 0 0 1
27 38 4112.335853207915 16.67 3 3 382 383
1 0 0 0 1 0 0 0 1
1 0 0 0 1 0 0 0 1
27 14 1340.8820486795564 16.67 3 3 384 385
1 0 0 0 1 0 0 0 1
1 0 0 0 1 0 0 0 1
27 385 1205.5107189766536 16.67 3 3 386 387
1 0 0 0 1 0 0 0 1
1 0 0 0 1 0 0 0 1
336 45 86.87861537447269 16.67 3 3 388 389
1 0 0 0 1 0 0 0 1
1 0 0 0 1 0 0 0 1
336 120 71.42520386630264 16.67 3 3 390 391
1 0 0 0 1 0 0 0 1
1 0 0 0 1 0 0 0 1
337 220 62.76816265891269 16.67 3 3 392 393
1 0 0 0 1 0 0 0 1
1 0 0 0 1 0 0 0 1
337 187 75.75149997067679 16.67 3 3 394 395
1 0 0 0 1 0 0 0 1
1 0 0 0 1 0 0 0 1
338 164 332.68095278513147 16.67 3 3 396 397
1 0 0 0 1 0 0 0 1
1 0 0 0 1 0 0 0 1
339 380 207.75335413544997 16.67 3 3 398 399
1 0 0 0 1 0 0 0 1
1 0 0 0 1 0 0 0 1
339 61 118.4917440080557 16.67 3 3 400 401
1 0 0 0 1 0 0 0 1
1 0 0 0 1 0 0 0 1
340 346 138.4007915544315 16.67 3 3 402 403
1 0 0 0 1 0 0 0 1
1 0 0 0 1 0 0 0 1
340 56 176.4922110965009 16.67 3 3 404 405
1 0 0 0 1 0 0 0 1
1 0 0 0 1 0 0 0 1
341 177 67.70426321191228 16.67 3 3 406 407
1 0 0 0 1 0 0 0 1
1 0 0 0 1 0 0 0 1
343 365 31.625751600266543 16.67 3 3 408 409
1 0 0 0 1 0 0 0 1
1 0 0 0 1 0 0 0 1
344 195 79.73492585927288 16.67 3 3 410 411
1 0 0 0 1 0 0 0 1
1 0 0 0 1 0 0 0 1
344 137 107.40565467530769 16.67 3 3 412 413
1 0 0 0 1 0 0 0 1
1 0 0 0 1 0 0 0 1
345 369 34.794261036275785 16.67 3 3 414 415
1 0 0 0 1 0 0 0 1
1 0 0 0 1 0 0 0 1
345 368 60.189158723893044 16.67 3 3 416 417
1 0 0 0 1 0 0 0 1
1 0 0 0 1 0 0 0 1
346 147 112.00583118291772 16.67 3 3 418 419
1 0 0 0 1 0 0 0 1
1 0 0 0 1 0 0 0 1
346 56 313.4429844547725 16.67 3 3 420 421
1 0 0 0 1 0 0 0 1
1 0 0 0 1 0 0 0 1
348 152 205.75541447024082 16.67 3 3 422 423
1 0 0 0 1 0 0 0 1
1 0 0 0 1 0 0 0 1
348 109 191.46085334786707 16.67 3 3 424 425
1 0 0 0 1 0 0 0 1
1 0 0 0 1 0 0 0 1
348 203 276.88165933768636 16.67 3 3 426 427
1 0 0 0 1 0 0 0 1
1 0 0 0 1 0 0 0 1
349 241 190.12150862115612 16.67 3 3 428 429
1 0 0 0 1 0 0 0 1
1 0 0 0 1 0 0 0 1
349 90 268.97563191974825 16.67 3 3 430 431
1 0 0 0 1 0 0 0 1
1 0 0 0 1 0 0 0 1
349 361 216.41782586894004 16.67 3 3 432 433
1 0 0 0 1 0 0 0 1
1 0 0 0 1 0 0 0 1
350 181 630.6012931305402 16.67 3 3 434 435
1 0 0 0 1 0 0 0 1
1 0 0 0 1 0 0 0 1
350 11 219.26018123968782 16.67 3 3 436 437
1 0 0 0 1 0 0 0 1
1 0 0 0 1 0 0 0 1
350 158 340.3249682412358 16.67 3 3 438 439
1 0 0 0 1 0 0 0 1
1 0 0 0 1 0 0 0 1
351 156 429.93621573681156 16.67 3 3 440 441
1 0 0 0 1 0 0 0 1
1 0 0 0 1 0 0 0 1
351 103 302.0312109613763 16.67 3 3 442 443
1 0 0 0 1 0 0 0 1
1 0 0 0 1 0 0 0 1
352 26 42.87611811997407 16.67 3 3 444 445
1 0 0 0 1 0 0 0 1
1 0 0 0 1 0 0 0 1
352 19 293.9634179040485 16.67 3 3 446 447
1 0 0 0 1 0 0 0 1
1 0 0 0 1 0 0 0 1
353 353 0.0 16.67 3 3 448 449
1 0 0 0 1 0 0 0 1
1 0 0 0 1 0 0 0 1
353 218 89.9599832052936 16.67 3 3 450 451
1 0 0 0 1 0 0 0 1
1 0 0 0 1 0 0 0 1
354 187 708.2141560688425 16.67 3 3 452 453
1 0 0 0 1 0 0 0 1
1 0 0 0 1 0 0 0 1
354 28 42.27588549078115 16.67 3 3 454 455
1 0 0 0 1 0 0 0 1
1 0 0 0 1 0 0 0 1
355 159 97.64959324267707 16.67 3 3 456 457
1 0 0 0 1 0 0 0 1
1 0 0 0 1 0 0 0 1
357 133 70.09431246269169 16.67 3 3 458 459
1 0 0 0 1 0 0 0 1
1 0 0 0 1 0 0 0 1
358 230 133.49817551469377 16.67 3 3 460 461
1 0 0 0 1 0 0 0 1
1 0 0 0 1 0 0 0 1
358 100 198.25406099272956 16.67 3 3 462 463
1 0 0 0 1 0 0 0 1
1 0 0 0 1 0 0 0 1
360 101 90.22701474823653 16.67 3 3 464 465
1 0 0 0 1 0 0 0 1
1 0 0 0 1 0 0 0 1
360 172 329.39465747090765 16.67 3 3 466 467
1 0 0 0 1 0 0 0 1
1 0 0 0 1 0 0 0 1
361 241 30.66028508063924 16.67 3 3 468 469
1 0 0 0 1 0 0 0 1
1 0 0 0 1 0 0 0 1
361 133 189.37717135660657 16.67 3 3 470 471
1 0 0 0 1 0 0 0 1
1 0 0 0 1 0 0 0 1
362 37 150.57469523333992 16.67 3 3 472 473
1 0 0 0 1 0 0 0 1
1 0 0 0 1 0 0 0 1
362 102 98.50301382660103 16.67 3 3 474 475
1 0 0 0 1 0 0 0 1
1 0 0 0 1 0 0 0 1
362 223 83.46669238767106 16.67 3 3 476 477
1 0 0 0 1 0 0 0 1
1 0 0 0 1 0 0 0 1
363 96 112.47166311322538 16.67 3 3 478 479
1 0 0 0 1 0 0 0 1
1 0 0 0 1 0 0 0 1
363 371 212.6475159779173 16.67 3 3 480 481
1 0 0 0 1 0 0 0 1
1 0 0 0 1 0 0 0 1
364 168 144.11994167887772 16.67 3 3 482 483
1 0 0 0 1 0 0 0 1
1 0 0 0 1 0 0 0 1
364 108 302.7307969094803 16.67 3 3 484 485
1 0 0 0 1 0 0 0 1
1 0 0 0 1 0 0 0 1
370 239 68.49505520250993 16.67 3 3 486 487
1 0 0 0 1 0 0 0 1
1 0 0 0 1 0 0 0 1
370 120 110.21462127998579 16.67 3 3 488 489
1 0 0 0 1 0 0 0 1
1 0 0 0 1 0 0 0 1
371 378 153.00551521202144 16.67 3 3 490 491
1 0 0 0 1 0 0 0 1
1 0 0 0 1 0 0 0 1
373 57 86.16794402819573 16.67 3 3 492 493
1 0 0 0 1 0 0 0 1
1 0 0 0 1 0 0 0 1
373 217 82.30611674378251 16.67 3 3 494 495
1 0 0 0 1 0 0 0 1
1 0 0 0 1 0 0 0 1
374 223 399.6706526633618 16.67 3 3 496 497
1 0 0 0 1 0 0 0 1
1 0 0 0 1 0 0 0 1
376 209 61.90876932109737 16.67 3 3 498 499
1 0 0 0 1 0 0 0 1
1 0 0 0 1 0 0 0 1
378 156 71.04299874600376 16.67 3 3 500 501
1 0 0 0 1 0 0 0 1
1 0 0 0 1 0 0 0 1
379 208 84.79100166024152 16.67 3 3 502 503
1 0 0 0 1 0 0 0 1
1 0 0 0 1 0 0 0 1
380 199 99.01195522411413 16.67 3 3 504 505
1 0 0 0 1 0 0 0 1
1 0 0 0 1 0 0 0 1
381 137 113.73120010141253 16.67 3 3 506 507
1 0 0 0 1 0 0 0 1
1 0 0 0 1 0 0 0 1
383 187 76.28256553464318 16.67 3 3 508 509
1 0 0 0 1 0 0 0 1
1 0 0 0 1 0 0 0 1
383 125 444.69491433273726 16.67 3 3 510 511
1 0 0 0 1 0 0 0 1
1 0 0 0 1 0 0 0 1
384 216 88.5417487236888 16.67 3 3 512 513
1 0 0 0 1 0 0 0 1
1 0 0 0 1 0 0 0 1
386 241 116.51441113547725 16.67 3 3 514 515
1 0 0 0 1 0 0 0 1
1 0 0 0 1 0 0 0 1
386 129 242.80918193605962 16.67 3 3 516 517
1 0 0 0 1 0 0 0 1
1 0 0 0 1 0 0 0 1
11 207 618.7003931742731 16.67 3 3 518 519
1 0 0 0 1 0 0 0 1
1 0 0 0 1 0 0 0 1
11 131 348.3517973561921 16.67 3 3 520 521
1 0 0 0 1 0 0 0 1
1 0 0 0 1 0 0 0 1
11 113 193.76654177891723 16.67 3 3 522 523
1 0 0 0 1 0 0 0 1
1 0 0 0 1 0 0 0 1
22 52 363.6685840871741 16.67 3 3 524 525
1 0 0 0 1 0 0 0 1
1 0 0 0 1 0 0 0 1
22 231 431.59637895689366 16.67 3 3 526 527
1 0 0 0 1 0 0 0 1
1 0 0 0 1 0 0 0 1
22 24 436.01005733983754 16.67 3 3 528 529
1 0 0 0 1 0 0 0 1
1 0 0 0 1 0 0 0 1
16 123 203.99755682603248 16.67 3 3 530 531
1 0 0 0 1 0 0 0 1
1 0 0 0 1 0 0 0 1
9 239 65.5658353825779 16.67 3 3 532 533
1 0 0 0 1 0 0 0 1
1 0 0 0 1 0 0 0 1
24 231 19.482564637772345 16.67 3 3 534 535
1 0 0 0 1 0 0 0 1
1 0 0 0 1 0 0 0 1
25 80 184.1784693385312 16.67 3 3 536 537
1 0 0 0 1 0 0 0 1
1 0 0 0 1 0 0 0 1
26 102 206.11365918116843 16.67 3 3 538 539
1 0 0 0 1 0 0 0 1
1 0 0 0 1 0 0 0 1
40 111 379.64836566901806 16.67 3 3 540 541
1 0 0 0 1 0 0 0 1
1 0 0 0 1 0 0 0 1
40 93 31.64387180787217 16.67 3 3 542 543
1 0 0 0 1 0 0 0 1
1 0 0 0 1 0 0 0 1
40 188 783.2944034591146 16.67 3 3 544 545
1 0 0 0 1 0 0 0 1
1 0 0 0 1 0 0 0 1
41 79 425.1150513856449 16.67 3 3 546 547
1 0 0 0 1 0 0 0 1
1 0 0 0 1 0 0 0 1
41 111 301.35288810107403 16.67 3 3 548 549
1 0 0 0 1 0 0 0 1
1 0 0 0 1 0 0 0 1
41 202 267.98948657968106 16.67 3 3 550 551
1 0 0 0 1 0 0 0 1
1 0 0 0 1 0 0 0 1
41 51 211.86306577592498 16.67 3 3 552 553
1 0 0 0 1 0 0 0 1
1 0 0 0 1 0 0 0 1
42 185 16.874515335335566 16.67 3 3 554 555
1 0 0 0 1 0 0 0 1
1 0 0 0 1 0 0 0 1
42 159 211.7575251757995 16.67 3 3 556 557
1 0 0 0 1 0 0 0 1
1 0 0 0 1 0 0 0 1
42 48 279.3786573050872 16.67 3 3 558 559
1 0 0 0 1 0 0 0 1
1 0 0 0 1 0 0 0 1
43 81 188.16962907618245 16.67 3 3 560 561
1 0 0 0 1 0 0 0 1
1 0 0 0 1 0 0 0 1
43 145 201.56030310106925 16.67 3 3 562 563
1 0 0 0 1 0 0 0 1
1 0 0 0 1 0 0 0 1
43 184 148.49946188811086 16.67 3 3 564 565
1 0 0 0 1 0 0 0 1
1 0 0 0 1 0 0 0 1
43 51 619.4527446227811 16.67 3 3 566 567
1 0 0 0 1 0 0 0 1
1 0 0 0 1 0 0 0 1
44 142 540.6664800840713 16.67 3 3 568 569
1 0 0 0 1 0 0 0 1
1 0 0 0 1 0 0 0 1
44 107 98.43131863816015 16.67 3 3 570 571
1 0 0 0 1 0 0 0 1
1 0 0 0 1 0 0 0 1
45 125 131.9071215567338 16.67 3 3 572 573
1 0 0 0 1 0 0 0 1
1 0 0 0 1 0 0 0 1
46 242 277.510873123044 16.67 3 3 574 575
1 0 0 0 1 0 0 0 1
1 0 0 0 1 0 0 0 1
47 110 413.5811358120785 16.67 3 3 576 577
1 0 0 0 1 0 0 0 1
1 0 0 0 1 0 0 0 1
47 233 199.5723538706391 16.67 3 3 578 579
1 0 0 0 1 0 0 0 1
1 0 0 0 1 0 0 0 1
47 117 280.8180489216469 16.67 3 3 580 581
1 0 0 0 1 0 0 0 1
1 0 0 0 1 0 0 0 1
47 132 564.9930480119313 16.67 3 3 582 583
1 0 0 0 1 0 0 0 1
1 0 0 0 1 0 0 0 1
48 78 269.7571398627232 16.67 3 3 584 585
1 0 0 0 1 0 0 0 1
1 0 0 0 1 0 0 0 1
48 100 183.93475158522273 16.67 3 3 586 587
1 0 0 0 1 0 0 0 1
1 0 0 0 1 0 0 0 1
48 185 278.2549030889555 16.67 3 3 588 589
1 0 0 0 1 0 0 0 1
1 0 0 0 1 0 0 0 1
49 107 260.9927902641104 16.67 3 3 590 591
1 0 0 0 1 0 0 0 1
1 0 0 0 1 0 0 0 1
49 124 312.67095959024374 16.67 3 3 592 593
1 0 0 0 1 0 0 0 1
1 0 0 0 1 0 0 0 1
50 125 252.64136262762545 16.67 3 3 594 595
1 0 0 0 1 0 0 0 1
1 0 0 0 1 0 0 0 1
50 171 241.6786818855481 16.67 3 3 596 597
1 0 0 0 1 0 0 0 1
1 0 0 0 1 0 0 0 1
50 178 138.01688599127132 16.67 3 3 598 599
1 0 0 0 1 0 0 0 1
1 0 0 0 1 0 0 0 1
50 197 145.74385935375713 16.67 3 3 600 601
1 0 0 0 1 0 0 0 1
1 0 0 0 1 0 0 0 1
51 104 195.60489294270775 16.67 3 3 602 603
1 0 0 0 1 0 0 0 1
1 0 0 0 1 0 0 0 1
52 145 406.8428679301982 16.67 3 3 604 605
1 0 0 0 1 0 0 0 1
1 0 0 0 1 0 0 0 1
52 126 154.2014123425773 16.67 3 3 606 607
1 0 0 0 1 0 0 0 1
1 0 0 0 1 0 0 0 1
53 134 140.61866913260758 16.67 3 3 608 609
1 0 0 0 1 0 0 0 1
1 0 0 0 1 0 0 0 1
53 138 291.2295772517256 16.67 3 3 610 611
1 0 0 0 1 0 0 0 1
1 0 0 0 1 0 0 0 1
53 140 49.247588402813136 16.67 3 3 612 613
1 0 0 0 1 0 0 0 1
1 0 0 0 1 0 0 0 1
54 30 253.2720992358787 16.67 3 3 614 615
1 0 0 0 1 0 0 0 1
1 0 0 0 1 0 0 0 1
54 181 247.94102494791179 16.67 3 3 616 617
1 0 0 0 1 0 0 0 1
1 0 0 0 1 0 0 0 1
54 207 37.478770372433154 16.67 3 3 618 619
1 0 0 0 1 0 0 0 1
1 0 0 0 1 0 0 0 1
55 101 131.91997318872419 16.67 3 3 620 621
1 0 0 0 1 0 0 0 1
1 0 0 0 1 0 0 0 1
55 130 134.21127916754693 16.67 3 3 622 623
1 0 0 0 1 0 0 0 1
1 0 0 0 1 0 0 0 1
56 214 376.97087550086417 16.67 3 3 624 625
1 0 0 0 1 0 0 0 1
1 0 0 0 1 0 0 0 1
57 69 120.32812674920838 16.67 3 3 626 627
1 0 0 0 1 0 0 0 1
1 0 0 0 1 0 0 0 1
58 186 1011.4724604727695 16.67 3 3 628 629
1 0 0 0 1 0 0 0 1
1 0 0 0 1 0 0 0 1
58 95 269.13630369777246 16.67 3 3 630 631
1 0 0 0 1 0 0 0 1
1 0 0 0 1 0 0 0 1
59 178 458.8206860861988 16.67 3 3 632 633
1 0 0 0 1 0 0 0 1
1 0 0 0 1 0 0 0 1
59 157 74.36069833769709 16.67 3 3 634 635
1 0 0 0 1 0 0 0 1
1 0 0 0 1 0 0 0 1
60 246 186.06682427989583 16.67 3 3 636 637
1 0 0 0 1 0 0 0 1
1 0 0 0 1 0 0 0 1
60 215 372.28686083255155 16.67 3 3 638 639
1 0 0 0 1 0 0 0 1
1 0 0 0 1 0 0 0 1
60 154 325.1279459404244 16.67 3 3 640 641
1 0 0 0 1 0 0 0 1
1 0 0 0 1 0 0 0 1
61 356 336.9086166575334 16.67 3 3 642 643
1 0 0 0 1 0 0 0 1
1 0 0 0 1 0 0 0 1
61 113 463.22909457543324 16.67 3 3 644 645
1 0 0 0 1 0 0 0 1
1 0 0 0 1 0 0 0 1
62 198 313.89966880607426 16.67 3 3 646 647
1 0 0 0 1 0 0 0 1
1 0 0 0 1 0 0 0 1
63 115 289.4115279557713 16.67 3 3 648 649
1 0 0 0 1 0 0 0 1
1 0 0 0 1 0 0 0 1
63 227 192.1899996829546 16.67 3 3 650 651
1 0 0 0 1 0 0 0 1
1 0 0 0 1 0 0 0 1
63 175 114.89325855728505 16.67 3 3 652 653
1 0 0 0 1 0 0 0 1
1 0 0 0 1 0 0 0 1
64 152 273.66241002962795 16.67 3 3 654 655
1 0 0 0 1 0 0 0 1
1 0 0 0 1 0 0 0 1
64 99 281.4578804256874 16.67 3 3 656 657
1 0 0 0 1 0 0 0 1
1 0 0 0 1 0 0 0 1
36 212 88.27717318755164 16.67 3 3 658 659
1 0 0 0 1 0 0 0 1
1 0 0 0 1 0 0 0 1
65 182 269.7086035690556 16.67 3 3 660 661
1 0 0 0 1 0 0 0 1
1 0 0 0 1 0 0 0 1
65 243 564.0441575221374 16.67 3 3 662 663
1 0 0 0 1 0 0 0 1
1 0 0 0 1 0 0 0 1
65 124 281.407530917843 16.67 3 3 664 665
1 0 0 0 1 0 0 0 1
1 0 0 0 1 0 0 0 1
66 68 183.7256515633 16.67 3 3 666 667
1 0 0 0 1 0 0 0 1
1 0 0 0 1 0 0 0 1
66 167 170.03804598640156 16.67 3 3 668 669
1 0 0 0 1 0 0 0 1
1 0 0 0 1 0 0 0 1
66 96 153.11000834822028 16.67 3 3 670 671
1 0 0 0 1 0 0 0 1
1 0 0 0 1 0 0 0 1
67 229 89.26119255080305 16.67 3 3 672 673
1 0 0 0 1 0 0 0 1
1 0 0 0 1 0 0 0 1
67 230 92.95590544377825 16.67 3 3 674 675
1 0 0 0 1 0 0 0 1
1 0 0 0 1 0 0 0 1
68 115 162.52884898983277 16.67 3 3 676 677
1 0 0 0 1 0 0 0 1
1 0 0 0 1 0 0 0 1
68 98 169.75078708782425 16.67 3 3 678 679
1 0 0 0 1 0 0 0 1
1 0 0 0 1 0 0 0 1
69 180 115.25721819673267 16.67 3 3 680 681
1 0 0 0 1 0 0 0 1
1 0 0 0 1 0 0 0 1
69 147 221.98136500354553 16.67 3 3 682 683
1 0 0 0 1 0 0 0 1
1 0 0 0 1 0 0 0 1
70 121 73.62007420737945 16.67 3 3 684 685
1 0 0 0 1 0 0 0 1
1 0 0 0 1 0 0 0 1
70 83 312.6737735982385 16.67 3 3 686 687
1 0 0 0 1 0 0 0 1
1 0 0 0 1 0 0 0 1
71 15 346.587521849975 16.67 3 3 688 689
1 0 0 0 1 0 0 0 1
1 0 0 0 1 0 0 0 1
71 23 333.58365981157124 16.67 3 3 690 691
1 0 0 0 1 0 0 0 1
1 0 0 0 1 0 0 0 1
71 71 0.0 16.67 3 3 692 693
1 0 0 0 1 0 0 0 1
1 0 0 0 1 0 0 0 1
72 191 207.2272121266994 16.67 3 3 694 695
1 0 0 0 1 0 0 0 1
1 0 0 0 1 0 0 0 1
72 249 199.67586180823284 16.67 3 3 696 697
1 0 0 0 1 0 0 0 1
1 0 0 0 1 0 0 0 1
73 183 289.0979289066467 16.67 3 3 698 699
1 0 0 0 1 0 0 0 1
1 0 0 0 1 0 0 0 1
73 82 232.21744259454465 16.67 3 3 700 701
1 0 0 0 1 0 0 0 1
1 0 0 0 1 0 0 0 1
73 277 307.0694464013816 16.67 3 3 702 703
1 0 0 0 1 0 0 0 1
1 0 0 0 1 0 0 0 1
73 133 316.00239038864953 16.67 3 3 704 705
1 0 0 0 1 0 0 0 1
1 0 0 0 1 0 0 0 1
74 174 232.89390874156533 16.67 3 3 706 707
1 0 0 0 1 0 0 0 1
1 0 0 0 1 0 0 0 1
75 233 279.4499432820722 16.67 3 3 708 709
1 0 0 0 1 0 0 0 1
1 0 0 0 1 0 0 0 1
75 117 200.24340064568491 16.67 3 3 710 711
1 0 0 0 1 0 0 0 1
1 0 0 0 1 0 0 0 1
75 99 195.01097154209302 16.67 3 3 712 713
1 0 0 0 1 0 0 0 1
1 0 0 0 1 0 0 0 1
75 203 281.60932690029574 16.67 3 3 714 715
1 0 0 0 1 0 0 0 1
1 0 0 0 1 0 0 0 1
76 236 132.90304331042 16.67 3 3 716 717
1 0 0 0 1 0 0 0 1
1 0 0 0 1 0 0 0 1
76 160 195.09592187829563 16.67 3 3 718 719
1 0 0 0 1 0 0 0 1
1 0 0 0 1 0 0 0 1
76 1 122.19516078583204 16.67 3 3 720 721
1 0 0 0 1 0 0 0 1
1 0 0 0 1 0 0 0 1
77 97 384.67158656850194 16.67 3 3 722 723
1 0 0 0 1 0 0 0 1
1 0 0 0 1 0 0 0 1
77 86 54.848668435797265 16.67 3 3 724 725
1 0 0 0 1 0 0 0 1
1 0 0 0 1 0 0 0 1
78 228 46.752343553040674 16.67 3 3 726 727
1 0 0 0 1 0 0 0 1
1 0 0 0 1 0 0 0 1
78 230 103.30934625297981 16.67 3 3 728 729
1 0 0 0 1 0 0 0 1
1 0 0 0 1 0 0 0 1
79 192 165.63237416564317 16.67 3 3 730 731
1 0 0 0 1 0 0 0 1
1 0 0 0 1 0 0 0 1
79 204 137.15851630705671 16.67 3 3 732 733
1 0 0 0 1 0 0 0 1
1 0 0 0 1 0 0 0 1
80 103 135.20388524543156 16.67 3 3 734 735
1 0 0 0 1 0 0 0 1
1 0 0 0 1 0 0 0 1
81 164 210.88015299320296 16.67 3 3 736 737
1 0 0 0 1 0 0 0 1
1 0 0 0 1 0 0 0 1
81 93 198.51189009492117 16.67 3 3 738 739
1 0 0 0 1 0 0 0 1
1 0 0 0 1 0 0 0 1
82 211 55.145643137840956 16.67 3 3 740 741
1 0 0 0 1 0 0 0 1
1 0 0 0 1 0 0 0 1
83 136 496.8549090554843 16.67 3 3 742 743
1 0 0 0 1 0 0 0 1
1 0 0 0 1 0 0 0 1
83 182 313.0323728577814 16.67 3 3 744 745
1 0 0 0 1 0 0 0 1
1 0 0 0 1 0 0 0 1
84 155 147.93290661902324 16.67 3 3 746 747
1 0 0 0 1 0 0 0 1
1 0 0 0 1 0 0 0 1
84 234 70.8927986813192 16.67 3 3 748 749
1 0 0 0 1 0 0 0 1
1 0 0 0 1 0 0 0 1
85 103 286.10451565377895 16.67 3 3 750 751
1 0 0 0 1 0 0 0 1
1 0 0 0 1 0 0 0 1
85 176 442.8881305772465 16.67 3 3 752 753
1 0 0 0 1 0 0 0 1
1 0 0 0 1 0 0 0 1
86 142 57.91255401761263 16.67 3 3 754 755
1 0 0 0 1 0 0 0 1
1 0 0 0 1 0 0 0 1
86 97 379.6317053232968 16.67 3 3 756 757
1 0 0 0 1 0 0 0 1
1 0 0 0 1 0 0 0 1
87 88 277.6780802090519 16.67 3 3 758 759
1 0 0 0 1 0 0 0 1
1 0 0 0 1 0 0 0 1
20 248 111.73172475792532 16.67 3 3 760 761
1 0 0 0 1 0 0 0 1
1 0 0 0 1 0 0 0 1
89 119 196.7901485498835 16.67 3 3 762 763
1 0 0 0 1 0 0 0 1
1 0 0 0 1 0 0 0 1
88 127 144.86858890447954 16.67 3 3 764 765
1 0 0 0 1 0 0 0 1
1 0 0 0 1 0 0 0 1
90 129 232.94867587051726 16.67 3 3 766 767
1 0 0 0 1 0 0 0 1
1 0 0 0 1 0 0 0 1
91 189 51.975610459869145 16.67 3 3 768 769
1 0 0 0 1 0 0 0 1
1 0 0 0 1 0 0 0 1
91 158 645.4092802762423 16.67 3 3 770 771
1 0 0 0 1 0 0 0 1
1 0 0 0 1 0 0 0 1
92 107 202.6042540857086 16.67 3 3 772 773
1 0 0 0 1 0 0 0 1
1 0 0 0 1 0 0 0 1
92 100 323.2824038733348 16.67 3 3 774 775
1 0 0 0 1 0 0 0 1
1 0 0 0 1 0 0 0 1
92 163 275.09634554082123 16.67 3 3 776 777
1 0 0 0 1 0 0 0 1
1 0 0 0 1 0 0 0 1
93 112 840.9281832509474 16.67 3 3 778 779
1 0 0 0 1 0 0 0 1
1 0 0 0 1 0 0 0 1
93 145 373.2127077700742 16.67 3 3 780 781
1 0 0 0 1 0 0 0 1
1 0 0 0 1 0 0 0 1
94 231 187.7760060151954 16.67 3 3 782 783
1 0 0 0 1 0 0 0 1
1 0 0 0 1 0 0 0 1
95 155 138.76057819371798 16.67 3 3 784 785
1 0 0 0 1 0 0 0 1
1 0 0 0 1 0 0 0 1
95 211 266.49809062729764 16.67 3 3 786 787
1 0 0 0 1 0 0 0 1
1 0 0 0 1 0 0 0 1
96 115 181.02200444503248 16.67 3 3 788 789
1 0 0 0 1 0 0 0 1
1 0 0 0 1 0 0 0 1
101 123 232.0491410071346 16.67 3 3 790 791
1 0 0 0 1 0 0 0 1
1 0 0 0 1 0 0 0 1
102 223 27.866399349567818 16.67 3 3 792 793
1 0 0 0 1 0 0 0 1
1 0 0 0 1 0 0 0 1
104 206 201.12850941418216 16.67 3 3 794 795
1 0 0 0 1 0 0 0 1
1 0 0 0 1 0 0 0 1
105 243 95.59118636850963 16.67 3 3 796 797
1 0 0 0 1 0 0 0 1
1 0 0 0 1 0 0 0 1
106 110 215.4962651963074 16.67 3 3 798 799
1 0 0 0 1 0 0 0 1
1 0 0 0 1 0 0 0 1
106 149 166.0368447738452 16.67 3 3 800 801
1 0 0 0 1 0 0 0 1
1 0 0 0 1 0 0 0 1
108 305 227.72239864222726 16.67 3 3 802 803
1 0 0 0 1 0 0 0 1
1 0 0 0 1 0 0 0 1
108 166 398.74827811031014 16.67 3 3 804 805
1 0 0 0 1 0 0 0 1
1 0 0 0 1 0 0 0 1
109 238 267.07798333046736 16.67 3 3 806 807
1 0 0 0 1 0 0 0 1
1 0 0 0 1 0 0 0 1
110 130 127.88987224647846 16.67 3 3 808 809
1 0 0 0 1 0 0 0 1
1 0 0 0 1 0 0 0 1
110 224 223.988031757182 16.67 3 3 810 811
1 0 0 0 1 0 0 0 1
1 0 0 0 1 0 0 0 1
111 126 508.0735217970284 16.67 3 3 812 813
1 0 0 0 1 0 0 0 1
1 0 0 0 1 0 0 0 1
112 139 540.4490182148929 16.67 3 3 814 815
1 0 0 0 1 0 0 0 1
1 0 0 0 1 0 0 0 1
112 219 459.76121260750926 16.67 3 3 816 817
1 0 0 0 1 0 0 0 1
1 0 0 0 1 0 0 0 1
113 165 615.31922199359 16.67 3 3 818 819
1 0 0 0 1 0 0 0 1
1 0 0 0 1 0 0 0 1
114 224 210.70057157059756 16.67 3 3 820 821
1 0 0 0 1 0 0 0 1
1 0 0 0 1 0 0 0 1
116 156 268.5940610696007 16.67 3 3 822 823
1 0 0 0 1 0 0 0 1
1 0 0 0 1 0 0 0 1
117 238 282.6072748104219 16.67 3 3 824 825
1 0 0 0 1 0 0 0 1
1 0 0 0 1 0 0 0 1
118 128 481.4623090773615 16.67 3 3 826 827
1 0 0 0 1 0 0 0 1
1 0 0 0 1 0 0 0 1
118 35 50.712037979290564 16.67 3 3 828 829
1 0 0 0 1 0 0 0 1
1 0 0 0 1 0 0 0 1
119 10 188.82250642977084 16.67 3 3 830 831
1 0 0 0 1 0 0 0 1
1 0 0 0 1 0 0 0 1
120 135 347.15378898152323 16.67 3 3 832 833
1 0 0 0 1 0 0 0 1
1 0 0 0 1 0 0 0 1
121 237 201.4758023796355 16.67 3 3 834 835
1 0 0 0 1 0 0 0 1
1 0 0 0 1 0 0 0 1
121 141 204.232297044085 16.67 3 3 836 837
1 0 0 0 1 0 0 0 1
1 0 0 0 1 0 0 0 1
121 232 190.8368997798494 16.67 3 3 838 839
1 0 0 0 1 0 0 0 1
1 0 0 0 1 0 0 0 1
122 226 86.91291941754073 16.67 3 3 840 841
1 0 0 0 1 0 0 0 1
1 0 0 0 1 0 0 0 1
122 236 132.2367892698896 16.67 3 3 842 843
1 0 0 0 1 0 0 0 1
1 0 0 0 1 0 0 0 1
123 225 83.99731887632022 16.67 3 3 844 845
1 0 0 0 1 0 0 0 1
1 0 0 0 1 0 0 0 1
124 191 188.96785327005915 16.67 3 3 846 847
1 0 0 0 1 0 0 0 1
1 0 0 0 1 0 0 0 1
125 178 252.838961219582 16.67 3 3 848 849
1 0 0 0 1 0 0 0 1
1 0 0 0 1 0 0 0 1
128 33 265.2436598784931 16.67 3 3 850 851
1 0 0 0 1 0 0 0 1
1 0 0 0 1 0 0 0 1
128 165 451.05384153663687 16.67 3 3 852 853
1 0 0 0 1 0 0 0 1
1 0 0 0 1 0 0 0 1
129 190 87.11645069546978 16.67 3 3 854 855
1 0 0 0 1 0 0 0 1
1 0 0 0 1 0 0 0 1
131 158 211.53399374740698 16.67 3 3 856 857
1 0 0 0 1 0 0 0 1
1 0 0 0 1 0 0 0 1
132 216 174.4092736210466 16.67 3 3 858 859
1 0 0 0 1 0 0 0 1
1 0 0 0 1 0 0 0 1
132 159 290.49575386100014 16.67 3 3 860 861
1 0 0 0 1 0 0 0 1
1 0 0 0 1 0 0 0 1
132 249 201.00151238761242 16.67 3 3 862 863
1 0 0 0 1 0 0 0 1
1 0 0 0 1 0 0 0 1
133 241 211.49056327595332 16.67 3 3 864 865
1 0 0 0 1 0 0 0 1
1 0 0 0 1 0 0 0 1
134 146 392.93609529341956 16.67 3 3 866 867
1 0 0 0 1 0 0 0 1
1 0 0 0 1 0 0 0 1
134 13 389.7606545406872 16.67 3 3 868 869
1 0 0 0 1 0 0 0 1
1 0 0 0 1 0 0 0 1
135 177 165.70943446793194 16.67 3 3 870 871
1 0 0 0 1 0 0 0 1
1 0 0 0 1 0 0 0 1
135 171 93.37722873247242 16.67 3 3 872 873
1 0 0 0 1 0 0 0 1
1 0 0 0 1 0 0 0 1
137 5 447.6055450588371 16.67 3 3 874 875
1 0 0 0 1 0 0 0 1
1 0 0 0 1 0 0 0 1
143 155 98.8296928255984 16.67 3 3 878 879
1 0 0 0 1 0 0 0 1
1 0 0 0 1 0 0 0 1
143 234 100.77190091184528 16.67 3 3 880 881
1 0 0 0 1 0 0 0 1
1 0 0 0 1 0 0 0 1
144 8 52.241604912419696 16.67 3 3 882 883
1 0 0 0 1 0 0 0 1
1 0 0 0 1 0 0 0 1
144 183 96.31044862223214 16.67 3 3 884 885
1 0 0 0 1 0 0 0 1
1 0 0 0 1 0 0 0 1
144 4 48.42611242322561 16.67 3 3 886 887
1 0 0 0 1 0 0 0 1
1 0 0 0 1 0 0 0 1
146 6 345.3129976006067 16.67 3 3 888 889
1 0 0 0 1 0 0 0 1
1 0 0 0 1 0 0 0 1
148 248 76.48787227100135 16.67 3 3 890 891
1 0 0 0 1 0 0 0 1
1 0 0 0 1 0 0 0 1
148 17 71.7690908190743 16.67 3 3 892 893
1 0 0 0 1 0 0 0 1
1 0 0 0 1 0 0 0 1
149 150 165.24235685873094 16.67 3 3 894 895
1 0 0 0 1 0 0 0 1
1 0 0 0 1 0 0 0 1
149 215 183.76380683040128 16.67 3 3 896 897
1 0 0 0 1 0 0 0 1
1 0 0 0 1 0 0 0 1
150 216 164.74812998943563 16.67 3 3 898 899
1 0 0 0 1 0 0 0 1
1 0 0 0 1 0 0 0 1
151 213 150.40383718551902 16.67 3 3 900 901
1 0 0 0 1 0 0 0 1
1 0 0 0 1 0 0 0 1
154 246 139.69106927397442 16.67 3 3 902 903
1 0 0 0 1 0 0 0 1
1 0 0 0 1 0 0 0 1
155 250 104.59442739640484 16.67 3 3 904 905
1 0 0 0 1 0 0 0 1
1 0 0 0 1 0 0 0 1
159 185 215.8208050530426 16.67 3 3 906 907
1 0 0 0 1 0 0 0 1
1 0 0 0 1 0 0 0 1
160 187 319.3787469950952 16.67 3 3 908 909
1 0 0 0 1 0 0 0 1
1 0 0 0 1 0 0 0 1
160 382 175.43722131313504 16.67 3 3 910 911
1 0 0 0 1 0 0 0 1
1 0 0 0 1 0 0 0 1
161 222 198.92217791492456 16.67 3 3 912 913
1 0 0 0 1 0 0 0 1
1 0 0 0 1 0 0 0 1
163 191 279.68619026152663 16.67 3 3 914 915
1 0 0 0 1 0 0 0 1
1 0 0 0 1 0 0 0 1
164 184 192.9531341216238 16.67 3 3 916 917
1 0 0 0 1 0 0 0 1
1 0 0 0 1 0 0 0 1
165 207 209.0472926505961 16.67 3 3 918 919
1 0 0 0 1 0 0 0 1
1 0 0 0 1 0 0 0 1
166 235 68.31261428745073 16.67 3 3 920 921
1 0 0 0 1 0 0 0 1
1 0 0 0 1 0 0 0 1
166 242 374.73737147805616 16.67 3 3 922 923
1 0 0 0 1 0 0 0 1
1 0 0 0 1 0 0 0 1
167 172 164.2594303758821 16.67 3 3 924 925
1 0 0 0 1 0 0 0 1
1 0 0 0 1 0 0 0 1
167 271 138.68660000732012 16.67 3 3 926 927
1 0 0 0 1 0 0 0 1
1 0 0 0 1 0 0 0 1
168 193 668.2303033255558 16.67 3 3 928 929
1 0 0 0 1 0 0 0 1
1 0 0 0 1 0 0 0 1
169 194 101.19881088945733 16.67 3 3 930 931
1 0 0 0 1 0 0 0 1
1 0 0 0 1 0 0 0 1
171 224 236.25926256235144 16.67 3 3 932 933
1 0 0 0 1 0 0 0 1
1 0 0 0 1 0 0 0 1
173 191 567.2309288746789 16.67 3 3 934 935
1 0 0 0 1 0 0 0 1
1 0 0 0 1 0 0 0 1
175 245 107.3775983429585 16.67 3 3 936 937
1 0 0 0 1 0 0 0 1
1 0 0 0 1 0 0 0 1
176 213 448.135639431419 16.67 3 3 938 939
1 0 0 0 1 0 0 0 1
1 0 0 0 1 0 0 0 1
179 39 58.760962695172985 16.67 3 3 940 941
1 0 0 0 1 0 0 0 1
1 0 0 0 1 0 0 0 1
179 243 271.73217005251195 16.67 3 3 942 943
1 0 0 0 1 0 0 0 1
1 0 0 0 1 0 0 0 1
180 367 270.06589995074825 16.67 3 3 944 945
1 0 0 0 1 0 0 0 1
1 0 0 0 1 0 0 0 1
180 347 303.1080664076439 16.67 3 3 946 947
1 0 0 0 1 0 0 0 1
1 0 0 0 1 0 0 0 1
183 12 254.07438804237148 16.67 3 3 948 949
1 0 0 0 1 0 0 0 1
1 0 0 0 1 0 0 0 1
183 204 103.46777831197662 16.67 3 3 950 951
1 0 0 0 1 0 0 0 1
1 0 0 0 1 0 0 0 1
184 377 635.9823847350353 16.67 3 3 952 953
1 0 0 0 1 0 0 0 1
1 0 0 0 1 0 0 0 1
35 359 97.3914328900191 16.67 3 3 954 955
1 0 0 0 1 0 0 0 1
1 0 0 0 1 0 0 0 1
188 170 181.82483193222478 16.67 3 3 956 957
1 0 0 0 1 0 0 0 1
1 0 0 0 1 0 0 0 1
190 194 270.62841606458363 16.67 3 3 958 959
1 0 0 0 1 0 0 0 1
1 0 0 0 1 0 0 0 1
194 29 190.90091101854665 16.67 3 3 960 961
1 0 0 0 1 0 0 0 1
1 0 0 0 1 0 0 0 1
195 245 44.093116651723435 16.67 3 3 962 963
1 0 0 0 1 0 0 0 1
1 0 0 0 1 0 0 0 1
196 228 282.08096473748174 16.67 3 3 964 965
1 0 0 0 1 0 0 0 1
1 0 0 0 1 0 0 0 1
197 224 144.7913532188368 16.67 3 3 966 967
1 0 0 0 1 0 0 0 1
1 0 0 0 1 0 0 0 1
198 330 272.14745874516154 16.67 3 3 968 969
1 0 0 0 1 0 0 0 1
1 0 0 0 1 0 0 0 1
199 162 172.63026510818062 16.67 3 3 970 971
1 0 0 0 1 0 0 0 1
1 0 0 0 1 0 0 0 1
200 216 189.66611236328416 16.67 3 3 972 973
1 0 0 0 1 0 0 0 1
1 0 0 0 1 0 0 0 1
200 214 320.87608419188416 16.67 3 3 974 975
1 0 0 0 1 0 0 0 1
1 0 0 0 1 0 0 0 1
200 215 332.19672434081815 16.67 3 3 976 977
1 0 0 0 1 0 0 0 1
1 0 0 0 1 0 0 0 1
201 249 278.8820760659721 16.67 3 3 978 979
1 0 0 0 1 0 0 0 1
1 0 0 0 1 0 0 0 1
202 2 957.7404151176294 16.67 3 3 980 981
1 0 0 0 1 0 0 0 1
1 0 0 0 1 0 0 0 1
203 238 198.79602106252753 16.67 3 3 982 983
1 0 0 0 1 0 0 0 1
1 0 0 0 1 0 0 0 1
206 222 260.4555226698141 16.67 3 3 984 985
1 0 0 0 1 0 0 0 1
1 0 0 0 1 0 0 0 1
208 220 162.23070051170922 16.67 3 3 986 987
1 0 0 0 1 0 0 0 1
1 0 0 0 1 0 0 0 1
210 313 158.63831317936214 16.67 3 3 988 989
1 0 0 0 1 0 0 0 1
1 0 0 0 1 0 0 0 1
212 21 237.34701209125345 16.67 3 3 990 991
1 0 0 0 1 0 0 0 1
1 0 0 0 1 0 0 0 1
212 244 179.86255518056012 16.67 3 3 992 993
1 0 0 0 1 0 0 0 1
1 0 0 0 1 0 0 0 1
213 366 407.4043145700603 16.67 3 3 994 995
1 0 0 0 1 0 0 0 1
1 0 0 0 1 0 0 0 1
217 246 150.92795435641443 16.67 3 3 996 997
1 0 0 0 1 0 0 0 1
1 0 0 0 1 0 0 0 1
218 342 98.2487057996157 16.67 3 3 998 999
1 0 0 0 1 0 0 0 1
1 0 0 0 1 0 0 0 1
219 34 54.01477451297576 16.67 3 3 1000 1001
1 0 0 0 1 0 0 0 1
1 0 0 0 1 0 0 0 1
225 238 228.79402862484986 16.67 3 3 1002 1003
1 0 0 0 1 0 0 0 1
1 0 0 0 1 0 0 0 1
37 37 0.0 16.67 3 3 1004 1005
1 0 0 0 1 0 0 0 1
1 0 0 0 1 0 0 0 1
233 249 566.8670512207641 16.67 3 3 1006 1007
1 0 0 0 1 0 0 0 1
1 0 0 0 1 0 0 0 1
235 242 310.6702727543659 16.67 3 3 1008 1009
1 0 0 0 1 0 0 0 1
1 0 0 0 1 0 0 0 1
235 31 52.95120745966796 16.67 3 3 1010 1011
1 0 0 0 1 0 0 0 1
1 0 0 0 1 0 0 0 1
244 245 203.72005551088526 16.67 3 3 1012 1013
1 0 0 0 1 0 0 0 1
1 0 0 0 1 0 0 0 1
247 7 37.61379484486161 16.67 3 3 1014 1015
1 0 0 0 1 0 0 0 1
1 0 0 0 1 0 0 0 1
247 3 38.327110438426445 16.67 3 3 1016 1017
1 0 0 0 1 0 0 0 1
1 0 0 0 1 0 0 0 1
248 18 81.11089870285366 16.67 3 3 1018 1019
1 0 0 0 1 0 0 0 1
1 0 0 0 1 0 0 0 1
201
11 518 522 520 437
22 528 526 524 -1
24 367 534 529 -1
27 382 384 386 -1
37 1005 473 1004 -1
40 -1 544 542 540
41 550 552 548 546
42 558 554 556 -1
43 566 560 564 562
44 568 570 137 -1
46 349 -1 574 355
47 582 576 580 578
48 584 588 559 586
49 590 139 592 271
50 600 598 594 596
51 -1 602 567 553
52 604 606 267 525
53 -1 608 610 612
54 614 231 618 616
56 421 405 179 624
57 377 626 493 173
58 630 111 -1 628
59 359 634 135 632
60 177 636 640 638
61 642 401 285 644
63 648 650 652 149
64 656 379 654 73
65 664 -1 662 660
66 668 666 670 205
68 678 -1 676 667
69 682 680 215 627
71 688 690 692 693
72 297 696 -1 694
73 704 700 698 702
74 63 219 706 -1
75 708 710 714 712
76 718 -1 720 716
78 726 -1 585 728
79 730 547 363 732
80 734 537 85 -1
81 738 -1 736 561
82 -1 740 195 701
83 687 319 744 742
85 -1 752 83 750
86 756 259 754 725
90 57 -1 431 766
92 15 774 776 772
93 543 778 739 780
95 -1 784 631 786
96 671 788 479 -1
97 333 257 757 723
99 131 713 657 151
100 463 587 293 775
101 621 197 465 790
102 539 -1 792 475
103 443 751 735 89
104 115 794 -1 603
107 255 773 591 571
108 804 802 201 485
109 806 207 -1 425
110 799 810 808 577
111 549 541 812 -1
112 779 814 816 91
113 818 645 -1 523
115 677 45 649 789
116 243 147 183 822
117 581 -1 824 711
118 25 828 345 826
119 763 239 830 -1
120 832 391 489 123
121 834 685 836 838
123 -1 791 531 844
124 593 846 665 -1
125 848 511 573 595
128 21 827 850 852
129 -1 767 517 854
131 521 287 375 856
132 860 858 583 862
133 864 471 705 459
134 868 866 3 609
135 872 833 870 -1
137 507 413 -1 874
140 369 613 337 249
142 -1 755 569 67
144 882 884 -1 886
145 -1 781 563 605
149 894 896 801 -1
152 655 423 -1 109
153 7 223 263 -1
154 217 -1 641 902
155 879 904 747 785
156 501 -1 823 441
158 439 857 771 -1
159 557 457 861 906
160 908 910 719 -1
163 777 299 914 -1
164 737 87 397 916
165 229 853 819 918
166 922 920 805 165
167 924 926 669 -1
168 161 483 97 928
171 932 597 873 199
172 467 119 925 -1
173 934 133 155 101
176 753 -1 938 241
178 633 93 849 599
179 940 103 942 -1
180 944 946 -1 681
181 617 435 221 5
182 321 661 -1 745
183 699 950 948 885
184 565 917 141 952
185 589 -1 907 555
187 453 909 395 509
188 79 -1 956 545
191 915 695 935 847
194 -1 959 931 960
196 225 -1 964 265
198 125 647 159 968
199 970 347 357 505
200 974 175 976 972
202 -1 107 551 980
203 715 982 427 381
207 619 919 519 -1
208 986 -1 305 503
211 -1 237 787 741
212 659 -1 990 992
213 939 -1 994 901
215 977 639 171 897
216 513 973 899 859
222 -1 913 985 113
223 793 247 497 477
224 821 967 933 811
227 51 303 315 651
230 261 729 461 675
231 783 -1 527 535
233 1006 579 709 129
234 235 881 -1 749
235 1008 1010 921 -1
238 825 1003 807 983
241 515 429 469 865
242 575 1009 923 353
243 663 797 233 943
245 937 339 1013 963
246 997 903 -1 637
247 1016 1014 -1 351
248 891 -1 761 1018
249 979 863 1007 697
250 153 75 -1 905
251 -1 4 6 2
252 11 8 10 12
254 22 24 20 18
255 30 26 28 32
257 38 -1 40 42
258 48 46 50 44
260 60 -1 56 58
261 41 64 62 -1
262 71 66 70 68
264 82 76 78 80
265 88 84 90 86
269 110 108 104 106
270 -1 112 114 105
272 120 122 116 118
274 -1 128 130 132
282 154 150 152 156
284 162 164 160 166
286 178 172 176 174
293 208 204 -1 206
294 211 -1 210 212
296 65 -1 61 218
297 220 -1 224 222
298 226 19 228 230
299 232 -1 234 236
302 -1 248 69 246
304 256 185 254 258
306 262 264 260 187
311 284 282 163 286
312 -1 288 191 290
314 292 294 296 298
315 304 300 -1 302
316 306 310 37 308
318 314 307 316 -1
320 326 322 324 -1
322 336 334 332 -1
326 344 350 348 346
328 356 354 352 283
331 362 -1 364 366
333 374 167 370 372
340 -1 402 343 404
346 99 418 403 420
348 426 424 -1 422
349 59 430 432 428
350 434 436 438 -1
351 189 440 -1 442
352 325 -1 444 446
353 449 -1 448 450
354 29 454 452 -1
361 468 433 470 -1
362 474 476 -1 472
363 478 -1 245 480
371 289 -1 481 490
