41
47.0378113 8.2950993 1 0
47.0453606 8.3076096 2 1
47.0673561 8.2959757 3 0
47.0680008 8.3243055 4 0
47.0375862 8.3008547 5 0
47.0375137 8.2983208 6 0
47.0679359 8.2961082 7 0
47.0405045 8.3015661 8 1
47.0569382 8.2955961 9 0
47.0379868 8.2950869 10 0
47.0379753 8.3258705 11 0
47.0376778 8.3022947 12 0
47.0680275 8.316186 13 0
47.0399094 8.3009176 14 1
47.0533104 8.2948999 15 0
47.054703 8.311821 16 1
47.0457136 8.3089239 17 1
47.0658804 8.3231051 18 1
47.0432725 8.3036927 19 1
47.0488416 8.3063051 20 1
47.0492452 8.3022668 21 0
47.0611245 8.3067027 22 1
47.0502397 8.3093264 23 1
47.0575514 8.3099997 24 1
47.0615761 8.3087128 25 1
47.0453243 8.309119 26 0
47.0548131 8.312528 27 1
47.0519745 8.2978357 28 0
47.0387675 8.2977627 29 1
47.0477257 8.3040244 30 1
47.0462656 8.3098874 31 0
47.0389061 8.3008044 32 1
47.0577106 8.3347919 33 0
47.0676975 8.2956976 34 1
47.0609825 8.308822 35 1
47.051154 8.3010246 36 0
47.0601178 8.3029831 37 1
47.0454101 8.3084282 38 1
47.0438404 8.3122744 39 1
47.0499992 8.3087658 40 0
47.0621738 8.3094449 41 1
47
32 14 77.06925914442984 16.67 3 3 2 3
1 0 0 0 1 0 0 0 1
1 0 0 0 1 0 0 0 1
32 5 100.18382490841628 16.67 3 3 4 5
1 0 0 0 1 0 0 0 1
1 0 0 0 1 0 0 0 1
32 6 295.652977605072 16.67 3 3 6 7
1 0 0 0 1 0 0 0 1
1 0 0 0 1 0 0 0 1
34 34 0.0 16.67 3 3 8 9
1 0 0 0 1 0 0 0 1
1 0 0 0 1 0 0 0 1
34 7 49.10038855455391 16.67 3 3 10 11
1 0 0 0 1 0 0 0 1
1 0 0 0 1 0 0 0 1
34 3 40.311840127610054 16.67 3 3 12 13
1 0 0 0 1 0 0 0 1
1 0 0 0 1 0 0 0 1
35 24 291.04505437562756 16.67 3 3 14 15
1 0 0 0 1 0 0 0 1
1 0 0 0 1 0 0 0 1
35 25 46.577661316323315 16.67 3 3 16 17
1 0 0 0 1 0 0 0 1
1 0 0 0 1 0 0 0 1
35 22 235.9153105261934 16.67 3 3 18 19
1 0 0 0 1 0 0 0 1
1 0 0 0 1 0 0 0 1
36 28 360.01933300283076 16.67 3 3 20 21
1 0 0 0 1 0 0 0 1
1 0 0 0 1 0 0 0 1
36 21 199.9931044351221 16.67 3 3 22 23
1 0 0 0 1 0 0 0 1
1 0 0 0 1 0 0 0 1
14 8 85.05492103501274 16.67 3 3 24 25
1 0 0 0 1 0 0 0 1
1 0 0 0 1 0 0 0 1
14 29 361.3455246789649 16.67 3 3 26 27
1 0 0 0 1 0 0 0 1
1 0 0 0 1 0 0 0 1
2 19 463.4149253324728 16.67 3 3 28 29
1 0 0 0 1 0 0 0 1
1 0 0 0 1 0 0 0 1
2 38 91.1070258645201 16.67 3 3 30 31
1 0 0 0 1 0 0 0 1
1 0 0 0 1 0 0 0 1
2 17 148.58008635373506 16.67 3 3 32 33
1 0 0 0 1 0 0 0 1
1 0 0 0 1 0 0 0 1
37 3 952.8243603904727 16.67 3 3 34 35
1 0 0 0 1 0 0 0 1
1 0 0 0 1 0 0 0 1
37 9 856.0334989781592 16.67 3 3 36 37
1 0 0 0 1 0 0 0 1
1 0 0 0 1 0 0 0 1
37 22 420.5977125206772 16.67 3 3 38 39
1 0 0 0 1 0 0 0 1
1 0 0 0 1 0 0 0 1
38 26 77.09282883885086 16.67 3 3 40 41
1 0 0 0 1 0 0 0 1
1 0 0 0 1 0 0 0 1
38 17 59.72779073115516 16.67 3 3 42 43
1 0 0 0 1 0 0 0 1
1 0 0 0 1 0 0 0 1
16 23 437.37472774446564 16.67 3 3 44 45
1 0 0 0 1 0 0 0 1
1 0 0 0 1 0 0 0 1
16 24 295.95384684333203 16.67 3 3 46 47
1 0 0 0 1 0 0 0 1
1 0 0 0 1 0 0 0 1
16 27 79.06092446689199 16.67 3 3 48 49
1 0 0 0 1 0 0 0 1
1 0 0 0 1 0 0 0 1
17 39 398.70319496078884 16.67 3 3 50 51
1 0 0 0 1 0 0 0 1
1 0 0 0 1 0 0 0 1
17 20 375.4811303636883 16.67 3 3 52 53
1 0 0 0 1 0 0 0 1
1 0 0 0 1 0 0 0 1
18 41 1544.7667634290867 16.67 3 3 54 55
1 0 0 0 1 0 0 0 1
1 0 0 0 1 0 0 0 1
18 33 1439.4064449513344 16.67 3 3 56 57
1 0 0 0 1 0 0 0 1
1 0 0 0 1 0 0 0 1
18 4 208.84144199330174 16.67 3 3 58 59
1 0 0 0 1 0 0 0 1
1 0 0 0 1 0 0 0 1
19 8 316.10144745770276 16.67 3 3 60 61
1 0 0 0 1 0 0 0 1
1 0 0 0 1 0 0 0 1
19 30 339.46446598376224 16.67 3 3 62 63
1 0 0 0 1 0 0 0 1
1 0 0 0 1 0 0 0 1
39 26 368.4631806636227 16.67 3 3 64 65
1 0 0 0 1 0 0 0 1
1 0 0 0 1 0 0 0 1
39 11 1575.8811045219322 16.67 3 3 66 67
1 0 0 0 1 0 0 0 1
1 0 0 0 1 0 0 0 1
20 40 287.34820646948344 16.67 3 3 68 69
1 0 0 0 1 0 0 0 1
1 0 0 0 1 0 0 0 1
20 30 267.3407154242041 16.67 3 3 70 71
1 0 0 0 1 0 0 0 1
1 0 0 0 1 0 0 0 1
21 30 226.83770706742308 16.67 3 3 72 73
1 0 0 0 1 0 0 0 1
1 0 0 0 1 0 0 0 1
22 25 226.12940172730882 16.67 3 3 74 75
1 0 0 0 1 0 0 0 1
1 0 0 0 1 0 0 0 1
40 23 64.94839003046472 16.67 3 3 76 77
1 0 0 0 1 0 0 0 1
1 0 0 0 1 0 0 0 1
23 31 307.5044888641423 16.67 3 3 78 79
1 0 0 0 1 0 0 0 1
1 0 0 0 1 0 0 0 1
41 25 93.15406734638523 16.67 3 3 80 81
1 0 0 0 1 0 0 0 1
1 0 0 0 1 0 0 0 1
41 13 870.9528782208821 16.67 3 3 82 83
1 0 0 0 1 0 0 0 1
1 0 0 0 1 0 0 0 1
24 27 349.4002659040012 16.67 3 3 84 85
1 0 0 0 1 0 0 0 1
1 0 0 0 1 0 0 0 1
8 12 229.02316547154632 16.67 3 3 86 87
1 0 0 0 1 0 0 0 1
1 0 0 0 1 0 0 0 1
27 27 0.0 16.67 3 3 88 89
1 0 0 0 1 0 0 0 1
1 0 0 0 1 0 0 0 1
28 15 341.7963127905986 16.67 3 3 90 91
1 0 0 0 1 0 0 0 1
1 0 0 0 1 0 0 0 1
29 1 304.910994824996 16.67 3 3 92 93
1 0 0 0 1 0 0 0 1
1 0 0 0 1 0 0 0 1
29 10 303.3788217436471 16.67 3 3 94 95
1 0 0 0 1 0 0 0 1
1 0 0 0 1 0 0 0 1
22
2 30 32 28 -1
8 -1 61 25 86
14 24 -1 26 3
16 48 46 -1 44
17 50 52 33 43
18 56 58 54 -1
19 29 62 -1 60
20 68 -1 70 53
22 19 74 39 -1
23 -1 45 77 78
24 84 15 -1 47
25 81 -1 75 17
27 89 85 88 49
29 27 -1 94 92
30 71 -1 73 63
32 -1 2 6 4
34 9 10 8 12
35 -1 16 18 14
37 38 34 36 -1
38 40 42 31 -1
39 66 51 64 -1
41 55 82 80 -1
