2295
60 62 10
8
74 17 14 47 44 77 69 70
60 62 10
14
77 69 53 43 31 32 52 68 76 45 46 15 16 75
60 62 10
7
71 68 76 45 46 15 16
60 62 10
6
62 71 68 76 45 48
60 62 10
3
42 33 28
60 62 10
3
88 49 46
60 62 10
2
71 53
60 62 10
5
47 44 77 69 53
60 62 10
7
47 44 77 69 53 33 28
60 62 10
6
88 49 44 77 69 70
60 62 10
10
75 19 14 47 44 77 69 53 33 28
60 62 10
4
85 15 16 75
60 62 10
8
38 19 14 47 44 77 69 70
60 62 10
6
62 71 53 43 40 65
60 62 10
8
75 19 14 47 44 77 69 53
60 62 10
3
43 40 65
60 62 10
10
38 19 14 47 44 77 69 53 33 28
60 62 10
10
12 35 38 19 14 47 44 77 69 70
120 122 10
4
64 41 31 28
120 122 10
8
88 49 44 77 69 53 33 28
120 122 10
9
18 74 17 14 47 44 77 69 70
120 122 10
11
18 74 17 14 47 44 77 69 53 33 28
120 122 10
5
47 44 77 69 70
120 122 10
4
85 15 18 39
120 122 10
6
43 40 65 51 33 28
120 122 10
6
62 71 68 76 45 48
120 122 10
4
71 53 33 28
120 122 10
1
62
120 122 10
9
62 71 68 76 45 46 15 18 39
120 122 10
8
38 19 14 47 44 77 69 70
120 122 10
5
62 71 53 43 31
120 122 10
5
71 68 76 45 48
120 122 10
4
85 15 16 75
120 122 10
9
35 38 19 14 47 44 77 69 70
120 122 10
2
71 68
180 182 10
10
75 19 14 47 44 77 69 53 33 28
180 182 10
10
12 35 38 19 14 47 44 77 69 53
180 182 10
9
48 88 49 44 77 69 53 33 28
180 182 10
5
71 68 76 45 48
180 182 10
5
64 41 42 52 70
180 182 10
1
52
180 182 10
2
52 68
180 182 10
4
64 41 31 28
180 182 10
11
35 38 19 14 47 44 77 69 53 33 28
180 182 10
5
62 71 53 43 31
180 182 10
9
76 45 48 88 49 44 77 69 70
180 182 10
1
62
180 182 10
4
71 53 33 28
180 182 10
10
12 35 38 19 14 47 44 77 69 70
180 182 10
9
52 68 76 45 46 15 18 39 34
180 182 10
6
62 71 68 76 45 48
180 182 10
10
71 68 76 45 46 15 18 39 34 13
180 182 10
6
62 71 53 43 40 65
180 182 10
2
85 15
180 182 10
6
88 49 44 77 69 53
180 182 10
4
88 49 44 77
240 242 10
9
62 71 68 76 45 46 15 18 39
240 242 10
8
88 49 44 77 69 53 33 28
240 242 10
12
77 69 53 43 31 32 52 68 76 45 46 15
240 242 10
3
43 31 28
240 242 10
8
75 19 14 47 44 77 69 70
240 242 10
7
71 68 76 45 46 15 16
240 242 10
6
62 71 68 76 45 48
240 242 10
7
48 88 49 44 77 69 70
240 242 10
8
62 71 68 76 45 46 15 16
240 242 10
4
64 41 31 28
240 242 10
8
52 68 76 45 46 15 16 75
240 242 10
11
74 17 14 47 44 77 69 53 43 40 65
240 242 10
8
75 19 14 47 44 77 69 53
240 242 10
10
75 19 14 47 44 77 69 53 33 28
240 242 10
8
64 41 42 52 68 76 45 48
240 242 10
6
71 68 76 45 48 85
240 242 10
6
62 71 53 43 40 65
240 242 10
3
88 49 44
300 302 10
4
62 71 53 43
300 302 10
7
71 68 76 45 46 15 16
300 302 10
4
71 53 33 28
300 302 10
4
64 41 31 28
300 302 10
8
75 19 14 47 44 77 69 70
300 302 10
8
75 19 14 47 44 77 69 53
300 302 10
10
75 19 14 47 44 77 69 53 33 28
300 302 10
8
71 68 76 45 46 15 18 39
300 302 10
10
62 71 68 76 45 46 15 18 39 34
300 302 10
3
85 15 16
300 302 10
5
65 51 33 28 62
300 302 10
9
62 71 68 76 45 46 15 18 39
300 302 10
10
64 41 42 52 68 76 45 46 15 16
300 302 10
8
38 19 14 47 44 77 69 70
300 302 10
4
64 41 42 33
300 302 10
3
71 68 76
300 302 10
8
43 31 32 52 68 76 45 48
300 302 10
19
35 38 74 17 18 39 34 13 8 12 35 38 19 14 47 44 77 69 70
300 302 10
3
76 45 48
300 302 10
8
88 49 44 77 69 53 33 28
300 302 10
6
88 49 44 77 69 70
360 362 10
6
62 71 68 76 45 48
360 362 10
8
88 49 44 77 69 53 33 28
360 362 10
10
62 71 68 76 45 46 15 18 39 34
360 362 10
6
88 49 44 77 69 53
360 362 10
8
62 71 68 76 45 46 15 16
360 362 10
11
35 38 19 14 47 44 77 69 53 33 28
360 362 10
6
62 71 53 43 40 65
360 362 10
9
88 49 44 77 69 53 43 40 65
360 362 10
4
62 71 53 43
360 362 10
7
48 88 49 44 77 69 70
360 362 10
3
85 15 16
360 362 10
4
64 41 31 28
360 362 10
5
47 44 77 69 70
360 362 10
2
71 53
420 422 10
5
47 44 77 69 70
420 422 10
11
62 71 68 76 45 46 15 18 39 34 13
420 422 10
9
52 68 76 45 46 15 18 39 34
420 422 10
8
88 49 44 77 69 53 33 28
420 422 10
8
75 19 14 47 44 77 69 53
420 422 10
6
88 49 44 77 69 70
420 422 10
6
62 71 68 76 45 48
420 422 10
3
85 15 16
420 422 10
4
71 53 33 28
420 422 10
9
35 38 19 14 47 44 77 69 70
420 422 10
2
65 51
420 422 10
1
62
420 422 10
8
52 68 76 45 46 15 18 39
420 422 10
6
62 71 53 43 40 65
420 422 10
6
85 15 18 39 34 13
480 482 10
3
77 69 70
480 482 10
6
88 49 44 77 69 70
480 482 10
7
71 68 76 45 46 15 16
480 482 10
3
85 15 16
480 482 10
6
64 41 42 33 30 40
480 482 10
8
62 71 68 76 45 46 15 16
480 482 10
8
88 49 44 77 69 53 33 28
480 482 10
8
75 19 14 47 44 77 69 70
480 482 10
9
88 49 44 77 69 53 43 40 65
480 482 10
12
12 35 38 19 14 47 44 77 69 53 33 28
480 482 10
8
38 19 14 47 44 77 69 70
480 482 10
4
71 53 33 28
480 482 10
1
62
540 542 10
8
88 49 44 77 69 53 33 28
540 542 10
10
75 19 14 47 44 77 69 53 33 28
540 542 10
7
52 68 76 45 46 15 16
540 542 10
10
77 69 53 43 31 32 52 68 76 45
540 542 10
4
71 53 33 28
540 542 10
6
62 71 68 76 45 48
540 542 10
10
12 35 38 19 14 47 44 77 69 70
540 542 10
4
64 41 31 28
540 542 10
3
62 71 53
540 542 10
6
62 71 53 43 40 65
540 542 10
5
32 43 31 28 62
600 602 10
8
75 19 14 47 44 77 69 53
600 602 10
2
71 53
600 602 10
7
75 19 14 47 44 77 69
600 602 10
2
88 49
600 602 10
6
62 71 68 76 45 48
600 602 10
7
71 68 76 45 46 15 16
600 602 10
8
52 68 76 45 46 15 18 39
600 602 10
10
75 19 14 47 44 77 69 53 33 28
600 602 10
6
47 44 77 69 53 43
600 602 10
3
77 69 70
600 602 10
8
88 49 44 77 69 53 33 28
600 602 10
3
43 31 28
660 662 10
2
71 53
660 662 10
6
62 71 53 43 40 65
660 662 10
9
62 71 68 76 45 46 15 18 39
660 662 10
4
43 31 28 62
660 662 10
11
16 75 19 14 47 44 77 69 53 33 28
660 662 10
6
52 68 76 45 46 15
660 662 10
4
64 41 31 28
660 662 10
5
64 41 42 52 70
660 662 10
8
88 49 44 77 69 53 43 31
660 662 10
5
62 71 53 43 31
660 662 10
6
62 71 53 43 40 65
660 662 10
8
75 19 14 47 44 77 69 70
660 662 10
12
12 35 38 19 14 47 44 77 69 53 33 28
660 662 10
6
71 68 76 45 48 85
660 662 10
8
88 49 44 77 69 53 33 28
660 662 10
9
88 49 44 77 69 53 43 40 65
660 662 10
8
62 71 68 76 45 46 15 16
660 662 10
8
64 41 42 52 68 76 45 48
720 722 10
9
62 71 68 76 45 46 15 18 39
720 722 10
9
48 88 49 44 77 69 53 33 28
720 722 10
10
75 19 14 47 44 77 69 53 33 28
720 722 10
6
88 49 44 77 69 70
720 722 10
5
75 19 14 47 48
720 722 10
5
47 44 77 69 70
720 722 10
5
52 68 76 45 48
720 722 10
10
38 19 14 47 44 77 69 53 33 28
720 722 10
9
35 38 19 14 47 44 77 69 70
720 722 10
6
71 68 76 45 46 15
720 722 10
8
75 19 14 47 44 77 69 70
720 722 10
14
77 69 53 43 31 32 52 68 76 45 46 15 18 39
720 722 10
3
62 71 53
720 722 10
1
62
720 722 10
8
71 68 76 45 46 15 18 39
780 782 10
10
75 19 14 47 44 77 69 53 33 28
780 782 10
1
62
780 782 10
5
71 68 76 45 48
780 782 10
7
52 68 76 45 46 15 16
780 782 10
3
64 41 42
780 782 10
4
43 31 28 62
780 782 10
4
64 41 31 28
780 782 10
3
88 49 46
780 782 10
8
62 71 68 76 45 46 15 16
780 782 10
7
71 68 76 45 46 15 16
780 782 10
4
71 53 43 31
780 782 10
9
64 41 42 52 68 76 45 46 15
780 782 10
8
38 19 14 47 44 77 69 70
780 782 10
10
38 19 14 47 44 77 69 53 33 28
780 782 10
6
88 49 44 77 69 53
780 782 10
5
62 71 53 43 31
780 782 10
7
47 44 77 69 53 33 28
840 842 10
4
71 53 33 28
840 842 10
8
88 49 44 77 69 53 33 28
840 842 10
8
71 68 76 45 46 15 18 39
840 842 10
1
62
840 842 10
3
43 31 28
840 842 10
5
71 68 76 45 48
840 842 10
9
62 71 68 76 45 46 15 18 39
840 842 10
10
75 19 14 47 44 77 69 53 33 28
840 842 10
4
85 15 16 75
840 842 10
4
85 15 18 39
840 842 10
4
88 49 44 77
840 842 10
6
88 49 44 77 69 70
840 842 10
5
76 45 46 15 16
840 842 10
4
64 41 31 28
840 842 10
5
75 19 14 47 48
840 842 10
6
71 68 76 45 48 85
840 842 10
7
71 68 76 45 46 15 16
900 902 10
9
88 49 44 77 69 53 43 40 65
900 902 10
4
71 68 76 45
900 902 10
7
18 74 17 14 47 44 77
900 902 10
7
48 88 49 44 77 69 70
900 902 10
7
88 49 44 77 69 53 43
900 902 10
4
64 41 31 28
900 902 10
11
16 75 19 14 47 44 77 69 53 33 28
900 902 10
11
88 49 46 84 49 44 77 69 53 33 28
900 902 10
1
62
900 902 10
2
71 53
900 902 10
4
43 31 28 62
900 902 10
6
62 71 68 76 45 48
900 902 10
6
71 68 76 45 48 85
900 902 10
3
77 69 70
900 902 10
6
18 74 17 14 47 48
900 902 10
6
35 38 19 14 47 44
900 902 10
5
85 15 18 39 34
960 962 10
6
62 71 53 43 40 65
960 962 10
4
47 44 77 69
960 962 10
2
30 42
960 962 10
4
68 76 45 48
960 962 10
8
88 49 44 77 69 53 33 28
960 962 10
10
52 68 76 45 46 15 18 39 34 13
960 962 10
9
71 68 76 45 46 15 18 39 34
960 962 10
9
88 49 44 77 69 53 43 40 65
960 962 10
4
64 41 31 28
960 962 10
5
74 17 14 47 48
960 962 10
5
47 44 77 69 70
960 962 10
8
64 41 42 52 68 76 45 48
960 962 10
4
43 31 28 62
960 962 10
5
71 68 76 45 48
960 962 10
8
62 71 68 76 45 46 15 16
960 962 10
8
47 44 77 69 53 43 31 32
960 962 10
7
71 68 76 45 46 15 16
960 962 10
10
75 19 14 47 44 77 69 53 33 28
960 962 10
2
88 49
1020 1022 10
5
71 68 76 45 48
1020 1022 10
7
71 68 76 45 46 15 16
1020 1022 10
6
62 71 53 43 40 65
1020 1022 10
3
85 15 16
1020 1022 10
11
18 74 17 14 47 44 77 69 53 33 28
1020 1022 10
7
88 49 44 77 69 53 43
1020 1022 10
8
71 68 76 45 46 15 18 39
1020 1022 10
4
71 53 33 28
1020 1022 10
4
64 41 42 33
1020 1022 10
11
62 71 68 76 45 46 15 18 39 34 13
1020 1022 10
10
38 19 14 47 44 77 69 53 33 28
1020 1022 10
6
62 71 68 76 45 48
1020 1022 10
8
88 49 44 77 69 53 33 28
1020 1022 10
3
42 33 28
1020 1022 10
8
75 19 14 47 44 77 69 70
1020 1022 10
5
88 49 44 77 69
1020 1022 10
10
48 88 49 44 77 69 53 43 40 65
1020 1022 10
5
32 43 31 28 62
1080 1082 10
9
62 71 68 76 45 46 15 16 75
1080 1082 10
6
62 71 68 76 45 48
1080 1082 10
3
42 33 28
1080 1082 10
5
47 44 77 69 70
1080 1082 10
4
64 41 31 28
1080 1082 10
8
88 49 44 77 69 53 33 28
1080 1082 10
8
75 19 14 47 44 77 69 70
1080 1082 10
4
71 53 33 28
1080 1082 10
10
71 68 76 45 46 15 18 39 34 13
1080 1082 10
1
62
1080 1082 10
4
64 41 42 33
1080 1082 10
4
43 31 28 62
1080 1082 10
7
47 44 77 69 53 33 28
1080 1082 10
13
77 69 53 43 31 32 52 68 76 45 46 15 16
1080 1082 10
3
62 71 53
1080 1082 10
6
88 49 44 77 69 70
1080 1082 10
6
75 19 14 47 44 77
1140 1142 10
2
71 68
1140 1142 10
8
88 49 44 77 69 53 33 28
1140 1142 10
4
71 53 33 28
1140 1142 10
6
52 68 76 45 48 85
1140 1142 10
8
71 68 76 45 46 15 16 75
1140 1142 10
1
62
1140 1142 10
6
88 49 44 77 69 70
1140 1142 10
4
64 41 31 28
1140 1142 10
3
43 31 28
1140 1142 10
8
64 41 42 52 68 76 45 48
1140 1142 10
8
62 71 68 76 45 46 15 16
1140 1142 10
11
18 74 17 14 47 44 77 69 53 33 28
1140 1142 10
6
52 68 76 45 46 15
1200 1202 10
5
62 71 53 43 31
1200 1202 10
4
52 68 76 45
1200 1202 10
8
62 71 68 76 45 46 15 16
1200 1202 10
8
88 49 44 77 69 53 33 28
1200 1202 10
9
16 75 19 14 47 44 77 69 70
1200 1202 10
12
12 35 38 19 14 47 44 77 69 53 33 28
1200 1202 10
7
71 68 76 45 46 15 16
1200 1202 10
9
62 71 68 76 45 46 15 18 39
1200 1202 10
5
62 71 68 76 45
1200 1202 10
4
64 41 31 28
1200 1202 10
5
71 68 76 45 48
1200 1202 10
4
43 31 28 62
1260 1262 10
4
71 53 33 28
1260 1262 10
6
62 71 68 76 45 48
1260 1262 10
1
70
1260 1262 10
1
62
1260 1262 10
4
30 42 33 28
1260 1262 10
5
74 17 14 47 48
1260 1262 10
8
88 49 44 77 69 53 33 28
1260 1262 10
4
62 71 53 43
1260 1262 10
4
64 41 31 28
1260 1262 10
6
62 71 53 43 40 65
1260 1262 10
10
38 19 14 47 44 77 69 53 33 28
1260 1262 10
8
75 19 14 47 44 77 69 70
1260 1262 10
8
74 17 14 47 44 77 69 53
1260 1262 10
5
71 68 76 45 48
1260 1262 10
7
47 44 77 69 53 33 28
1260 1262 10
7
71 68 76 45 46 15 16
1260 1262 10
10
71 68 76 45 46 15 18 39 34 13
1260 1262 10
3
62 71 68
1260 1262 10
6
88 49 44 77 69 70
1260 1262 10
10
12 35 38 19 14 47 44 77 69 70
1320 1322 10
5
62 71 53 43 31
1320 1322 10
1
62
1320 1322 10
4
88 49 44 77
1320 1322 10
8
88 49 44 77 69 53 33 28
1320 1322 10
5
65 51 43 31 28
1320 1322 10
4
71 53 33 28
1320 1322 10
8
88 49 44 77 69 53 43 40
1320 1322 10
9
62 71 68 76 45 46 15 18 39
1320 1322 10
10
12 35 38 19 14 47 44 77 69 70
1320 1322 10
8
62 71 68 76 45 46 15 16
1320 1322 10
4
64 41 31 28
1320 1322 10
4
43 31 28 62
1320 1322 10
2
71 53
1320 1322 10
8
74 17 14 47 44 77 69 70
1320 1322 10
10
38 19 14 47 44 77 69 53 33 28
1320 1322 10
6
62 71 68 76 45 48
1320 1322 10
6
88 49 44 77 69 70
1320 1322 10
8
38 19 14 47 44 77 69 70
1320 1322 10
7
47 44 77 69 53 33 28
1320 1322 10
6
47 44 77 69 53 43
1380 1382 10
6
62 71 68 76 45 48
1380 1382 10
10
75 19 14 47 44 77 69 53 33 28
1380 1382 10
8
62 71 68 76 45 46 15 16
1380 1382 10
6
35 38 19 14 47 44
1380 1382 10
3
43 31 28
1380 1382 10
8
64 41 42 52 68 76 45 48
1380 1382 10
1
62
1380 1382 10
10
38 19 14 47 44 77 69 53 33 28
1380 1382 10
5
65 51 33 28 62
1380 1382 10
3
88 49 44
1380 1382 10
6
88 49 44 77 69 53
1380 1382 10
7
71 68 76 45 46 15 16
1380 1382 10
12
12 35 38 19 14 47 44 77 69 53 33 28
1380 1382 10
6
71 68 76 45 48 85
1380 1382 10
7
62 71 68 76 45 48 85
1380 1382 10
9
62 71 68 76 45 46 15 18 39
1380 1382 10
5
75 19 14 47 48
1380 1382 10
2
85 15
1440 1442 10
4
65 51 33 28
1440 1442 10
5
85 15 18 39 34
1440 1442 10
6
62 71 53 43 40 65
1440 1442 10
10
74 17 14 47 44 77 69 53 33 28
1440 1442 10
10
38 19 14 47 44 77 69 53 33 28
1440 1442 10
4
71 53 33 28
1440 1442 10
5
38 19 14 47 48
1440 1442 10
8
88 49 44 77 69 53 43 31
1440 1442 10
10
71 68 76 45 46 15 18 39 34 13
1440 1442 10
5
62 71 53 43 40
1440 1442 10
11
62 71 68 76 45 46 15 16 75 19 16
1440 1442 10
4
64 41 42 33
1440 1442 10
11
64 41 42 52 68 76 45 46 15 18 39
1440 1442 10
6
18 74 17 14 47 44
1440 1442 10
6
48 88 49 44 77 69
1440 1442 10
6
71 53 43 40 65 51
1440 1442 10
8
71 68 76 45 46 15 18 39
1440 1442 10
8
88 49 44 77 69 53 33 28
1440 1442 10
4
64 41 31 28
1500 1502 10
9
52 68 76 45 46 15 16 75 19
1500 1502 10
13
62 71 68 76 45 46 15 18 39 34 13 8 12
1500 1502 10
6
85 15 18 39 34 13
1500 1502 10
6
88 49 44 77 69 70
1500 1502 10
11
18 74 17 14 47 44 77 69 53 33 28
1500 1502 10
5
47 44 77 69 70
1500 1502 10
8
75 19 14 47 44 77 69 70
1500 1502 10
5
64 41 42 52 70
1500 1502 10
8
62 71 68 76 45 46 15 16
1500 1502 10
4
88 49 44 77
1500 1502 10
9
62 71 68 76 45 46 15 18 39
1500 1502 10
1
52
1500 1502 10
7
71 68 76 45 46 15 16
1500 1502 10
3
42 33 28
1500 1502 10
5
52 68 76 45 48
1500 1502 10
10
52 68 76 45 46 15 18 39 34 13
1500 1502 10
5
62 71 53 43 31
1500 1502 10
8
88 49 44 77 69 53 33 28
1500 1502 10
4
85 15 18 39
1500 1502 10
2
64 41
1560 1562 10
9
62 71 68 76 45 46 15 18 39
1560 1562 10
8
74 17 14 47 44 77 69 70
1560 1562 10
5
64 41 42 52 70
1560 1562 10
4
71 53 33 28
1560 1562 10
8
62 71 68 76 45 46 15 16
1560 1562 10
11
62 71 68 76 45 46 15 18 39 34 13
1560 1562 10
6
62 71 68 76 45 48
1560 1562 10
8
71 68 76 45 46 15 18 39
1560 1562 10
8
88 49 44 77 69 53 33 28
1560 1562 10
12
12 35 38 19 14 47 44 77 69 53 33 28
1560 1562 10
4
64 41 31 28
1560 1562 10
7
48 88 49 44 77 69 70
1560 1562 10
2
71 68
1560 1562 10
9
76 45 48 88 49 44 77 69 53
1560 1562 10
8
38 19 14 47 44 77 69 53
1560 1562 10
4
88 49 44 77
1560 1562 10
5
75 19 14 47 48
1560 1562 10
3
43 31 28
1560 1562 10
2
52 68
1560 1562 10
10
64 41 42 52 68 76 45 46 15 16
1560 1562 10
10
12 35 38 19 14 47 44 77 69 70
1560 1562 10
4
71 53 33 28
1620 1622 10
8
62 71 68 76 45 46 15 16
1620 1622 10
4
71 53 33 28
1620 1622 10
8
71 68 76 45 46 15 16 75
1620 1622 10
8
75 19 14 47 44 77 69 70
1620 1622 10
6
62 71 68 76 45 48
1620 1622 10
5
38 19 14 47 44
1620 1622 10
11
62 71 68 76 45 46 15 18 39 34 13
1620 1622 10
10
75 19 14 47 44 77 69 53 33 28
1620 1622 10
1
62
1620 1622 10
1
71
1620 1622 10
5
62 71 53 43 40
1620 1622 10
9
35 38 19 14 47 44 77 69 70
1680 1682 10
1
74
1680 1682 10
4
64 41 31 28
1680 1682 10
6
62 71 53 43 40 65
1680 1682 10
1
62
1680 1682 10
3
85 15 16
1680 1682 10
3
43 31 28
1680 1682 10
2
43 40
1680 1682 10
5
64 41 42 52 68
1680 1682 10
2
64 41
1680 1682 10
2
47 44
1740 1742 10
3
85 15 16
1740 1742 10
5
88 49 44 77 69
1740 1742 10
5
71 53 43 40 65
1740 1742 10
6
62 71 68 76 45 48
1740 1742 10
1
70
1740 1742 10
11
62 71 68 76 45 46 15 18 39 34 13
1740 1742 10
4
64 41 31 28
1740 1742 10
6
62 71 53 43 40 65
1740 1742 10
5
52 68 76 45 48
1740 1742 10
8
75 19 14 47 44 77 69 70
1740 1742 10
4
71 53 33 28
1740 1742 10
1
71
1740 1742 10
6
88 49 44 77 69 70
1740 1742 10
12
12 35 38 19 14 47 44 77 69 53 33 28
1740 1742 10
7
88 49 44 77 69 53 43
1740 1742 10
9
48 88 49 44 77 69 53 33 28
1800 1802 10
8
75 19 14 47 44 77 69 70
1800 1802 10
4
64 41 31 28
1800 1802 10
9
35 38 19 14 47 44 77 69 70
1800 1802 10
4
47 44 77 69
1800 1802 10
5
85 15 18 39 34
1800 1802 10
6
88 49 44 77 69 70
1800 1802 10
9
35 38 19 14 47 44 77 69 53
1800 1802 10
9
76 45 48 88 49 44 77 69 70
1800 1802 10
8
88 49 44 77 69 53 33 28
1800 1802 10
5
47 44 77 69 70
1800 1802 10
1
64
1800 1802 10
11
35 38 19 14 47 44 77 69 53 33 28
1800 1802 10
4
71 68 76 45
1800 1802 10
6
18 74 17 14 47 48
1800 1802 10
6
62 71 53 43 40 65
1800 1802 10
4
71 53 33 28
1800 1802 10
10
64 41 42 52 68 76 45 46 15 16
1800 1802 10
6
62 71 68 76 45 48
1800 1802 10
8
75 19 14 47 44 77 69 53
1860 1862 10
1
62
1860 1862 10
8
88 49 44 77 69 53 43 40
1860 1862 10
2
43 31
1860 1862 10
6
62 71 68 76 45 48
1860 1862 10
4
32 43 31 28
1860 1862 10
12
12 35 38 19 14 47 44 77 69 53 33 28
1860 1862 10
4
85 15 16 75
1860 1862 10
4
71 53 33 28
1860 1862 10
10
75 19 14 47 44 77 69 53 33 28
1860 1862 10
4
64 41 31 28
1860 1862 10
8
88 49 44 77 69 53 33 28
1860 1862 10
9
62 71 68 76 45 46 15 18 39
1860 1862 10
7
71 68 76 45 46 15 16
1860 1862 10
5
71 68 76 45 48
1860 1862 10
10
52 68 76 45 46 15 18 39 34 13
1920 1922 10
8
88 49 44 77 69 53 33 28
1920 1922 10
5
71 68 76 45 48
1920 1922 10
7
71 68 76 45 46 15 16
1920 1922 10
11
35 38 19 14 47 44 77 69 53 33 28
1920 1922 10
8
75 19 14 47 44 77 69 70
1920 1922 10
1
62
1920 1922 10
4
71 53 33 28
1920 1922 10
9
48 88 49 44 77 69 53 43 40
1920 1922 10
5
52 68 76 45 48
1920 1922 10
10
71 68 76 45 46 15 18 39 34 13
1920 1922 10
7
52 68 76 45 46 15 16
1920 1922 10
11
16 75 19 14 47 44 77 69 53 33 28
1920 1922 10
7
12 35 38 19 14 47 48
1920 1922 10
6
62 71 53 43 40 65
1920 1922 10
5
38 19 14 47 48
1920 1922 10
3
85 15 16
1920 1922 10
4
64 41 31 28
1920 1922 10
7
48 88 49 44 77 69 70
1980 1982 10
11
35 38 19 14 47 44 77 69 53 33 28
1980 1982 10
8
52 68 76 45 46 15 18 39
1980 1982 10
7
71 68 76 45 48 88 49
1980 1982 10
4
64 41 31 28
1980 1982 10
6
85 15 16 75 19 16
1980 1982 10
4
88 49 44 77
1980 1982 10
4
71 53 33 28
1980 1982 10
3
43 31 28
1980 1982 10
1
62
1980 1982 10
4
85 15 18 39
1980 1982 10
10
71 68 76 45 46 15 18 39 34 13
1980 1982 10
6
62 71 68 76 45 48
1980 1982 10
7
52 68 76 45 46 15 16
1980 1982 10
6
62 71 53 43 40 65
1980 1982 10
1
65
1980 1982 10
7
88 49 44 77 69 53 43
1980 1982 10
4
64 41 31 28
1980 1982 10
8
88 49 44 77 69 53 33 28
1980 1982 10
5
88 49 44 77 69
1980 1982 10
9
62 71 68 76 45 46 15 18 39
1980 1982 10
2
71 53
2040 2042 10
4
64 41 31 28
2040 2042 10
4
85 15 16 75
2040 2042 10
2
64 41
2040 2042 10
11
74 17 18 74 17 14 47 44 77 69 70
2040 2042 10
10
62 71 68 76 45 46 15 18 39 34
2040 2042 10
6
43 40 65 51 33 28
2040 2042 10
13
74 17 18 74 17 14 47 44 77 69 53 33 28
2040 2042 10
7
88 49 44 77 69 53 43
2040 2042 10
1
62
2040 2042 10
7
71 68 76 45 46 15 16
2040 2042 10
7
62 71 53 43 40 65 51
2040 2042 10
2
71 53
2040 2042 10
4
43 31 28 62
2040 2042 10
8
62 71 68 76 45 46 15 16
2040 2042 10
9
88 49 44 77 69 53 43 40 65
2040 2042 10
6
62 71 53 43 40 65
2040 2042 10
6
85 15 18 39 34 13
2040 2042 10
4
71 53 33 28
2040 2042 10
4
52 68 76 45
2040 2042 10
8
88 49 44 77 69 53 33 28
2040 2042 10
6
71 68 76 45 48 85
2040 2042 10
7
47 44 77 69 53 33 28
2040 2042 10
3
88 49 46
2100 2102 10
6
88 49 44 77 69 53
2100 2102 10
2
71 68
2100 2102 10
1
62
2100 2102 10
10
38 19 14 47 44 77 69 53 33 28
2100 2102 10
4
71 53 33 28
2100 2102 10
4
43 31 28 62
2100 2102 10
8
71 68 76 45 46 15 18 39
2100 2102 10
5
38 19 14 47 48
2100 2102 10
4
88 49 44 77
2100 2102 10
7
71 68 76 45 46 15 16
2100 2102 10
4
64 41 31 28
2100 2102 10
5
52 68 76 45 48
2160 2162 10
5
71 68 76 45 48
2160 2162 10
3
77 69 53
2160 2162 10
10
38 19 14 47 44 77 69 53 33 28
2160 2162 10
8
88 49 44 77 69 53 33 28
2160 2162 10
1
62
2160 2162 10
3
62 71 53
2160 2162 10
9
62 71 68 76 45 46 15 18 39
2160 2162 10
7
65 51 43 31 32 52 70
2160 2162 10
6
62 71 68 76 45 48
2160 2162 10
5
47 44 77 69 53
2160 2162 10
6
88 49 44 77 69 70
2160 2162 10
10
71 68 76 45 46 15 18 39 34 13
2160 2162 10
6
32 52 68 76 45 48
2220 2222 10
12
12 35 38 19 14 47 44 77 69 53 33 28
2220 2222 10
6
62 71 53 43 40 65
2220 2222 10
4
64 41 31 28
2220 2222 10
8
88 49 44 77 69 53 33 28
2220 2222 10
6
88 49 44 77 69 53
2220 2222 10
9
88 49 44 77 69 53 43 40 65
2220 2222 10
5
62 71 53 43 40
2220 2222 10
3
85 15 16
2220 2222 10
4
43 31 28 62
2220 2222 10
5
88 49 44 77 69
2220 2222 10
9
16 75 19 14 47 44 77 69 70
2220 2222 10
1
62
2220 2222 10
3
43 31 28
2220 2222 10
2
71 53
2220 2222 10
3
64 41 42
2220 2222 10
5
85 15 18 39 34
2220 2222 10
7
71 68 76 45 46 15 16
2220 2222 10
5
64 41 42 52 68
2220 2222 10
2
30 42
2220 2222 10
4
71 53 33 28
2220 2222 10
10
75 19 14 47 44 77 69 53 33 28
2280 2282 10
6
85 15 18 39 34 13
2280 2282 10
6
62 71 53 43 40 65
2280 2282 10
4
64 41 31 28
2280 2282 10
13
77 69 53 43 31 32 52 68 76 45 46 15 16
2280 2282 10
5
71 53 43 40 65
2280 2282 10
2
75 39
2280 2282 10
5
71 68 76 45 48
2280 2282 10
7
62 71 68 76 45 48 85
2280 2282 10
2
38 74
2280 2282 10
10
38 19 14 47 44 77 69 53 33 28
2280 2282 10
4
62 71 68 76
2280 2282 10
9
62 71 53 43 40 65 51 43 31
2280 2282 10
10
75 19 14 47 44 77 69 53 33 28
2280 2282 10
4
71 53 33 28
2280 2282 10
6
88 49 44 77 69 70
2280 2282 10
3
71 53 43
2280 2282 10
9
88 49 44 77 69 53 43 40 65
2280 2282 10
8
88 49 44 77 69 53 33 28
2280 2282 10
4
43 31 28 62
2280 2282 10
1
62
2340 2342 10
1
35
2340 2342 10
1
71
2340 2342 10
6
88 49 44 77 69 70
2340 2342 10
5
71 68 76 45 48
2340 2342 10
6
38 19 14 47 44 77
2340 2342 10
4
64 41 31 28
2340 2342 10
9
62 71 68 76 45 46 15 18 39
2340 2342 10
8
88 49 44 77 69 53 33 28
2340 2342 10
11
18 74 17 14 47 44 77 69 53 33 28
2340 2342 10
4
32 43 31 28
2340 2342 10
4
71 53 33 28
2340 2342 10
2
40 65
2340 2342 10
7
47 44 77 69 53 33 28
2340 2342 10
8
71 68 76 45 46 15 16 75
2340 2342 10
8
75 19 14 47 44 77 69 70
2340 2342 10
2
75 39
2340 2342 10
12
12 35 38 19 14 47 44 77 69 53 33 28
2340 2342 10
2
65 51
2400 2402 10
3
42 33 28
2400 2402 10
7
47 44 77 69 53 33 28
2400 2402 10
12
12 35 38 19 14 47 44 77 69 53 33 28
2400 2402 10
3
71 68 76
2400 2402 10
1
62
2400 2402 10
4
43 31 28 62
2400 2402 10
4
71 53 33 28
2400 2402 10
6
35 38 19 14 47 48
2400 2402 10
7
48 88 49 44 77 69 70
2400 2402 10
7
71 68 76 45 46 15 16
2400 2402 10
3
88 49 46
2400 2402 10
8
43 31 32 52 68 76 45 48
2400 2402 10
8
88 49 44 77 69 53 33 28
2400 2402 10
8
74 17 14 47 44 77 69 70
2400 2402 10
8
64 41 42 52 68 76 45 48
2400 2402 10
3
71 53 43
2400 2402 10
8
62 71 68 76 45 46 15 16
2460 2462 10
4
71 53 33 28
2460 2462 10
8
64 41 42 52 68 76 45 48
2460 2462 10
11
88 49 46 84 49 44 77 69 53 33 28
2460 2462 10
4
64 41 31 28
2460 2462 10
6
85 15 18 39 34 13
2460 2462 10
6
88 49 44 77 69 70
2460 2462 10
5
64 41 42 52 70
2460 2462 10
3
43 31 28
2460 2462 10
3
77 69 70
2460 2462 10
7
71 68 76 45 46 15 16
2460 2462 10
7
62 71 68 76 45 48 85
2460 2462 10
5
62 71 68 76 45
2460 2462 10
12
12 35 38 19 14 47 44 77 69 53 33 28
2460 2462 10
7
88 49 44 77 69 53 43
2460 2462 10
9
62 71 68 76 45 46 15 18 39
2460 2462 10
4
62 71 68 76
2460 2462 10
8
71 68 76 45 46 15 18 39
2460 2462 10
10
64 41 42 52 68 76 45 46 15 16
2460 2462 10
10
75 19 14 47 44 77 69 53 33 28
2460 2462 10
8
88 49 44 77 69 53 33 28
2460 2462 10
6
52 68 76 45 48 85
2520 2522 10
5
71 68 76 45 48
2520 2522 10
4
71 53 33 28
2520 2522 10
5
52 68 76 45 48
2520 2522 10
8
88 49 44 77 69 53 33 28
2520 2522 10
8
88 49 44 77 69 53 43 40
2520 2522 10
3
85 15 16
2520 2522 10
6
88 49 44 77 69 70
2520 2522 10
6
62 71 68 76 45 48
2520 2522 10
10
62 71 68 76 45 46 15 18 39 34
2520 2522 10
10
71 68 76 45 46 15 18 39 34 13
2520 2522 10
7
71 68 76 45 46 15 16
2520 2522 10
11
35 38 19 14 47 44 77 69 53 33 28
2520 2522 10
1
64
2520 2522 10
5
64 41 42 52 70
2580 2582 10
3
88 49 46
2580 2582 10
11
64 41 42 52 68 76 45 46 15 18 39
2580 2582 10
5
71 68 76 45 48
2580 2582 10
5
43 31 32 52 70
2580 2582 10
8
38 19 14 47 44 77 69 70
2580 2582 10
8
88 49 44 77 69 53 33 28
2580 2582 10
8
62 71 68 76 45 46 15 16
2580 2582 10
6
88 49 44 77 69 70
2580 2582 10
3
43 31 28
2580 2582 10
4
62 71 68 76
2580 2582 10
4
64 41 31 28
2580 2582 10
10
75 19 14 47 44 77 69 53 33 28
2580 2582 10
6
62 71 53 43 40 65
2580 2582 10
1
62
2580 2582 10
1
43
2580 2582 10
5
62 71 68 76 45
2580 2582 10
3
85 15 16
2580 2582 10
8
38 19 14 47 44 77 69 53
2580 2582 10
10
62 71 68 76 45 46 15 18 39 34
2580 2582 10
4
71 53 43 40
2580 2582 10
3
62 71 53
2580 2582 10
10
12 35 38 19 14 47 44 77 69 70
2640 2642 10
3
62 71 53
2640 2642 10
4
71 53 33 28
2640 2642 10
6
62 71 53 43 40 65
2640 2642 10
5
71 68 76 45 48
2640 2642 10
2
71 53
2640 2642 10
3
52 68 76
2640 2642 10
6
18 74 17 14 47 48
2640 2642 10
1
71
2640 2642 10
3
85 15 16
2640 2642 10
8
88 49 44 77 69 53 33 28
2640 2642 10
11
35 38 19 14 47 44 77 69 53 33 28
2640 2642 10
8
64 41 42 52 68 76 45 48
2640 2642 10
8
71 68 76 45 46 15 18 39
2640 2642 10
5
52 68 76 45 48
2640 2642 10
1
62
2640 2642 10
8
62 71 68 76 45 46 15 16
2640 2642 10
4
32 43 31 28
2640 2642 10
6
62 71 68 76 45 48
2640 2642 10
6
71 68 76 45 48 85
2700 2702 10
1
62
2700 2702 10
4
71 53 33 28
2700 2702 10
3
43 31 28
2700 2702 10
12
12 35 38 19 14 47 44 77 69 53 33 28
2700 2702 10
7
71 68 76 45 46 15 16
2700 2702 10
2
71 68
2700 2702 10
8
52 68 76 45 46 15 16 75
2700 2702 10
6
62 71 53 43 40 65
2700 2702 10
8
71 68 76 45 46 15 18 39
2700 2702 10
8
88 49 44 77 69 53 33 28
2700 2702 10
8
75 19 14 47 44 77 69 70
2700 2702 10
5
71 68 76 45 48
2700 2702 10
5
38 19 14 47 48
2700 2702 10
1
62
2700 2702 10
10
75 19 14 47 44 77 69 53 33 28
2700 2702 10
4
71 53 43 40
2700 2702 10
4
64 41 31 28
2700 2702 10
5
85 15 18 39 34
2700 2702 10
10
62 71 68 76 45 46 15 16 75 19
2700 2702 10
4
64 41 42 33
2760 2762 10
11
62 71 68 76 45 46 15 18 39 34 13
2760 2762 10
4
71 53 33 28
2760 2762 10
4
64 41 31 28
2760 2762 10
5
71 68 76 45 48
2760 2762 10
11
35 38 19 14 47 44 77 69 53 33 28
2760 2762 10
2
71 53
2760 2762 10
5
85 15 16 75 19
2760 2762 10
8
75 19 14 47 44 77 69 70
2760 2762 10
4
62 71 53 43
2760 2762 10
8
71 68 76 45 46 15 18 39
2760 2762 10
6
88 49 44 77 69 70
2760 2762 10
4
43 31 28 62
2760 2762 10
8
62 71 68 76 45 46 15 16
2760 2762 10
11
18 74 17 14 47 44 77 69 53 33 28
2760 2762 10
8
88 49 44 77 69 53 33 28
2820 2822 10
8
88 49 44 77 69 53 33 28
2820 2822 10
7
52 68 76 45 46 15 16
2820 2822 10
7
71 68 76 45 46 15 16
2820 2822 10
3
30 40 65
2820 2822 10
3
71 53 43
2820 2822 10
4
71 53 33 28
2820 2822 10
11
18 74 17 14 47 44 77 69 53 33 28
2820 2822 10
8
71 68 76 45 46 15 18 39
2820 2822 10
10
71 68 76 45 46 15 18 39 34 13
2820 2822 10
3
85 15 16
2820 2822 10
9
62 71 68 76 45 46 15 18 39
2820 2822 10
3
88 49 46
2820 2822 10
3
62 71 53
2820 2822 10
6
85 15 18 39 34 13
2820 2822 10
11
35 38 19 14 47 44 77 69 53 33 28
2820 2822 10
6
62 71 68 76 45 48
2820 2822 10
1
71
2820 2822 10
6
88 49 44 77 69 53
2820 2822 10
3
77 69 53
2880 2882 10
4
71 53 33 28
2880 2882 10
4
71 53 43 40
2880 2882 10
10
74 17 14 47 44 77 69 53 33 28
2880 2882 10
5
65 51 33 28 62
2880 2882 10
10
62 71 68 76 45 46 15 18 39 34
2880 2882 10
1
48
2880 2882 10
5
71 53 43 40 65
2880 2882 10
6
71 68 76 45 48 85
2880 2882 10
8
62 71 68 76 45 46 15 16
2880 2882 10
6
88 49 44 77 69 70
2880 2882 10
9
62 71 68 76 45 46 15 18 39
2880 2882 10
4
64 41 31 28
2880 2882 10
10
71 68 76 45 46 15 18 39 34 13
2880 2882 10
3
43 40 65
2880 2882 10
8
88 49 44 77 69 53 33 28
2880 2882 10
4
85 15 18 39
2880 2882 10
8
75 19 14 47 44 77 69 70
2940 2942 10
8
75 19 14 47 44 77 69 70
2940 2942 10
5
88 49 44 77 69
2940 2942 10
4
43 31 28 62
2940 2942 10
6
88 49 44 77 69 70
2940 2942 10
3
85 15 16
2940 2942 10
4
64 41 31 28
2940 2942 10
5
71 53 43 40 65
2940 2942 10
11
35 38 19 14 47 44 77 69 53 33 28
2940 2942 10
8
88 49 44 77 69 53 33 28
2940 2942 10
7
71 68 76 45 46 15 16
2940 2942 10
10
12 35 38 19 14 47 44 77 69 70
2940 2942 10
5
38 19 14 47 48
2940 2942 10
2
38 74
2940 2942 10
6
71 68 76 45 48 85
2940 2942 10
8
62 71 68 76 45 46 15 16
2940 2942 10
2
71 53
2940 2942 10
4
71 53 33 28
2940 2942 10
4
85 15 18 39
2940 2942 10
10
75 19 14 47 44 77 69 53 33 28
3000 3002 10
6
88 49 44 77 69 70
3000 3002 10
10
12 35 38 19 14 47 44 77 69 53
3000 3002 10
10
75 19 14 47 44 77 69 53 33 28
3000 3002 10
8
62 71 68 76 45 46 15 16
3000 3002 10
1
62
3000 3002 10
9
64 41 42 52 68 76 45 48 85
3000 3002 10
9
62 71 68 76 45 46 15 18 39
3000 3002 10
2
71 68
3000 3002 10
3
43 40 65
3000 3002 10
9
48 88 49 44 77 69 53 33 28
3000 3002 10
4
71 53 33 28
3000 3002 10
10
38 19 14 47 44 77 69 53 33 28
3000 3002 10
8
71 68 76 45 46 15 18 39
3000 3002 10
3
85 15 16
3000 3002 10
4
64 41 31 28
3000 3002 10
6
62 71 68 76 45 48
3000 3002 10
6
62 71 53 43 40 65
3060 3062 10
4
71 53 33 28
3060 3062 10
4
71 53 43 31
3060 3062 10
7
71 68 76 45 46 15 16
3060 3062 10
3
85 15 16
3060 3062 10
8
75 19 14 47 44 77 69 70
3060 3062 10
10
12 35 38 19 14 47 44 77 69 70
3060 3062 10
6
62 71 53 43 40 65
3060 3062 10
8
62 71 68 76 45 46 15 16
3060 3062 10
11
35 38 19 14 47 44 77 69 53 33 28
3060 3062 10
9
88 49 44 77 69 53 43 40 65
3060 3062 10
3
62 71 53
3060 3062 10
9
43 40 65 51 43 31 32 52 70
3060 3062 10
5
75 19 14 47 48
3060 3062 10
6
71 68 76 45 48 85
3060 3062 10
8
43 31 32 52 68 76 45 48
3060 3062 10
8
88 49 44 77 69 53 33 28
3060 3062 10
1
62
3060 3062 10
10
71 68 76 45 46 15 18 39 34 13
3060 3062 10
5
47 44 77 69 53
3060 3062 10
4
64 41 31 28
3120 3122 10
8
38 19 14 47 44 77 69 70
3120 3122 10
9
71 68 76 45 46 15 16 75 19
3120 3122 10
1
62
3120 3122 10
4
88 49 44 77
3120 3122 10
8
75 19 14 47 44 77 69 70
3120 3122 10
9
62 71 68 76 45 46 15 18 39
3120 3122 10
2
71 53
3120 3122 10
4
64 41 31 28
3120 3122 10
4
71 53 33 28
3120 3122 10
11
64 41 42 52 68 76 45 46 15 18 39
3120 3122 10
10
75 19 14 47 44 77 69 53 33 28
3120 3122 10
5
71 53 43 40 65
3120 3122 10
6
62 71 68 76 45 48
3120 3122 10
6
62 71 53 43 40 65
3120 3122 10
8
88 49 44 77 69 53 33 28
3120 3122 10
2
43 31
3180 3182 10
8
88 49 44 77 69 53 43 31
3180 3182 10
9
48 88 49 44 77 69 53 33 28
3180 3182 10
8
38 19 14 47 44 77 69 53
3180 3182 10
10
38 19 14 47 44 77 69 53 33 28
3180 3182 10
9
62 71 68 76 45 46 15 18 39
3180 3182 10
7
47 44 77 69 53 33 28
3180 3182 10
4
62 71 53 43
3180 3182 10
8
71 68 76 45 46 15 16 75
3180 3182 10
8
74 17 14 47 44 77 69 70
3180 3182 10
5
71 53 43 40 65
3180 3182 10
9
18 74 17 14 47 44 77 69 53
3180 3182 10
8
52 68 76 45 46 15 18 39
3180 3182 10
9
52 68 76 45 46 15 18 39 34
3180 3182 10
2
71 53
3180 3182 10
5
75 19 14 47 48
3240 3242 10
8
71 68 76 45 46 15 18 39
3240 3242 10
8
62 71 68 76 45 46 15 16
3240 3242 10
7
64 41 42 52 68 76 45
3240 3242 10
4
71 53 33 28
3240 3242 10
5
71 68 76 45 48
3240 3242 10
8
75 19 14 47 44 77 69 53
3240 3242 10
1
62
3240 3242 10
9
48 88 49 44 77 69 53 33 28
3240 3242 10
1
64
3240 3242 10
4
85 15 16 75
3240 3242 10
2
71 68
3240 3242 10
4
71 53 43 40
3240 3242 10
8
75 19 14 47 44 77 69 70
3240 3242 10
5
64 41 42 52 70
3240 3242 10
8
38 19 14 47 44 77 69 70
3240 3242 10
9
62 71 68 76 45 46 15 18 39
3240 3242 10
4
64 41 31 28
3240 3242 10
5
62 71 68 76 45
3240 3242 10
6
71 68 76 45 48 85
3240 3242 10
10
71 68 76 45 46 15 18 39 34 13
3240 3242 10
6
62 71 53 43 40 65
3240 3242 10
4
43 31 28 62
3240 3242 10
6
88 49 44 77 69 70
3300 3302 10
7
71 68 76 45 48 88 49
3300 3302 10
8
71 68 76 45 46 15 18 39
3300 3302 10
4
71 53 33 28
3300 3302 10
5
75 19 14 47 48
3300 3302 10
7
71 68 76 45 46 15 16
3300 3302 10
1
62
3300 3302 10
9
48 88 49 44 77 69 53 33 28
3300 3302 10
8
64 41 42 52 68 76 45 48
3300 3302 10
5
47 44 77 69 53
3300 3302 10
2
71 53
3300 3302 10
1
71
3300 3302 10
7
48 88 49 44 77 69 70
3300 3302 10
3
85 15 16
3300 3302 10
4
64 41 31 28
3300 3302 10
10
71 68 76 45 46 15 18 39 34 13
3300 3302 10
6
62 71 68 76 45 48
3300 3302 10
4
62 71 53 43
3300 3302 10
11
18 74 17 14 47 44 77 69 53 33 28
3360 3362 10
11
35 38 19 14 47 44 77 69 53 33 28
3360 3362 10
8
88 49 44 77 69 53 33 28
3360 3362 10
4
71 53 33 28
3360 3362 10
6
62 71 53 43 40 65
3360 3362 10
8
38 19 14 47 44 77 69 70
3360 3362 10
2
71 53
3360 3362 10
7
48 88 49 44 77 69 70
3360 3362 10
6
52 68 76 45 48 85
3360 3362 10
9
16 75 19 14 47 44 77 69 70
3360 3362 10
6
62 71 68 76 45 48
3360 3362 10
1
62
3420 3422 10
6
62 71 68 76 45 48
3420 3422 10
5
71 53 43 31 32
3420 3422 10
11
62 71 68 76 45 46 15 18 39 34 13
3420 3422 10
1
62
3420 3422 10
8
64 41 42 52 68 76 45 48
3420 3422 10
8
75 19 14 47 44 77 69 70
3420 3422 10
8
88 49 44 77 69 53 43 31
3420 3422 10
8
71 68 76 45 46 15 18 39
3420 3422 10
7
71 68 76 45 46 15 16
3420 3422 10
2
64 41
3420 3422 10
8
75 19 14 47 44 77 69 53
3420 3422 10
5
76 45 46 15 16
3420 3422 10
11
18 74 17 14 47 44 77 69 53 33 28
3420 3422 10
9
48 88 49 44 77 69 53 33 28
3420 3422 10
5
75 19 14 47 48
3420 3422 10
5
71 68 76 45 48
3420 3422 10
9
71 68 76 45 46 15 18 39 34
3420 3422 10
4
64 41 31 28
3420 3422 10
9
76 45 48 88 49 44 77 69 70
3420 3422 10
9
65 51 52 68 76 45 46 15 16
3420 3422 10
6
62 71 53 43 40 65
3420 3422 10
4
85 15 16 75
3420 3422 10
6
85 15 18 39 34 13
3420 3422 10
4
71 53 33 28
3480 3482 10
10
75 19 14 47 44 77 69 53 33 28
3480 3482 10
10
12 35 38 19 14 47 44 77 69 70
3480 3482 10
8
75 19 14 47 44 77 69 70
3480 3482 10
4
62 71 53 43
3480 3482 10
5
47 44 77 69 70
3480 3482 10
6
88 49 44 77 69 70
3480 3482 10
8
88 49 44 77 69 53 43 31
3480 3482 10
8
62 71 68 76 45 46 15 16
3480 3482 10
1
70
3480 3482 10
6
62 71 68 76 45 48
3480 3482 10
4
64 41 31 28
3480 3482 10
9
62 71 68 76 45 46 15 18 39
3480 3482 10
8
88 49 44 77 69 53 33 28
3480 3482 10
7
47 44 77 69 53 33 28
3480 3482 10
5
32 43 31 28 62
3480 3482 10
5
52 68 76 45 48
3480 3482 10
6
62 71 53 43 40 65
3480 3482 10
8
64 41 42 52 68 76 45 48
3480 3482 10
8
18 74 17 14 47 44 77 69
3480 3482 10
8
38 19 14 47 44 77 69 70
3480 3482 10
7
71 68 76 45 46 15 16
3480 3482 10
4
71 53 33 28
3480 3482 10
11
62 71 68 76 45 46 15 18 39 34 13
3480 3482 10
8
71 68 76 45 46 15 18 39
3480 3482 10
7
52 68 76 45 46 15 16
3540 3542 10
7
65 51 52 68 76 45 48
3540 3542 10
8
75 19 14 47 44 77 69 70
3540 3542 10
9
48 88 49 44 77 69 53 33 28
3540 3542 10
7
47 44 77 69 53 33 28
3540 3542 10
9
62 71 68 76 45 46 15 16 75
3540 3542 10
9
62 71 68 76 45 46 15 18 39
3540 3542 10
5
47 44 77 69 70
3540 3542 10
8
38 19 14 47 44 77 69 70
3540 3542 10
5
71 68 76 45 48
3540 3542 10
5
75 19 14 47 48
3540 3542 10
7
12 35 38 19 14 47 48
3540 3542 10
4
71 53 33 28
3540 3542 10
6
62 71 53 43 40 65
3540 3542 10
8
75 19 14 47 44 77 69 53
3540 3542 10
10
64 41 42 52 68 76 45 46 15 16
3540 3542 10
10
71 68 76 45 46 15 18 39 34 13
3540 3542 10
3
62 71 53
3540 3542 10
4
64 41 31 28
3600 3602 10
5
70 63 29 30 42
3600 3602 10
4
64 41 31 28
3600 3602 10
5
62 71 53 43 40
3600 3602 10
6
62 71 53 43 40 65
3600 3602 10
1
62
3600 3602 10
6
18 74 17 14 47 48
3600 3602 10
8
75 19 14 47 44 77 69 70
3600 3602 10
6
71 68 76 45 48 85
3600 3602 10
9
88 49 44 77 69 53 43 40 65
3600 3602 10
5
52 68 76 45 48
3600 3602 10
10
62 71 68 76 45 48 88 49 46 84
3600 3602 10
4
71 53 33 28
3600 3602 10
8
88 49 44 77 69 53 33 28
3600 3602 10
5
65 51 33 28 62
3600 3602 10
5
71 68 76 45 48
3600 3602 10
9
35 38 19 14 47 44 77 69 70
3600 3602 10
9
71 68 76 45 46 15 18 39 34
3600 3602 10
7
88 49 44 77 69 53 43
3600 3602 10
8
71 68 76 45 46 15 18 39
3660 3662 10
6
62 71 68 76 45 48
3660 3662 10
10
12 35 38 19 14 47 44 77 69 70
3660 3662 10
5
43 31 32 52 70
3660 3662 10
3
62 71 53
3660 3662 10
5
64 41 42 52 70
3660 3662 10
8
88 49 44 77 69 53 33 28
3660 3662 10
4
71 53 33 28
3660 3662 10
10
38 19 14 47 44 77 69 53 33 28
3660 3662 10
3
85 15 16
3660 3662 10
1
62
3660 3662 10
4
64 41 31 28
3660 3662 10
9
18 74 17 14 47 44 77 69 70
3660 3662 10
8
38 19 14 47 44 77 69 70
3660 3662 10
11
62 71 68 76 45 46 15 18 39 34 13
3660 3662 10
7
71 68 76 45 46 15 16
3660 3662 10
12
12 35 38 19 14 47 44 77 69 53 33 28
3660 3662 10
6
62 71 53 43 40 65
3720 3722 10
4
64 41 31 28
3720 3722 10
4
62 71 53 43
3720 3722 10
14
77 69 53 43 31 32 52 68 76 45 46 15 18 39
3720 3722 10
6
62 71 68 76 45 48
3720 3722 10
7
62 71 68 76 45 48 85
3720 3722 10
2
71 53
3720 3722 10
8
62 71 68 76 45 46 15 16
3720 3722 10
5
71 68 76 45 48
3720 3722 10
6
62 71 53 43 40 65
3720 3722 10
2
71 68
3720 3722 10
8
88 49 44 77 69 53 33 28
3720 3722 10
1
62
3720 3722 10
11
35 38 19 14 47 44 77 69 53 33 28
3720 3722 10
19
35 38 74 17 18 39 34 13 8 12 35 38 19 14 47 44 77 69 70
3720 3722 10
10
38 19 14 47 44 77 69 53 33 28
3720 3722 10
9
35 38 19 14 47 44 77 69 53
3720 3722 10
8
38 19 14 47 44 77 69 70
3780 3782 10
7
62 71 68 76 45 46 15
3780 3782 10
4
64 41 31 28
3780 3782 10
8
88 49 44 77 69 53 33 28
3780 3782 10
1
62
3780 3782 10
9
62 71 68 76 45 46 15 18 39
3780 3782 10
10
71 68 76 45 46 15 18 39 34 13
3780 3782 10
8
88 49 44 77 69 53 43 31
3780 3782 10
6
88 49 44 77 69 70
3780 3782 10
11
18 74 17 14 47 44 77 69 53 33 28
3780 3782 10
2
85 15
3780 3782 10
6
52 68 76 45 46 15
3780 3782 10
4
71 53 33 28
3780 3782 10
7
71 68 76 45 46 15 16
3780 3782 10
10
12 35 38 19 14 47 44 77 69 70
3780 3782 10
4
43 31 28 62
3780 3782 10
5
71 68 76 45 48
3780 3782 10
4
32 43 31 28
3780 3782 10
2
64 41
3780 3782 10
3
76 45 48
3780 3782 10
12
12 35 38 19 14 47 44 77 69 53 33 28
3840 3842 10
1
64
3840 3842 10
6
88 49 44 77 69 70
3840 3842 10
1
62
3840 3842 10
6
32 52 68 76 45 48
3840 3842 10
6
62 71 53 43 40 65
3840 3842 10
11
35 38 19 14 47 44 77 69 53 33 28
3840 3842 10
9
62 71 68 76 45 46 15 18 39
3840 3842 10
5
71 53 43 40 65
3840 3842 10
2
71 53
3840 3842 10
8
88 49 44 77 69 53 33 28
3840 3842 10
5
47 44 77 69 70
3840 3842 10
6
62 71 68 76 45 48
3840 3842 10
4
64 41 31 28
3840 3842 10
4
71 53 33 28
3840 3842 10
7
47 44 77 69 53 33 28
3840 3842 10
5
62 71 53 43 40
3840 3842 10
8
75 19 14 47 44 77 69 70
3840 3842 10
4
32 43 31 28
3840 3842 10
4
43 31 28 62
3840 3842 10
8
71 68 76 45 46 15 18 39
3840 3842 10
6
62 71 68 76 45 48
3840 3842 10
10
75 19 14 47 44 77 69 53 33 28
3900 3902 10
6
71 68 76 45 46 15
3900 3902 10
1
62
3900 3902 10
3
43 31 28
3900 3902 10
8
88 49 44 77 69 53 33 28
3900 3902 10
6
62 71 68 76 45 48
3900 3902 10
5
71 68 76 45 48
3900 3902 10
4
71 53 33 28
3900 3902 10
7
52 68 76 45 46 15 16
3900 3902 10
5
64 41 42 52 70
3900 3902 10
2
85 15
3900 3902 10
8
38 19 14 47 44 77 69 70
3900 3902 10
10
12 35 38 19 14 47 44 77 69 53
3900 3902 10
9
52 68 76 45 46 15 18 39 34
3900 3902 10
4
62 71 53 43
3900 3902 10
10
75 19 14 47 44 77 69 53 33 28
3900 3902 10
5
71 53 43 40 65
3900 3902 10
3
77 69 53
3960 3962 10
3
43 40 65
3960 3962 10
1
62
3960 3962 10
9
62 71 68 76 45 46 15 18 39
3960 3962 10
5
71 53 43 31 32
3960 3962 10
5
71 68 76 45 48
3960 3962 10
7
48 88 49 44 77 69 70
3960 3962 10
4
71 53 33 28
3960 3962 10
8
88 49 44 77 69 53 33 28
3960 3962 10
9
62 71 68 76 45 46 15 16 75
3960 3962 10
4
64 41 31 28
3960 3962 10
8
75 19 14 47 44 77 69 53
3960 3962 10
2
64 41
3960 3962 10
8
75 19 14 47 44 77 69 70
3960 3962 10
7
47 44 77 69 53 33 28
3960 3962 10
3
43 31 28
3960 3962 10
9
71 68 76 45 46 15 18 39 34
3960 3962 10
9
35 38 19 14 47 44 77 69 70
3960 3962 10
3
71 68 76
3960 3962 10
4
85 15 16 75
3960 3962 10
5
52 68 76 45 48
4020 4022 10
4
85 15 18 39
4020 4022 10
10
62 71 68 76 45 48 88 49 46 84
4020 4022 10
7
71 68 76 45 46 15 16
4020 4022 10
1
62
4020 4022 10
4
62 71 53 43
4020 4022 10
4
32 43 31 28
4020 4022 10
4
71 53 33 28
4020 4022 10
6
68 76 45 46 15 16
4020 4022 10
6
62 71 53 43 40 65
4020 4022 10
4
64 41 31 28
4020 4022 10
3
43 40 65
4020 4022 10
7
62 71 68 76 45 46 15
4020 4022 10
7
88 49 44 77 69 53 43
4020 4022 10
8
75 19 14 47 44 77 69 70
4020 4022 10
8
88 49 44 77 69 53 33 28
4080 4082 10
6
88 49 44 77 69 70
4080 4082 10
5
71 68 76 45 48
4080 4082 10
5
64 41 42 52 70
4080 4082 10
5
47 44 77 69 53
4080 4082 10
12
77 69 53 43 31 32 52 68 76 45 48 85
4080 4082 10
4
64 41 31 28
4080 4082 10
3
85 15 16
4080 4082 10
8
88 49 44 77 69 53 33 28
4080 4082 10
1
48
4080 4082 10
9
62 71 68 76 45 46 15 16 75
4080 4082 10
7
71 68 76 45 46 15 16
4080 4082 10
10
71 68 76 45 46 15 18 39 34 13
4080 4082 10
5
62 71 53 43 31
4080 4082 10
6
62 71 68 76 45 48
4080 4082 10
10
62 71 68 76 45 46 15 18 39 34
4080 4082 10
10
38 19 14 47 44 77 69 53 33 28
4080 4082 10
1
62
4140 4142 10
5
85 15 18 39 34
4140 4142 10
6
71 68 76 45 48 85
4140 4142 10
6
62 71 68 76 45 48
4140 4142 10
4
64 41 31 28
4140 4142 10
5
64 41 42 52 70
4140 4142 10
6
88 49 44 77 69 53
4140 4142 10
6
71 68 76 45 46 15
4140 4142 10
8
64 41 42 52 68 76 45 48
4140 4142 10
6
62 71 53 43 40 65
4140 4142 10
8
75 19 14 47 44 77 69 70
4140 4142 10
8
71 68 76 45 46 15 18 39
4140 4142 10
4
71 53 33 28
4140 4142 10
4
32 43 31 28
4140 4142 10
5
62 71 53 43 40
4140 4142 10
7
47 44 77 69 53 33 28
4140 4142 10
9
76 45 48 88 49 44 77 69 70
4200 4202 10
5
71 53 43 40 65
4200 4202 10
3
62 71 53
4200 4202 10
1
64
4200 4202 10
6
62 71 68 76 45 48
4200 4202 10
4
42 33 28 62
4200 4202 10
2
85 15
4200 4202 10
1
62
4200 4202 10
6
62 71 53 43 40 65
4200 4202 10
4
64 41 31 28
4200 4202 10
8
74 17 14 47 44 77 69 70
4200 4202 10
4
71 53 33 28
4200 4202 10
5
47 44 77 69 70
4200 4202 10
6
88 49 44 77 69 70
4200 4202 10
10
75 19 14 47 44 77 69 53 33 28
4200 4202 10
12
12 35 38 19 14 47 44 77 69 53 33 28
4200 4202 10
4
32 43 31 28
4260 4262 10
21
35 38 74 17 18 39 34 13 8 12 35 38 19 14 47 44 77 69 53 33 28
4260 4262 10
8
38 19 14 47 44 77 69 70
4260 4262 10
4
71 53 33 28
4260 4262 10
6
68 76 45 46 15 16
4260 4262 10
7
71 68 76 45 46 15 16
4260 4262 10
7
62 71 68 76 45 48 85
4260 4262 10
4
85 15 18 39
4260 4262 10
4
62 71 53 43
4260 4262 10
9
62 71 68 76 45 46 15 18 39
4260 4262 10
4
43 31 28 62
4260 4262 10
11
18 74 17 14 47 44 77 69 53 33 28
4260 4262 10
6
62 71 68 76 45 48
4260 4262 10
7
65 51 52 68 76 45 48
4260 4262 10
5
75 19 14 47 48
4260 4262 10
9
62 71 68 76 45 46 15 16 75
4260 4262 10
8
71 68 76 45 46 15 18 39
4260 4262 10
10
71 68 76 45 46 15 18 39 34 13
4260 4262 10
3
85 15 16
4260 4262 10
6
71 68 76 45 48 85
4260 4262 10
2
65 51
4260 4262 10
9
48 88 49 44 77 69 53 33 28
4260 4262 10
6
62 71 53 43 40 65
4260 4262 10
3
42 33 28
4260 4262 10
3
88 49 46
4320 4322 10
9
48 88 49 44 77 69 53 33 28
4320 4322 10
12
12 35 38 19 14 47 44 77 69 53 33 28
4320 4322 10
3
88 49 46
4320 4322 10
1
62
4320 4322 10
4
85 15 18 39
4320 4322 10
7
47 44 77 69 53 33 28
4320 4322 10
6
88 49 44 77 69 70
4320 4322 10
8
62 71 68 76 45 46 15 16
4320 4322 10
8
38 19 14 47 44 77 69 53
4320 4322 10
10
12 35 38 19 14 47 44 77 69 70
4320 4322 10
10
74 17 14 47 44 77 69 53 33 28
4320 4322 10
7
88 49 44 77 69 53 43
4320 4322 10
2
43 31
4320 4322 10
7
71 68 76 45 46 15 16
4320 4322 10
7
38 19 14 47 44 77 69
4320 4322 10
6
62 71 68 76 45 48
4320 4322 10
4
64 41 31 28
4380 4382 10
9
35 38 19 14 47 44 77 69 70
4380 4382 10
4
71 53 33 28
4380 4382 10
5
47 44 77 69 53
4380 4382 10
4
64 41 31 28
4380 4382 10
5
47 44 77 69 70
4380 4382 10
6
62 71 53 43 31 32
4380 4382 10
8
88 49 44 77 69 53 33 28
4380 4382 10
3
52 68 76
4380 4382 10
6
62 71 53 43 40 65
4380 4382 10
10
75 19 14 47 44 77 69 53 33 28
4380 4382 10
7
71 68 76 45 46 15 16
4380 4382 10
6
71 68 76 45 48 85
4380 4382 10
8
75 19 14 47 44 77 69 70
4380 4382 10
8
62 71 68 76 45 46 15 16
4380 4382 10
7
48 88 49 44 77 69 70
4380 4382 10
11
62 71 68 76 45 46 15 18 39 34 13
4380 4382 10
12
12 35 38 19 14 47 44 77 69 53 33 28
4380 4382 10
3
77 69 53
4440 4442 10
8
75 19 14 47 44 77 69 70
4440 4442 10
11
77 69 53 43 31 32 52 68 76 45 48
4440 4442 10
4
64 41 31 28
4440 4442 10
9
62 71 68 76 45 46 15 18 39
4440 4442 10
2
64 41
4440 4442 10
3
71 68 76
4440 4442 10
10
75 19 14 47 44 77 69 53 33 28
4440 4442 10
6
62 71 68 76 45 48
4440 4442 10
11
62 71 68 76 45 46 15 18 39 34 13
4440 4442 10
7
71 68 76 45 46 15 16
4440 4442 10
8
88 49 44 77 69 53 33 28
4440 4442 10
4
85 15 18 39
4440 4442 10
8
62 71 68 76 45 46 15 16
4440 4442 10
4
71 53 33 28
4440 4442 10
3
85 15 16
4440 4442 10
8
52 68 76 45 46 15 18 39
4440 4442 10
5
71 68 76 45 48
4440 4442 10
12
12 35 38 19 14 47 44 77 69 53 33 28
4440 4442 10
7
52 68 76 45 46 15 16
4440 4442 10
6
62 71 53 43 40 65
4500 4502 10
8
75 19 14 47 44 77 69 70
4500 4502 10
4
71 68 76 45
4500 4502 10
7
71 68 76 45 46 15 16
4500 4502 10
10
12 35 38 19 14 47 44 77 69 70
4500 4502 10
1
64
4500 4502 10
4
62 71 68 76
4500 4502 10
8
62 71 68 76 45 46 15 16
4500 4502 10
7
62 71 68 76 45 48 85
4500 4502 10
6
62 71 53 43 40 65
4500 4502 10
8
38 19 14 47 44 77 69 70
4500 4502 10
5
71 53 43 40 65
4500 4502 10
9
62 71 68 76 45 46 15 18 39
4500 4502 10
4
62 71 53 43
4500 4502 10
2
71 68
4500 4502 10
9
30 40 65 51 52 68 76 45 48
4500 4502 10
1
62
4500 4502 10
3
71 53 43
4500 4502 10
6
88 49 44 77 69 70
4500 4502 10
8
88 49 44 77 69 53 33 28
4500 4502 10
4
64 41 31 28
4500 4502 10
12
12 35 38 19 14 47 44 77 69 53 33 28
4560 4562 10
8
88 49 44 77 69 53 33 28
4560 4562 10
9
64 41 42 52 68 76 45 46 15
4560 4562 10
10
38 19 14 47 44 77 69 53 33 28
4560 4562 10
11
77 69 53 43 31 32 52 68 76 45 48
4560 4562 10
4
64 41 42 33
4560 4562 10
9
71 68 76 45 46 15 16 75 19
4560 4562 10
5
71 68 76 45 48
4560 4562 10
6
88 49 44 77 69 70
4560 4562 10
5
38 19 14 47 48
4560 4562 10
3
71 53 43
4560 4562 10
8
62 71 68 76 45 46 15 16
4560 4562 10
5
75 19 14 47 48
4560 4562 10
6
62 71 53 43 40 65
4560 4562 10
4
64 41 31 28
4560 4562 10
10
12 35 38 19 14 47 44 77 69 53
4560 4562 10
4
71 53 33 28
4620 4622 10
10
62 71 68 76 45 46 15 18 39 34
4620 4622 10
9
48 88 49 44 77 69 53 33 28
4620 4622 10
4
76 45 48 85
4620 4622 10
8
71 68 76 45 46 15 16 75
4620 4622 10
13
75 19 16 75 19 14 47 44 77 69 53 33 28
4620 4622 10
8
52 68 76 45 46 15 18 39
4620 4622 10
7
52 68 76 45 46 15 16
4620 4622 10
5
85 15 18 39 34
4620 4622 10
8
75 19 14 47 44 77 69 70
4620 4622 10
1
62
4620 4622 10
5
47 44 77 69 70
4620 4622 10
9
62 71 68 76 45 46 15 18 39
4620 4622 10
4
64 41 31 28
4620 4622 10
4
68 76 45 48
4620 4622 10
7
62 71 68 76 45 48 85
4620 4622 10
10
64 41 42 52 68 76 45 46 15 16
4620 4622 10
6
32 52 68 76 45 48
4620 4622 10
8
71 68 76 45 46 15 18 39
4620 4622 10
2
71 68
4620 4622 10
4
32 43 31 28
4620 4622 10
4
71 53 43 31
4620 4622 10
6
71 68 76 45 48 85
4620 4622 10
5
62 71 53 43 31
4680 4682 10
5
65 51 33 28 62
4680 4682 10
5
71 68 76 45 48
4680 4682 10
9
62 71 68 76 45 46 15 18 39
4680 4682 10
4
64 41 31 28
4680 4682 10
9
52 68 76 45 46 15 18 39 34
4680 4682 10
11
62 71 68 76 45 46 15 18 39 34 13
4680 4682 10
4
52 68 76 45
4680 4682 10
8
38 19 14 47 44 77 69 70
4680 4682 10
6
88 49 44 77 69 70
4680 4682 10
6
71 53 43 40 65 51
4680 4682 10
8
88 49 44 77 69 53 33 28
4680 4682 10
6
62 71 53 43 40 65
4680 4682 10
8
71 68 76 45 46 15 18 39
4680 4682 10
10
71 68 76 45 46 15 16 75 19 16
4680 4682 10
3
85 15 16
4740 4742 10
1
62
4740 4742 10
11
35 38 19 14 47 44 77 69 53 33 28
4740 4742 10
4
64 41 31 28
4740 4742 10
8
62 71 68 76 45 48 88 49
4740 4742 10
4
65 51 33 28
4740 4742 10
5
43 31 32 52 70
4740 4742 10
8
75 19 14 47 44 77 69 70
4740 4742 10
14
77 69 53 43 31 32 52 68 76 45 46 15 18 39
4740 4742 10
8
71 68 76 45 46 15 16 75
4740 4742 10
11
62 71 68 76 45 46 15 18 39 34 13
4740 4742 10
3
76 45 48
4740 4742 10
9
76 45 48 88 49 44 77 69 70
4800 4802 10
4
71 53 33 28
4800 4802 10
4
62 71 53 43
4800 4802 10
7
47 44 77 69 53 33 28
4800 4802 10
4
30 42 33 28
4800 4802 10
9
52 68 76 45 46 15 16 75 19
4800 4802 10
1
62
4800 4802 10
5
64 41 42 52 70
4800 4802 10
13
77 69 53 43 31 32 52 68 76 45 46 15 16
4800 4802 10
4
64 41 31 28
4800 4802 10
12
71 68 76 45 46 15 18 39 34 13 8 12
4800 4802 10
4
64 41 42 33
4800 4802 10
9
62 71 68 76 45 46 15 18 39
4860 4862 10
11
71 68 76 45 46 15 16 75 19 16 75
4860 4862 10
3
42 33 28
4860 4862 10
8
62 71 68 76 45 48 88 49
4860 4862 10
5
85 15 18 39 34
4860 4862 10
8
75 19 14 47 44 77 69 70
4860 4862 10
5
71 68 76 45 48
4860 4862 10
4
64 41 31 28
4860 4862 10
8
88 49 44 77 69 53 33 28
4860 4862 10
6
62 71 53 43 40 65
4860 4862 10
3
62 71 53
4860 4862 10
4
85 15 18 39
4860 4862 10
2
71 53
4860 4862 10
7
12 35 38 19 14 47 48
4860 4862 10
3
76 45 48
4860 4862 10
6
42 52 68 76 45 48
4860 4862 10
12
77 69 53 43 31 32 52 68 76 45 48 85
4860 4862 10
8
38 19 14 47 44 77 69 70
4860 4862 10
8
71 68 76 45 46 15 18 39
4860 4862 10
11
62 71 68 76 45 46 15 18 39 34 13
4860 4862 10
10
52 68 76 45 46 15 18 39 34 13
4860 4862 10
3
85 15 16
4920 4922 10
8
88 49 44 77 69 53 33 28
4920 4922 10
12
71 68 76 45 46 15 18 39 34 13 8 12
4920 4922 10
2
85 15
4920 4922 10
5
85 15 18 39 34
4920 4922 10
8
75 19 14 47 44 77 69 53
4920 4922 10
10
75 19 14 47 44 77 69 53 33 28
4920 4922 10
1
64
4920 4922 10
10
12 35 38 19 14 47 44 77 69 70
4920 4922 10
9
76 45 48 88 49 44 77 69 70
4920 4922 10
4
71 53 33 28
4920 4922 10
6
71 68 76 45 48 85
4920 4922 10
6
62 71 53 43 40 65
4920 4922 10
8
62 71 68 76 45 46 15 16
4920 4922 10
9
32 52 68 76 45 46 15 18 39
4920 4922 10
10
38 19 14 47 44 77 69 53 33 28
4920 4922 10
1
62
4920 4922 10
6
71 68 76 45 46 15
4920 4922 10
13
77 69 53 43 31 32 52 68 76 45 46 15 16
4920 4922 10
4
88 49 44 77
4920 4922 10
8
75 19 14 47 44 77 69 70
4980 4982 10
7
71 68 76 45 48 88 49
4980 4982 10
4
62 71 53 43
4980 4982 10
6
88 49 44 77 69 70
4980 4982 10
2
64 41
4980 4982 10
8
75 19 14 47 44 77 69 70
4980 4982 10
10
62 71 68 76 45 46 15 18 39 34
4980 4982 10
4
71 53 33 28
4980 4982 10
6
32 52 68 76 45 48
4980 4982 10
8
71 68 76 45 46 15 18 39
4980 4982 10
6
62 71 53 43 40 65
4980 4982 10
8
38 19 14 47 44 77 69 70
4980 4982 10
4
85 15 16 75
4980 4982 10
8
38 19 14 47 44 77 69 53
4980 4982 10
12
77 69 53 43 31 32 52 68 76 45 46 15
5040 5042 10
10
62 71 68 76 45 46 15 18 39 34
5040 5042 10
10
48 88 49 46 84 49 44 77 69 70
5040 5042 10
10
75 19 14 47 44 77 69 53 33 28
5040 5042 10
9
48 88 49 44 77 69 53 33 28
5040 5042 10
8
75 19 14 47 44 77 69 53
5040 5042 10
2
88 49
5040 5042 10
7
52 68 76 45 46 15 16
5040 5042 10
5
64 41 42 52 70
5040 5042 10
5
32 43 31 28 62
5040 5042 10
1
62
5040 5042 10
4
71 53 33 28
5040 5042 10
2
71 53
5040 5042 10
6
62 71 68 76 45 48
5040 5042 10
11
64 41 42 52 68 76 45 46 15 18 39
5040 5042 10
6
62 71 53 43 40 65
5040 5042 10
9
76 45 48 88 49 44 77 69 70
5040 5042 10
5
47 44 77 69 70
5040 5042 10
4
64 41 31 28
5040 5042 10
7
71 68 76 45 46 15 16
5040 5042 10
5
71 68 76 45 48
5100 5102 10
6
62 71 53 43 40 65
5100 5102 10
5
43 31 32 52 70
5100 5102 10
11
62 71 68 76 45 46 15 18 39 34 13
5100 5102 10
11
77 69 53 43 31 32 52 68 76 45 48
5100 5102 10
10
75 19 14 47 44 77 69 53 33 28
5100 5102 10
8
85 15 18 39 34 13 8 12
5100 5102 10
5
71 68 76 45 48
5100 5102 10
7
47 44 77 69 53 33 28
5100 5102 10
6
88 49 44 77 69 70
5100 5102 10
1
71
5100 5102 10
8
88 49 44 77 69 53 33 28
5100 5102 10
2
75 39
5100 5102 10
2
88 49
5100 5102 10
4
62 71 53 43
5100 5102 10
8
88 49 44 77 69 53 43 40
5100 5102 10
4
64 41 42 33
5100 5102 10
9
16 75 19 14 47 44 77 69 70
5100 5102 10
3
85 15 16
5100 5102 10
10
12 35 38 19 14 47 44 77 69 70
5160 5162 10
11
35 38 19 14 47 44 77 69 53 33 28
5160 5162 10
3
52 68 76
5160 5162 10
10
75 19 14 47 44 77 69 53 33 28
5160 5162 10
4
71 53 33 28
5160 5162 10
3
88 49 44
5160 5162 10
5
62 71 53 43 31
5160 5162 10
4
64 41 31 28
5160 5162 10
4
64 41 42 33
5160 5162 10
6
62 71 53 43 40 65
5160 5162 10
3
42 33 28
5160 5162 10
6
62 71 68 76 45 48
5160 5162 10
4
71 68 76 45
5160 5162 10
7
71 68 76 45 46 15 16
5160 5162 10
7
62 71 68 76 45 48 85
5160 5162 10
3
85 15 16
5160 5162 10
6
88 49 44 77 69 70
5160 5162 10
1
62
5160 5162 10
10
64 41 42 52 68 76 45 46 15 16
5160 5162 10
8
38 19 14 47 44 77 69 53
5160 5162 10
8
62 71 68 76 45 46 15 16
5160 5162 10
9
18 74 17 14 47 44 77 69 70
5220 5222 10
6
88 49 44 77 69 70
5220 5222 10
3
88 49 46
5220 5222 10
11
35 38 19 14 47 44 77 69 53 33 28
5220 5222 10
5
62 71 53 43 31
5220 5222 10
4
71 53 33 28
5220 5222 10
8
88 49 44 77 69 53 33 28
5220 5222 10
6
32 52 68 76 45 48
5220 5222 10
4
64 41 31 28
5220 5222 10
8
71 68 76 45 46 15 18 39
5220 5222 10
2
71 53
5220 5222 10
2
64 41
5220 5222 10
8
75 19 14 47 44 77 69 70
5220 5222 10
3
43 31 28
5220 5222 10
5
68 76 45 46 15
5220 5222 10
1
52
5220 5222 10
10
75 19 14 47 44 77 69 53 33 28
5280 5282 10
3
52 68 76
5280 5282 10
2
85 15
5280 5282 10
10
12 35 38 19 14 47 44 77 69 70
5280 5282 10
6
62 71 68 76 45 48
5280 5282 10
6
88 49 44 77 69 70
5280 5282 10
4
64 41 31 28
5280 5282 10
4
71 53 43 40
5280 5282 10
8
71 68 76 45 46 15 18 39
5280 5282 10
10
75 19 14 47 44 77 69 53 33 28
5280 5282 10
3
88 49 44
5280 5282 10
5
71 53 43 40 65
5280 5282 10
9
48 88 49 44 77 69 53 33 28
5280 5282 10
3
43 31 28
5280 5282 10
11
62 71 68 76 45 46 15 18 39 34 13
5280 5282 10
3
62 71 53
5280 5282 10
8
52 68 76 45 46 15 18 39
5280 5282 10
6
76 45 46 15 18 39
5280 5282 10
5
71 68 76 45 48
5340 5342 10
4
71 53 33 28
5340 5342 10
10
71 68 76 45 46 15 16 75 19 16
5340 5342 10
8
75 19 14 47 44 77 69 53
5340 5342 10
10
38 19 14 47 44 77 69 53 33 28
5340 5342 10
4
88 49 44 77
5340 5342 10
8
62 71 68 76 45 46 15 16
5340 5342 10
6
88 49 44 77 69 70
5340 5342 10
5
62 71 53 43 31
5340 5342 10
10
64 41 42 52 68 76 45 46 15 16
5340 5342 10
2
71 68
5340 5342 10
8
71 68 76 45 46 15 18 39
5340 5342 10
10
75 19 14 47 44 77 69 53 33 28
5340 5342 10
6
62 71 68 76 45 48
5340 5342 10
5
71 53 43 40 65
5340 5342 10
5
52 68 76 45 48
5340 5342 10
6
62 71 53 43 40 65
5340 5342 10
4
64 41 42 33
5340 5342 10
9
62 71 68 76 45 46 15 18 39
5340 5342 10
8
74 17 14 47 44 77 69 70
5340 5342 10
1
62
5340 5342 10
10
62 71 68 76 45 46 15 18 39 34
5340 5342 10
3
85 15 16
5340 5342 10
6
88 49 44 77 69 53
5400 5402 10
1
62
5400 5402 10
8
75 19 14 47 44 77 69 70
5400 5402 10
6
88 49 44 77 69 53
5400 5402 10
7
52 68 76 45 46 15 16
5400 5402 10
5
88 49 44 77 69
5400 5402 10
6
62 71 53 43 40 65
5400 5402 10
4
71 68 76 45
5400 5402 10
4
71 53 43 40
5400 5402 10
8
75 19 14 47 44 77 69 53
5400 5402 10
11
43 31 32 52 68 76 45 46 15 18 39
5400 5402 10
11
62 71 68 76 45 46 15 18 39 34 13
5400 5402 10
5
71 53 43 40 65
5400 5402 10
10
38 19 14 47 44 77 69 53 33 28
5400 5402 10
4
64 41 31 28
5400 5402 10
10
75 19 14 47 44 77 69 53 33 28
5400 5402 10
9
62 71 68 76 45 46 15 18 39
5400 5402 10
1
71
5400 5402 10
8
62 71 68 76 45 46 15 16
5400 5402 10
3
43 40 65
5400 5402 10
6
85 15 18 39 34 13
5400 5402 10
6
62 71 68 76 45 48
5400 5402 10
7
47 44 77 69 53 33 28
5460 5462 10
8
62 71 68 76 45 46 15 16
5460 5462 10
11
62 71 68 76 45 46 15 18 39 34 13
5460 5462 10
4
68 76 45 48
5460 5462 10
5
52 68 76 45 48
5460 5462 10
7
47 44 77 69 53 33 28
5460 5462 10
4
71 68 76 45
5460 5462 10
7
48 88 49 44 77 69 70
5460 5462 10
5
71 53 43 40 65
5460 5462 10
8
75 19 14 47 44 77 69 53
5460 5462 10
4
71 53 33 28
5460 5462 10
6
62 71 68 76 45 48
5460 5462 10
6
35 38 19 14 47 48
5460 5462 10
3
71 68 76
5460 5462 10
4
64 41 31 28
5460 5462 10
2
71 53
5460 5462 10
8
75 19 14 47 44 77 69 70
5460 5462 10
8
71 68 76 45 46 15 18 39
5460 5462 10
1
62
5460 5462 10
6
71 68 76 45 48 85
5460 5462 10
10
75 19 14 47 44 77 69 53 33 28
5460 5462 10
4
43 31 28 62
5460 5462 10
7
71 68 76 45 46 15 16
5460 5462 10
8
88 49 44 77 69 53 33 28
5520 5522 10
4
71 53 43 31
5520 5522 10
10
52 68 76 45 46 15 18 39 34 13
5520 5522 10
5
75 19 14 47 48
5520 5522 10
2
88 49
5520 5522 10
4
71 53 33 28
5520 5522 10
5
71 68 76 45 48
5520 5522 10
6
32 52 68 76 45 48
5520 5522 10
5
88 49 44 77 69
5520 5522 10
10
12 35 38 19 14 47 44 77 69 70
5520 5522 10
10
62 71 68 76 45 46 15 18 39 34
5520 5522 10
4
64 41 31 28
5520 5522 10
10
75 19 14 47 44 77 69 53 33 28
5520 5522 10
6
62 71 53 43 40 65
5520 5522 10
6
88 49 44 77 69 70
5520 5522 10
8
71 68 76 45 46 15 18 39
5520 5522 10
10
71 68 76 45 46 15 18 39 34 13
5520 5522 10
7
48 88 49 44 77 69 53
5520 5522 10
8
71 68 76 45 46 15 16 75
5520 5522 10
2
64 41
5520 5522 10
5
71 53 43 40 65
5520 5522 10
12
12 35 38 19 14 47 44 77 69 53 33 28
5580 5582 10
8
88 49 44 77 69 53 33 28
5580 5582 10
8
75 19 14 47 44 77 69 70
5580 5582 10
8
62 71 68 76 45 46 15 16
5580 5582 10
4
64 41 31 28
5580 5582 10
2
71 53
5580 5582 10
7
71 68 76 45 48 88 49
5580 5582 10
7
48 88 49 44 77 69 70
5580 5582 10
8
71 68 76 45 46 15 18 39
5580 5582 10
6
62 71 53 43 40 65
5580 5582 10
4
65 51 33 28
5580 5582 10
4
71 53 33 28
5580 5582 10
10
12 35 38 19 14 47 44 77 69 70
5580 5582 10
4
85 15 18 39
5580 5582 10
5
85 15 16 75 19
5580 5582 10
7
88 49 44 77 69 53 43
5580 5582 10
11
35 38 19 14 47 44 77 69 53 33 28
5580 5582 10
2
52 68
5580 5582 10
1
62
5580 5582 10
4
71 68 76 45
5580 5582 10
11
62 71 68 76 45 46 15 18 39 34 13
5580 5582 10
7
47 44 77 69 53 33 28
5580 5582 10
9
32 52 68 76 45 46 15 18 39
5640 5642 10
1
62
5640 5642 10
6
71 68 76 45 48 85
5640 5642 10
8
64 41 42 52 68 76 45 48
5640 5642 10
7
71 68 76 45 46 15 16
5640 5642 10
3
85 15 16
5640 5642 10
3
43 40 65
5640 5642 10
4
64 41 31 28
5640 5642 10
7
52 68 76 45 46 15 16
5640 5642 10
4
71 53 33 28
5640 5642 10
5
71 68 76 45 48
5640 5642 10
6
62 71 53 43 40 65
5640 5642 10
6
88 49 44 77 69 70
5640 5642 10
9
62 71 68 76 45 46 15 18 39
5640 5642 10
5
52 68 76 45 48
5640 5642 10
3
62 71 53
5640 5642 10
3
71 68 76
5640 5642 10
3
88 49 46
5640 5642 10
10
62 71 68 76 45 46 15 18 39 34
5640 5642 10
5
88 49 44 77 69
5640 5642 10
4
85 15 18 39
5640 5642 10
8
75 19 14 47 44 77 69 70
5640 5642 10
8
76 45 46 15 18 39 34 13
5640 5642 10
2
71 53
5640 5642 10
6
85 15 18 39 34 13
5640 5642 10
2
64 41
5700 5702 10
10
62 71 68 76 45 46 15 18 39 34
5700 5702 10
8
75 19 14 47 44 77 69 70
5700 5702 10
3
52 68 76
5700 5702 10
8
43 31 32 52 68 76 45 48
5700 5702 10
2
71 53
5700 5702 10
4
85 15 18 39
5700 5702 10
10
12 35 38 19 14 47 44 77 69 70
5700 5702 10
9
88 49 44 77 69 53 43 40 65
5700 5702 10
8
88 49 44 77 69 53 43 31
5700 5702 10
10
75 19 14 47 44 77 69 53 33 28
5700 5702 10
9
48 88 49 44 77 69 53 33 28
5700 5702 10
8
74 17 14 47 44 77 69 53
5700 5702 10
11
35 38 19 14 47 44 77 69 53 33 28
5700 5702 10
6
88 49 44 77 69 70
5700 5702 10
6
62 71 53 43 40 65
5760 5762 10
2
85 15
5760 5762 10
8
75 19 14 47 44 77 69 53
5760 5762 10
8
75 19 14 47 44 77 69 70
5760 5762 10
10
12 35 38 19 14 47 44 77 69 53
5760 5762 10
4
71 68 76 45
5760 5762 10
6
62 71 68 76 45 48
5760 5762 10
4
71 53 33 28
5760 5762 10
6
32 52 68 76 45 48
5760 5762 10
5
88 49 44 77 69
5760 5762 10
4
64 41 31 28
5760 5762 10
6
62 71 53 43 40 65
5760 5762 10
7
62 71 68 76 45 48 85
5760 5762 10
3
62 71 53
5760 5762 10
6
88 49 44 77 69 70
5760 5762 10
13
62 71 68 76 45 46 15 18 39 34 13 8 12
5760 5762 10
2
71 68
5760 5762 10
9
62 71 68 76 45 46 15 18 39
5760 5762 10
8
62 71 68 76 45 46 15 16
5760 5762 10
7
71 68 76 45 46 15 16
5760 5762 10
9
88 49 44 77 69 53 43 40 65
5760 5762 10
9
48 88 49 44 77 69 53 33 28
5760 5762 10
10
71 68 76 45 46 15 18 39 34 13
5760 5762 10
6
88 49 44 77 69 53
5820 5822 10
5
85 15 18 39 34
5820 5822 10
8
75 19 14 47 44 77 69 53
5820 5822 10
6
62 71 53 43 40 65
5820 5822 10
4
71 53 33 28
5820 5822 10
11
18 74 17 14 47 44 77 69 53 33 28
5820 5822 10
8
38 19 14 47 44 77 69 70
5820 5822 10
5
62 71 53 43 31
5820 5822 10
9
52 68 76 45 46 15 18 39 34
5820 5822 10
4
64 41 31 28
5820 5822 10
7
62 71 68 76 45 46 15
5820 5822 10
8
75 19 14 47 44 77 69 70
5820 5822 10
5
71 68 76 45 48
5820 5822 10
11
62 71 68 76 45 46 15 18 39 34 13
5820 5822 10
7
71 68 76 45 46 15 16
5820 5822 10
6
52 68 76 45 48 85
5820 5822 10
10
38 19 14 47 44 77 69 53 33 28
5820 5822 10
4
85 15 18 39
5820 5822 10
1
62
5880 5882 10
4
85 15 18 39
5880 5882 10
4
71 53 33 28
5880 5882 10
7
48 88 49 44 77 69 70
5880 5882 10
8
75 19 14 47 44 77 69 53
5880 5882 10
8
88 49 44 77 69 53 33 28
5880 5882 10
5
71 53 43 40 65
5880 5882 10
4
64 41 31 28
5880 5882 10
10
75 19 14 47 44 77 69 53 33 28
5880 5882 10
1
43
5880 5882 10
6
62 71 68 76 45 48
5880 5882 10
9
71 68 76 45 46 15 16 75 19
5880 5882 10
6
62 71 53 43 40 65
5880 5882 10
10
12 35 38 19 14 47 44 77 69 70
5880 5882 10
8
38 19 14 47 44 77 69 70
5880 5882 10
10
38 19 14 47 44 77 69 53 33 28
5880 5882 10
8
71 68 76 45 46 15 18 39
5880 5882 10
12
12 35 38 19 14 47 44 77 69 53 33 28
5880 5882 10
13
64 41 42 52 68 76 45 46 15 18 39 34 13
5880 5882 10
6
42 52 68 76 45 48
5940 5942 10
3
85 15 16
5940 5942 10
10
75 19 14 47 44 77 69 53 33 28
5940 5942 10
10
71 68 76 45 46 15 18 39 34 13
5940 5942 10
6
62 71 68 76 45 48
5940 5942 10
4
43 31 28 62
5940 5942 10
8
88 49 44 77 69 53 33 28
5940 5942 10
8
64 41 42 52 68 76 45 48
5940 5942 10
6
62 71 53 43 40 65
5940 5942 10
2
71 53
5940 5942 10
5
76 45 46 15 16
5940 5942 10
8
75 19 14 47 44 77 69 70
5940 5942 10
7
52 68 76 45 46 15 16
5940 5942 10
10
52 68 76 45 46 15 18 39 34 13
5940 5942 10
6
88 49 44 77 69 70
6000 6002 10
1
62
6000 6002 10
4
64 41 31 28
6000 6002 10
6
88 49 44 77 69 70
6000 6002 10
7
52 68 76 45 46 15 16
6000 6002 10
2
71 68
6000 6002 10
12
12 35 38 19 14 47 44 77 69 53 33 28
6000 6002 10
12
88 49 44 77 69 53 43 31 32 52 68 76
6000 6002 10
8
71 68 76 45 46 15 16 75
6000 6002 10
4
71 53 33 28
6000 6002 10
8
38 19 14 47 44 77 69 70
6000 6002 10
10
71 68 76 45 46 15 18 39 34 13
6000 6002 10
5
71 53 43 40 65
6000 6002 10
3
62 71 53
6000 6002 10
3
85 15 16
6000 6002 10
8
62 71 68 76 45 46 15 16
6000 6002 10
9
48 88 49 44 77 69 53 33 28
6000 6002 10
4
43 31 28 62
6000 6002 10
6
48 88 49 44 77 69
6000 6002 10
5
71 68 76 45 48
6000 6002 10
9
62 71 68 76 45 46 15 18 39
6000 6002 10
9
18 74 17 14 47 44 77 69 53
6000 6002 10
6
62 71 68 76 45 48
6000 6002 10
10
12 35 38 19 14 47 44 77 69 70
6060 6062 10
4
71 53 33 28
6060 6062 10
4
64 41 31 28
6060 6062 10
8
38 19 14 47 44 77 69 70
6060 6062 10
3
71 68 76
6060 6062 10
8
88 49 44 77 69 53 33 28
6060 6062 10
10
12 35 38 19 14 47 44 77 69 70
6060 6062 10
6
62 71 53 43 40 65
6060 6062 10
6
62 71 68 76 45 48
6060 6062 10
1
52
6060 6062 10
9
62 71 53 43 40 65 51 43 31
6060 6062 10
9
62 71 68 76 45 46 15 18 39
6060 6062 10
3
88 49 44
6060 6062 10
8
71 68 76 45 46 15 16 75
6060 6062 10
12
12 35 38 19 14 47 44 77 69 53 33 28
6060 6062 10
7
48 88 49 44 77 69 70
6060 6062 10
10
38 19 14 47 44 77 69 53 33 28
6060 6062 10
6
32 52 68 76 45 48
6060 6062 10
3
62 71 68
6060 6062 10
1
62
6060 6062 10
8
71 53 43 40 65 51 43 31
6060 6062 10
4
43 31 28 62
6060 6062 10
6
52 68 76 45 48 85
6060 6062 10
6
62 71 68 76 45 48
6060 6062 10
3
43 31 28
6060 6062 10
8
75 19 14 47 44 77 69 70
6060 6062 10
11
77 69 53 43 31 32 52 68 76 45 48
6060 6062 10
14
77 69 53 43 31 32 52 68 76 45 46 15 18 39
6120 6122 10
10
12 35 38 19 14 47 44 77 69 70
6120 6122 10
10
12 35 38 19 14 47 44 77 69 53
6120 6122 10
9
62 71 68 76 45 46 15 18 39
6120 6122 10
8
71 68 76 45 46 15 18 39
6120 6122 10
1
62
6120 6122 10
7
71 68 76 45 46 15 16
6120 6122 10
11
62 71 68 76 45 46 15 18 39 34 13
6120 6122 10
10
71 68 76 45 46 15 18 39 34 13
6120 6122 10
3
85 15 16
6120 6122 10
6
88 49 44 77 69 70
6120 6122 10
6
62 71 68 76 45 48
6120 6122 10
5
62 71 53 43 31
6120 6122 10
6
62 71 53 43 40 65
6120 6122 10
8
38 19 14 47 44 77 69 70
6120 6122 10
8
38 19 14 47 44 77 69 53
6120 6122 10
10
75 19 14 47 44 77 69 53 33 28
6120 6122 10
8
88 49 44 77 69 53 33 28
6120 6122 10
9
76 45 48 88 49 44 77 69 70
6120 6122 10
4
64 41 31 28
6120 6122 10
8
52 68 76 45 46 15 16 75
6120 6122 10
10
38 19 14 47 44 77 69 53 33 28
6120 6122 10
6
68 76 45 46 15 16
6120 6122 10
8
62 71 68 76 45 46 15 16
6180 6182 10
6
62 71 53 43 40 65
6180 6182 10
13
75 19 16 75 19 14 47 44 77 69 53 33 28
6180 6182 10
9
88 49 44 77 69 53 43 40 65
6180 6182 10
9
48 88 49 44 77 69 53 33 28
6180 6182 10
8
75 19 14 47 44 77 69 70
6180 6182 10
4
62 71 68 76
6180 6182 10
4
71 53 33 28
6180 6182 10
10
71 68 76 45 46 15 18 39 34 13
6180 6182 10
6
88 49 44 77 69 70
6180 6182 10
5
47 44 77 69 70
6180 6182 10
1
70
6180 6182 10
10
12 35 38 19 14 47 44 77 69 70
6180 6182 10
7
71 68 76 45 46 15 16
6180 6182 10
1
62
6180 6182 10
2
88 49
6180 6182 10
11
62 71 68 76 45 46 15 18 39 34 13
6180 6182 10
4
64 41 31 28
6180 6182 10
6
85 15 18 39 34 13
6180 6182 10
7
47 44 77 69 53 33 28
6180 6182 10
4
64 41 42 33
6180 6182 10
3
62 71 53
6180 6182 10
4
71 53 43 40
6180 6182 10
3
88 49 44
6180 6182 10
8
71 68 76 45 46 15 18 39
6180 6182 10
5
71 53 43 40 65
6180 6182 10
6
62 71 68 76 45 48
6180 6182 10
5
71 68 76 45 48
6180 6182 10
13
64 41 42 52 68 76 45 46 15 18 39 34 13
6240 6242 10
9
16 75 19 14 47 44 77 69 70
6240 6242 10
4
85 15 16 75
6240 6242 10
4
64 41 31 28
6240 6242 10
8
88 49 44 77 69 53 33 28
6240 6242 10
4
42 33 28 62
6240 6242 10
5
71 68 76 45 48
6240 6242 10
3
88 49 46
6240 6242 10
10
74 17 14 47 44 77 69 53 33 28
6240 6242 10
8
88 49 44 77 69 53 43 40
6240 6242 10
5
48 88 49 44 77
6240 6242 10
4
71 53 33 28
6240 6242 10
9
62 71 68 76 45 46 15 16 75
6240 6242 10
7
71 68 76 45 46 15 16
6240 6242 10
6
88 49 44 77 69 70
6240 6242 10
5
62 71 68 76 45
6240 6242 10
5
62 71 53 43 31
6240 6242 10
1
43
6240 6242 10
8
75 19 14 47 44 77 69 53
6240 6242 10
11
35 38 19 14 47 44 77 69 53 33 28
6240 6242 10
6
42 52 68 76 45 48
6240 6242 10
9
62 71 68 76 45 46 15 18 39
6240 6242 10
10
64 41 42 52 68 76 45 46 15 16
6240 6242 10
4
85 15 18 39
6240 6242 10
4
64 41 42 52
6240 6242 10
7
52 68 76 45 46 15 16
6300 6302 10
8
71 68 76 45 46 15 16 75
6300 6302 10
6
62 71 53 43 40 65
6300 6302 10
7
52 68 76 45 46 15 16
6300 6302 10
7
18 74 17 14 47 44 77
6300 6302 10
4
71 53 33 28
6300 6302 10
1
62
6300 6302 10
4
64 41 31 28
6300 6302 10
4
85 15 18 39
6300 6302 10
10
75 19 14 47 44 77 69 53 33 28
6300 6302 10
10
12 35 38 19 14 47 44 77 69 70
6300 6302 10
6
64 41 42 33 30 42
6300 6302 10
5
62 71 53 43 40
6300 6302 10
6
62 71 68 76 45 48
6300 6302 10
4
71 68 76 45
6300 6302 10
4
43 31 28 62
6300 6302 10
8
88 49 44 77 69 53 33 28
6300 6302 10
2
71 68
6300 6302 10
7
64 41 42 52 68 76 45
6360 6362 10
9
88 49 46 84 49 44 77 69 70
6360 6362 10
5
71 53 43 31 32
6360 6362 10
8
75 19 14 47 44 77 69 70
6360 6362 10
7
65 51 52 68 76 45 48
6360 6362 10
8
71 68 76 45 46 15 18 39
6360 6362 10
5
38 19 14 47 44
6360 6362 10
9
88 49 44 77 69 53 43 40 65
6360 6362 10
9
62 71 68 76 45 46 15 16 75
6360 6362 10
3
76 45 48
6360 6362 10
9
62 71 68 76 45 46 15 18 39
6360 6362 10
5
71 68 76 45 48
6360 6362 10
4
62 71 53 43
6360 6362 10
8
88 49 44 77 69 53 33 28
6360 6362 10
6
71 68 76 45 48 85
6360 6362 10
7
71 68 76 45 46 15 16
6360 6362 10
1
71
6360 6362 10
4
71 53 33 28
6360 6362 10
2
47 48
6360 6362 10
4
30 42 33 28
6360 6362 10
10
75 19 14 47 44 77 69 53 33 28
6360 6362 10
5
75 19 14 47 48
6360 6362 10
6
48 88 49 44 77 69
6360 6362 10
2
43 31
6360 6362 10
4
64 41 42 33
6360 6362 10
10
71 68 76 45 46 15 18 39 34 13
6420 6422 10
10
38 19 14 47 44 77 69 53 33 28
6420 6422 10
2
71 53
6420 6422 10
11
88 49 46 84 49 44 77 69 53 33 28
6420 6422 10
4
64 41 31 28
6420 6422 10
3
85 15 16
6420 6422 10
4
62 71 53 43
6420 6422 10
4
88 49 44 77
6420 6422 10
8
62 71 68 76 45 46 15 16
6420 6422 10
6
62 71 68 76 45 48
6420 6422 10
6
71 68 76 45 48 85
6420 6422 10
7
71 68 76 45 46 15 16
6420 6422 10
6
85 15 18 39 34 13
6420 6422 10
2
71 68
6420 6422 10
6
52 68 76 45 48 85
6420 6422 10
5
52 68 76 45 48
6420 6422 10
4
30 42 33 28
6420 6422 10
9
88 49 44 77 69 53 43 40 65
6420 6422 10
5
32 43 31 28 62
6420 6422 10
9
62 71 68 76 45 46 15 18 39
6420 6422 10
8
75 19 14 47 44 77 69 70
6420 6422 10
7
48 88 49 44 77 69 70
6420 6422 10
5
88 49 44 77 69
6420 6422 10
8
71 68 76 45 46 15 18 39
6420 6422 10
2
64 41
6420 6422 10
5
71 68 76 45 48
6420 6422 10
6
52 68 76 45 46 15
6420 6422 10
11
77 69 53 43 31 32 52 68 76 45 48
6420 6422 10
10
12 35 38 19 14 47 44 77 69 70
6420 6422 10
8
38 19 14 47 44 77 69 70
6420 6422 10
7
47 44 77 69 53 33 28
6420 6422 10
4
85 15 18 39
6420 6422 10
5
47 44 77 69 70
6480 6482 10
5
71 68 76 45 48
6480 6482 10
8
75 19 14 47 44 77 69 70
6480 6482 10
7
48 88 49 44 77 69 70
6480 6482 10
9
48 88 49 44 77 69 53 33 28
6480 6482 10
4
71 53 33 28
6480 6482 10
6
62 71 68 76 45 48
6480 6482 10
10
62 71 68 76 45 46 15 18 39 34
6480 6482 10
6
71 68 76 45 48 85
6480 6482 10
4
64 41 31 28
6480 6482 10
7
71 68 76 45 46 15 16
6480 6482 10
5
38 19 14 47 48
6480 6482 10
1
48
6480 6482 10
8
62 71 68 76 45 46 15 16
6480 6482 10
10
12 35 38 19 14 47 44 77 69 70
6480 6482 10
7
52 68 76 45 46 15 16
6480 6482 10
3
85 15 16
6480 6482 10
7
47 44 77 69 53 33 28
6480 6482 10
6
62 71 53 43 40 65
6480 6482 10
7
71 68 76 45 46 15 16
6480 6482 10
6
75 19 14 47 44 77
6480 6482 10
6
62 71 53 43 31 32
6480 6482 10
4
42 33 28 62
6480 6482 10
3
71 53 43
6480 6482 10
10
75 19 14 47 44 77 69 53 33 28
6480 6482 10
9
62 71 68 76 45 46 15 18 39
6540 6542 10
4
71 53 43 31
6540 6542 10
7
48 88 49 44 77 69 70
6540 6542 10
11
35 38 19 14 47 44 77 69 53 33 28
6540 6542 10
5
47 44 77 69 70
6540 6542 10
6
64 41 42 33 30 40
6540 6542 10
7
71 68 76 45 46 15 16
6540 6542 10
5
71 68 76 45 48
6540 6542 10
8
88 49 44 77 69 53 33 28
6540 6542 10
2
88 49
6540 6542 10
6
85 15 18 39 34 13
6540 6542 10
8
75 19 14 47 44 77 69 53
6540 6542 10
4
71 53 33 28
6540 6542 10
3
43 31 28
6540 6542 10
10
12 35 38 19 14 47 44 77 69 70
6540 6542 10
6
71 68 76 45 48 85
6540 6542 10
10
75 19 14 47 44 77 69 53 33 28
6540 6542 10
8
62 71 68 76 45 48 88 49
6540 6542 10
8
62 71 68 76 45 46 15 16
6540 6542 10
7
62 71 68 76 45 48 85
6540 6542 10
6
62 71 53 43 40 65
6540 6542 10
3
62 71 53
6540 6542 10
6
42 52 68 76 45 48
6600 6602 10
3
62 71 53
6600 6602 10
4
64 41 31 28
6600 6602 10
6
62 71 53 43 40 65
6600 6602 10
8
88 49 44 77 69 53 33 28
6600 6602 10
8
64 41 42 52 68 76 45 48
6600 6602 10
10
71 68 76 45 46 15 18 39 34 13
6600 6602 10
4
43 31 28 62
6600 6602 10
3
77 69 70
6600 6602 10
2
71 68
6600 6602 10
8
38 19 14 47 44 77 69 70
6600 6602 10
10
71 68 76 45 46 15 16 75 19 16
6600 6602 10
9
52 68 76 45 46 15 18 39 34
6600 6602 10
7
48 88 49 44 77 69 70
6600 6602 10
9
62 71 68 76 45 46 15 18 39
6600 6602 10
3
85 15 16
6600 6602 10
10
74 17 14 47 44 77 69 53 33 28
6600 6602 10
7
47 44 77 69 53 33 28
6600 6602 10
9
18 74 17 14 47 44 77 69 70
6600 6602 10
4
64 41 42 33
6600 6602 10
19
35 38 74 17 18 39 34 13 8 12 35 38 19 14 47 44 77 69 70
6660 6662 10
11
88 49 46 84 49 44 77 69 53 33 28
6660 6662 10
9
71 68 76 45 46 15 16 75 19
6660 6662 10
5
74 17 14 47 48
6660 6662 10
1
62
6660 6662 10
9
62 71 68 76 45 46 15 16 75
6660 6662 10
6
88 49 44 77 69 53
6660 6662 10
9
62 71 68 76 45 46 15 18 39
6660 6662 10
4
71 53 33 28
6660 6662 10
11
35 38 19 14 47 44 77 69 53 33 28
6660 6662 10
6
62 71 53 43 40 65
6660 6662 10
4
64 41 31 28
6660 6662 10
5
71 68 76 45 48
6660 6662 10
9
88 49 44 77 69 53 43 40 65
6660 6662 10
5
43 31 32 52 70
6660 6662 10
9
35 38 19 14 47 44 77 69 53
6660 6662 10
3
62 71 53
6660 6662 10
5
71 53 43 40 65
6660 6662 10
3
42 33 28
6660 6662 10
9
16 75 19 14 47 44 77 69 70
6660 6662 10
10
74 17 14 47 44 77 69 53 33 28
6660 6662 10
6
32 52 68 76 45 48
6660 6662 10
3
71 53 43
6660 6662 10
5
88 49 44 77 69
6660 6662 10
3
88 49 46
6720 6722 10
6
62 71 68 76 45 48
6720 6722 10
3
85 15 16
6720 6722 10
7
52 68 76 45 46 15 16
6720 6722 10
10
75 19 14 47 44 77 69 53 33 28
6720 6722 10
3
62 71 53
6720 6722 10
4
71 53 33 28
6720 6722 10
8
88 49 44 77 69 53 33 28
6720 6722 10
9
62 71 68 76 45 46 15 18 39
6720 6722 10
9
48 88 49 44 77 69 53 43 31
6720 6722 10
5
85 15 18 39 34
6720 6722 10
10
71 68 76 45 46 15 18 39 34 13
6720 6722 10
8
71 68 76 45 46 15 18 39
6720 6722 10
1
71
6720 6722 10
5
71 53 43 40 65
6720 6722 10
10
62 71 68 76 45 46 15 18 39 34
6720 6722 10
11
35 38 19 14 47 44 77 69 53 33 28
6720 6722 10
4
64 41 31 28
6720 6722 10
4
48 88 49 44
6720 6722 10
2
71 68
6720 6722 10
10
12 35 38 19 14 47 44 77 69 53
6720 6722 10
8
75 19 14 47 44 77 69 70
6720 6722 10
10
64 41 42 52 68 76 45 46 15 16
6720 6722 10
4
71 68 76 45
6720 6722 10
2
40 65
6720 6722 10
6
88 49 44 77 69 70
6720 6722 10
4
68 76 45 48
6720 6722 10
6
71 68 76 45 48 85
6720 6722 10
2
71 53
6780 6782 10
21
35 38 74 17 18 39 34 13 8 12 35 38 19 14 47 44 77 69 53 33 28
6780 6782 10
7
88 49 44 77 69 53 43
6780 6782 10
8
62 71 68 76 45 46 15 16
6780 6782 10
3
71 68 76
6780 6782 10
4
64 41 31 28
6780 6782 10
9
62 71 68 76 45 46 15 18 39
6780 6782 10
8
88 49 44 77 69 53 33 28
6780 6782 10
10
12 35 38 19 14 47 44 77 69 70
6780 6782 10
6
88 49 44 77 69 70
6780 6782 10
10
71 68 76 45 46 15 18 39 34 13
6780 6782 10
9
76 45 48 88 49 44 77 69 70
6780 6782 10
4
32 43 31 28
6780 6782 10
6
62 71 53 43 40 65
6780 6782 10
4
71 53 33 28
6780 6782 10
7
52 68 76 45 46 15 16
6780 6782 10
7
71 68 76 45 48 88 49
6780 6782 10
3
85 15 16
6780 6782 10
6
62 71 68 76 45 48
6780 6782 10
10
52 68 76 45 46 15 18 39 34 13
6780 6782 10
10
75 19 14 47 44 77 69 53 33 28
6780 6782 10
8
71 68 76 45 46 15 16 75
6780 6782 10
8
75 19 14 47 44 77 69 70
6780 6782 10
11
77 69 53 43 31 32 52 68 76 45 48
6780 6782 10
2
47 48
6780 6782 10
5
62 71 53 43 31
6780 6782 10
6
18 74 17 14 47 44
6840 6842 10
6
71 68 76 45 48 85
6840 6842 10
6
62 71 68 76 45 48
6840 6842 10
7
62 71 68 76 45 48 85
6840 6842 10
9
88 49 44 77 69 53 43 40 65
6840 6842 10
19
35 38 74 17 18 39 34 13 8 12 35 38 19 14 47 44 77 69 70
6840 6842 10
11
18 74 17 14 47 44 77 69 53 33 28
6840 6842 10
4
43 31 28 62
6840 6842 10
8
75 19 14 47 44 77 69 70
6840 6842 10
2
85 15
6840 6842 10
4
64 41 31 28
6840 6842 10
7
52 68 76 45 46 15 16
6840 6842 10
2
64 41
6840 6842 10
6
88 49 44 77 69 70
6840 6842 10
1
62
6840 6842 10
12
71 68 76 45 46 15 18 39 34 13 8 12
6840 6842 10
3
62 71 53
6840 6842 10
5
71 68 76 45 48
6840 6842 10
7
71 68 76 45 46 15 16
6840 6842 10
8
88 49 44 77 69 53 33 28
6840 6842 10
4
71 53 33 28
6900 6902 10
12
12 35 38 19 14 47 44 77 69 53 33 28
6900 6902 10
8
62 71 68 76 45 46 15 16
6900 6902 10
4
62 71 53 43
6900 6902 10
4
71 53 33 28
6900 6902 10
11
62 71 68 76 45 46 15 18 39 34 13
6900 6902 10
6
62 71 53 43 40 65
6900 6902 10
4
43 31 28 62
6900 6902 10
9
35 38 19 14 47 44 77 69 70
6900 6902 10
6
71 53 43 31 32 43
6900 6902 10
6
88 49 44 77 69 70
6900 6902 10
5
71 68 76 45 48
6900 6902 10
2
85 15
6900 6902 10
8
38 19 14 47 44 77 69 70
6900 6902 10
5
88 49 44 77 69
6900 6902 10
1
71
6900 6902 10
8
75 19 14 47 44 77 69 70
6900 6902 10
12
88 49 46 84 49 44 77 69 53 43 31 32
6900 6902 10
9
62 71 68 76 45 46 15 18 39
6900 6902 10
10
71 68 76 45 46 15 18 39 34 13
6900 6902 10
1
62
6900 6902 10
10
38 19 14 47 44 77 69 53 33 28
6900 6902 10
4
64 41 31 28
6900 6902 10
7
52 68 76 45 46 15 16
6900 6902 10
6
52 68 76 45 48 85
6900 6902 10
8
38 19 14 47 44 77 69 53
6900 6902 10
10
18 74 17 14 47 44 77 69 53 43
6900 6902 10
7
71 68 76 45 46 15 16
6900 6902 10
6
62 71 68 76 45 48
6900 6902 10
7
47 44 77 69 53 33 28
6900 6902 10
8
88 49 44 77 69 53 33 28
6960 6962 10
8
88 49 44 77 69 53 43 40
6960 6962 10
9
62 71 68 76 45 46 15 18 39
6960 6962 10
5
71 53 43 40 65
6960 6962 10
3
52 68 76
6960 6962 10
1
62
6960 6962 10
8
71 68 76 45 46 15 18 39
6960 6962 10
8
88 49 44 77 69 53 33 28
6960 6962 10
8
75 19 14 47 44 77 69 70
6960 6962 10
10
52 68 76 45 46 15 18 39 34 13
6960 6962 10
4
43 31 28 62
6960 6962 10
6
71 68 76 45 48 85
6960 6962 10
5
71 53 43 31 32
6960 6962 10
4
64 41 31 28
6960 6962 10
8
62 71 68 76 45 46 15 16
6960 6962 10
10
64 41 42 52 68 76 45 46 15 16
6960 6962 10
4
85 15 18 39
6960 6962 10
9
88 49 44 77 69 53 43 40 65
6960 6962 10
6
85 15 18 39 34 13
6960 6962 10
4
85 15 16 75
6960 6962 10
3
42 33 28
6960 6962 10
6
88 49 44 77 69 70
6960 6962 10
10
75 19 14 47 44 77 69 53 33 28
6960 6962 10
8
88 49 44 77 69 53 33 28
6960 6962 10
6
62 71 68 76 45 48
7020 7022 10
4
30 42 33 28
7020 7022 10
11
77 69 53 43 31 32 52 68 76 45 48
7020 7022 10
7
71 68 76 45 46 15 16
7020 7022 10
11
88 49 44 77 69 53 43 40 65 51 43
7020 7022 10
4
71 53 33 28
7020 7022 10
10
71 68 76 45 46 15 18 39 34 13
7020 7022 10
7
18 74 17 14 47 44 77
7020 7022 10
7
64 41 42 52 68 76 45
7020 7022 10
10
74 17 14 47 44 77 69 53 33 28
7020 7022 10
4
48 88 49 44
7020 7022 10
5
52 68 76 45 48
7020 7022 10
11
62 71 68 76 45 46 15 18 39 34 13
7020 7022 10
9
52 68 76 45 46 15 16 75 19
7020 7022 10
8
38 19 14 47 44 77 69 70
7020 7022 10
8
71 68 76 45 46 15 18 39
7020 7022 10
10
12 35 38 19 14 47 44 77 69 70
7020 7022 10
6
71 53 43 31 32 43
7020 7022 10
6
62 71 68 76 45 48
7020 7022 10
8
75 19 14 47 44 77 69 70
7020 7022 10
4
71 53 33 28
7020 7022 10
8
62 71 68 76 45 46 15 16
7020 7022 10
8
88 49 44 77 69 53 33 28
7020 7022 10
1
48
7020 7022 10
4
64 41 31 28
7020 7022 10
5
62 71 53 43 31
7020 7022 10
3
85 15 16
7020 7022 10
8
18 74 17 14 47 44 77 69
7080 7082 10
9
18 74 17 14 47 44 77 69 70
7080 7082 10
2
88 49
7080 7082 10
6
88 49 44 77 69 70
7080 7082 10
8
88 49 44 77 69 53 33 28
7080 7082 10
5
65 51 33 28 62
7080 7082 10
4
64 41 31 28
7080 7082 10
3
43 31 28
7080 7082 10
8
62 71 68 76 45 46 15 16
7080 7082 10
4
71 53 43 31
7080 7082 10
10
71 68 76 45 46 15 16 75 19 16
7080 7082 10
3
62 71 53
7080 7082 10
6
32 52 68 76 45 48
7080 7082 10
9
35 38 19 14 47 44 77 69 53
7080 7082 10
3
77 69 70
7080 7082 10
4
64 41 42 33
7080 7082 10
5
71 68 76 45 48
7080 7082 10
6
71 68 76 45 48 85
7080 7082 10
3
77 69 53
7080 7082 10
5
71 53 43 40 65
7140 7142 10
6
52 68 76 45 48 85
7140 7142 10
5
62 71 68 76 45
7140 7142 10
10
65 51 52 68 76 45 46 15 18 39
7140 7142 10
8
71 68 76 45 46 15 18 39
7140 7142 10
5
71 68 76 45 48
7140 7142 10
9
88 49 44 77 69 53 43 40 65
7140 7142 10
8
71 68 76 45 46 15 16 75
7140 7142 10
9
48 88 49 44 77 69 53 33 28
7140 7142 10
10
71 68 76 45 46 15 18 39 34 13
7140 7142 10
8
64 41 42 52 68 76 45 48
7140 7142 10
9
62 71 68 76 45 46 15 18 39
7140 7142 10
2
71 53
7140 7142 10
8
32 52 68 76 45 46 15 16
7140 7142 10
1
62
7140 7142 10
6
35 38 19 14 47 48
7140 7142 10
4
71 53 33 28
7140 7142 10
5
40 65 51 33 28
7140 7142 10
8
88 49 44 77 69 53 43 31
7140 7142 10
10
38 19 14 47 44 77 69 53 33 28
7140 7142 10
11
35 38 19 14 47 44 77 69 53 33 28
7140 7142 10
1
65
7140 7142 10
6
32 52 68 76 45 48
7140 7142 10
11
77 69 53 43 31 32 52 68 76 45 48
7140 7142 10
6
62 71 53 43 40 65
7140 7142 10
6
88 49 44 77 69 70
7140 7142 10
4
64 41 31 28
7140 7142 10
10
75 19 14 47 44 77 69 53 33 28
7200 7202 10
11
35 38 19 14 47 44 77 69 53 33 28
7200 7202 10
8
75 19 14 47 44 77 69 53
7200 7202 10
11
16 75 19 14 47 44 77 69 53 33 28
7200 7202 10
6
62 71 53 43 40 65
7200 7202 10
8
38 19 14 47 44 77 69 53
7200 7202 10
3
43 31 28
7200 7202 10
6
71 68 76 45 46 15
7200 7202 10
8
88 49 44 77 69 53 33 28
7200 7202 10
7
47 44 77 69 53 33 28
7200 7202 10
2
43 40
7200 7202 10
9
62 71 68 76 45 46 15 18 39
7200 7202 10
3
85 15 16
7200 7202 10
8
71 68 76 45 46 15 18 39
7200 7202 10
1
62
7200 7202 10
4
64 41 31 28
7200 7202 10
4
71 53 33 28
7200 7202 10
8
75 19 14 47 44 77 69 70
7200 7202 10
10
12 35 38 19 14 47 44 77 69 70
7200 7202 10
11
62 71 68 76 45 46 15 18 39 34 13
7200 7202 10
5
75 19 14 47 48
7200 7202 10
7
48 88 49 44 77 69 70
7200 7202 10
4
71 53 43 40
7200 7202 10
5
62 71 53 43 31
7200 7202 10
4
64 41 42 33
