128
47.0536728 15.4278221 1 0
47.0911446 15.4150171 2 0
47.0704422 15.4125061 3 0
47.0528793 15.4496412 4 0
47.0589447 15.4124279 5 0
47.0528297 15.4407644 6 0
47.0910683 15.4246311 7 0
47.0639915 15.4529533 8 0
47.0537643 15.4279079 9 0
47.0528831 15.4142847 10 0
47.0789032 15.4701672 11 0
47.0832977 15.4123068 12 0
47.0832405 15.4123363 13 0
47.0772552 15.4122858 14 0
47.0585213 15.4704523 15 0
47.055833 15.4473146 16 1
47.0668812 15.4702836 17 0
47.0626506 15.4239196 18 1
47.053023 15.4433415 19 0
47.0860855 15.4206801 20 1
47.0665961 15.4480602 21 0
47.0572795 15.4318192 22 1
47.0690083 15.4464922 23 1
47.0663185 15.4356388 24 1
47.08962 15.459768 25 1
47.0635476 15.4508506 26 1
47.0833979 15.4129901 27 1
47.0691892 15.4591232 28 1
47.0591896 15.4143553 29 1
47.0712646 15.4193445 30 1
47.0791348 15.4675413 31 0
47.0776913 15.4345261 32 1
47.0579096 15.4375318 33 1
47.0569685 15.4339763 34 1
47.0710793 15.4288438 35 1
47.0694937 15.4358842 36 1
47.0869322 15.4605721 37 0
47.0594177 15.4694733 38 1
47.0548083 15.4125032 39 0
47.0869506 15.4275817 40 1
47.0596437 15.4205873 41 1
47.0789146 15.4643168 42 1
47.0735194 15.4539887 43 1
47.0647063 15.4648524 44 1
47.0695767 15.4346465 45 1
47.0664433 15.4343096 46 1
47.0665377 15.4465258 47 1
47.0647253 15.4314514 48 1
47.0795441 15.4421789 49 1
47.0582858 15.4404366 50 1
47.0705444 15.4132126 51 0
47.0645663 15.4548759 52 1
47.0569773 15.4270163 53 1
47.076085 15.4292875 54 1
47.0643425 15.4426449 55 1
47.0761121 15.4296908 56 1
47.0731913 15.418606 57 1
47.0665008 15.438335 58 1
47.0656292 15.4211317 59 1
47.0640221 15.4398554 60 1
47.0793324 15.4686108 61 1
47.0835075 15.4154146 62 1
47.0638174 15.412281 63 0
47.0580344 15.452692 64 1
47.066493 15.4315341 65 1
47.0594228 15.4521437 66 1
47.0641594 15.4534774 67 0
47.0707346 15.4146698 68 1
47.0642197 15.4352045 69 1
47.0603867 15.4212527 70 0
47.0751896 15.4527116 71 1
47.0861199 15.4605732 72 0
47.0592279 15.4210816 73 1
47.0644607 15.4396501 74 1
47.0806204 15.4328172 75 1
47.0638929 15.4312958 76 0
47.053086 15.4545144 77 0
47.0742702 15.4230924 78 1
47.0554781 15.4168179 79 1
47.0890663 15.4326054 80 1
47.0855694 15.4308114 81 1
47.0864784 15.422399 82 1
47.0645466 15.4402444 83 1
47.0612077 15.4443063 84 1
47.0613937 15.4590184 85 1
47.0539673 15.4549422 86 1
47.0628268 15.4569855 87 1
47.0537351 15.4427975 88 1
47.0872059 15.4124784 89 0
47.087088 15.4124317 90 0
47.0771472 15.4285886 91 1
47.0548462 15.4276747 92 1
47.0847179 15.417941 93 1
47.0557114 15.4155777 94 1
47.069587 15.4453625 95 1
47.0589641 15.4453943 96 1
47.0843307 15.4702141 97 0
47.090697 15.4272569 98 0
47.0688839 15.4357392 99 0
47.0873421 15.4296103 100 1
47.0792313 15.4390488 101 1
47.0674111 15.4500332 102 1
47.0779539 15.4436203 103 1
47.0667527 15.4270934 104 1
47.0748525 15.4303501 105 1
47.0791334 15.4691076 106 0
47.0773458 15.4335187 107 1
47.0593751 15.4259493 108 1
47.0585102 15.4308933 109 1
47.0641703 15.4339308 110 1
47.079731 15.4179406 111 0
47.0533142 15.4164024 112 0
47.0530116 15.4402421 113 0
47.0595462 15.4202779 114 1
47.0735512 15.4469297 115 1
47.0594034 15.4684034 116 1
47.0706211 15.4477881 117 1
47.0907288 15.4599305 118 0
47.0783348 15.4638138 119 1
47.0571683 15.4303338 120 1
47.0832863 15.4144631 121 0
47.064333 15.4421874 122 0
47.0868822 15.4284468 123 1
47.0615936 15.4586439 124 0
47.0655031 15.463696 125 1
47.0912571 15.4292507 126 0
47.0587311 15.4188757 127 1
47.0912132 15.4298754 128 0
170
53 1 265.8974304911539 16.67 3 3 2 3
1 0 0 0 1 0 0 0 1
1 0 0 0 1 0 0 0 1
53 108 216.9711204087374 16.67 3 3 4 5
1 0 0 0 1 0 0 0 1
1 0 0 0 1 0 0 0 1
53 120 369.19559218980515 16.67 3 3 6 7
1 0 0 0 1 0 0 0 1
1 0 0 0 1 0 0 0 1
53 92 177.27450190798896 16.67 3 3 8 9
1 0 0 0 1 0 0 0 1
1 0 0 0 1 0 0 0 1
54 78 702.4818419624393 16.67 3 3 10 11
1 0 0 0 1 0 0 0 1
1 0 0 0 1 0 0 0 1
54 56 44.89461480037182 16.67 3 3 12 13
1 0 0 0 1 0 0 0 1
1 0 0 0 1 0 0 0 1
54 91 111.85314006659098 16.67 3 3 14 15
1 0 0 0 1 0 0 0 1
1 0 0 0 1 0 0 0 1
54 105 150.5810468435385 16.67 3 3 16 17
1 0 0 0 1 0 0 0 1
1 0 0 0 1 0 0 0 1
55 47 462.48933037456993 16.67 3 3 18 19
1 0 0 0 1 0 0 0 1
1 0 0 0 1 0 0 0 1
55 122 50.8799060355095 16.67 3 3 20 21
1 0 0 0 1 0 0 0 1
1 0 0 0 1 0 0 0 1
55 84 300.86156890430726 16.67 3 3 22 23
1 0 0 0 1 0 0 0 1
1 0 0 0 1 0 0 0 1
56 91 145.4905065241526 16.67 3 3 24 25
1 0 0 0 1 0 0 0 1
1 0 0 0 1 0 0 0 1
56 107 435.80211518220773 16.67 3 3 26 27
1 0 0 0 1 0 0 0 1
1 0 0 0 1 0 0 0 1
56 105 120.31050274435921 16.67 3 3 28 29
1 0 0 0 1 0 0 0 1
1 0 0 0 1 0 0 0 1
57 30 167.44140686782552 16.67 3 3 30 31
1 0 0 0 1 0 0 0 1
1 0 0 0 1 0 0 0 1
57 78 505.54287737517706 16.67 3 3 32 33
1 0 0 0 1 0 0 0 1
1 0 0 0 1 0 0 0 1
57 62 858.125805414133 16.67 3 3 34 35
1 0 0 0 1 0 0 0 1
1 0 0 0 1 0 0 0 1
58 74 212.75636465747203 16.67 3 3 36 37
1 0 0 0 1 0 0 0 1
1 0 0 0 1 0 0 0 1
58 24 300.14005726328406 16.67 3 3 38 39
1 0 0 0 1 0 0 0 1
1 0 0 0 1 0 0 0 1
58 36 354.4940509668534 16.67 3 3 40 41
1 0 0 0 1 0 0 0 1
1 0 0 0 1 0 0 0 1
58 95 815.6849370801882 16.67 3 3 42 43
1 0 0 0 1 0 0 0 1
1 0 0 0 1 0 0 0 1
59 18 383.4258983344913 16.67 3 3 44 45
1 0 0 0 1 0 0 0 1
1 0 0 0 1 0 0 0 1
59 30 470.857978985445 16.67 3 3 46 47
1 0 0 0 1 0 0 0 1
1 0 0 0 1 0 0 0 1
59 104 668.3914269639034 16.67 3 3 48 49
1 0 0 0 1 0 0 0 1
1 0 0 0 1 0 0 0 1
60 74 40.31108939332833 16.67 3 3 50 51
1 0 0 0 1 0 0 0 1
1 0 0 0 1 0 0 0 1
60 50 439.29650738968076 16.67 3 3 52 53
1 0 0 0 1 0 0 0 1
1 0 0 0 1 0 0 0 1
60 83 58.73407265178236 16.67 3 3 54 55
1 0 0 0 1 0 0 0 1
1 0 0 0 1 0 0 0 1
61 31 119.86796128935512 16.67 3 3 56 57
1 0 0 0 1 0 0 0 1
1 0 0 0 1 0 0 0 1
61 106 57.263503344141235 16.67 3 3 58 59
1 0 0 0 1 0 0 0 1
1 0 0 0 1 0 0 0 1
61 97 418.3937470301602 16.67 3 3 60 61
1 0 0 0 1 0 0 0 1
1 0 0 0 1 0 0 0 1
62 89 430.1568601314626 16.67 3 3 62 63
1 0 0 0 1 0 0 0 1
1 0 0 0 1 0 0 0 1
62 90 428.40705244756725 16.67 3 3 64 65
1 0 0 0 1 0 0 0 1
1 0 0 0 1 0 0 0 1
62 93 295.51238338556635 16.67 3 3 66 67
1 0 0 0 1 0 0 0 1
1 0 0 0 1 0 0 0 1
64 86 396.92039681495874 16.67 3 3 68 69
1 0 0 0 1 0 0 0 1
1 0 0 0 1 0 0 0 1
64 16 620.796753274349 16.67 3 3 70 71
1 0 0 0 1 0 0 0 1
1 0 0 0 1 0 0 0 1
64 66 121.57561447341858 16.67 3 3 72 73
1 0 0 0 1 0 0 0 1
1 0 0 0 1 0 0 0 1
65 48 134.20988975772218 16.67 3 3 74 75
1 0 0 0 1 0 0 0 1
1 0 0 0 1 0 0 0 1
65 46 308.6635137976926 16.67 3 3 76 77
1 0 0 0 1 0 0 0 1
1 0 0 0 1 0 0 0 1
65 104 494.2054096479928 16.67 3 3 78 79
1 0 0 0 1 0 0 0 1
1 0 0 0 1 0 0 0 1
66 26 343.9727811912976 16.67 3 3 80 81
1 0 0 0 1 0 0 0 1
1 0 0 0 1 0 0 0 1
66 85 778.9224501951304 16.67 3 3 82 83
1 0 0 0 1 0 0 0 1
1 0 0 0 1 0 0 0 1
67 52 158.54061701030324 16.67 3 3 84 85
1 0 0 0 1 0 0 0 1
1 0 0 0 1 0 0 0 1
67 8 59.65240412426703 16.67 3 3 86 87
1 0 0 0 1 0 0 0 1
1 0 0 0 1 0 0 0 1
68 30 521.3825537498689 16.67 3 3 88 89
1 0 0 0 1 0 0 0 1
1 0 0 0 1 0 0 0 1
68 14 560.5193159531933 16.67 3 3 90 91
1 0 0 0 1 0 0 0 1
1 0 0 0 1 0 0 0 1
68 51 162.68230485908998 16.67 3 3 92 93
1 0 0 0 1 0 0 0 1
1 0 0 0 1 0 0 0 1
69 74 494.6956038636858 16.67 3 3 94 95
1 0 0 0 1 0 0 0 1
1 0 0 0 1 0 0 0 1
69 24 166.15403996056142 16.67 3 3 96 97
1 0 0 0 1 0 0 0 1
1 0 0 0 1 0 0 0 1
69 110 141.6871358662051 16.67 3 3 98 99
1 0 0 0 1 0 0 0 1
1 0 0 0 1 0 0 0 1
70 18 342.5814549880903 16.67 3 3 100 101
1 0 0 0 1 0 0 0 1
1 0 0 0 1 0 0 0 1
70 41 92.96807110991188 16.67 3 3 102 103
1 0 0 0 1 0 0 0 1
1 0 0 0 1 0 0 0 1
71 115 654.8209057137625 16.67 3 3 104 105
1 0 0 0 1 0 0 0 1
1 0 0 0 1 0 0 0 1
71 119 1257.3525095395887 16.67 3 3 106 107
1 0 0 0 1 0 0 0 1
1 0 0 0 1 0 0 0 1
71 43 190.1785185837017 16.67 3 3 108 109
1 0 0 0 1 0 0 0 1
1 0 0 0 1 0 0 0 1
72 37 61.50512847823135 16.67 3 3 110 111
1 0 0 0 1 0 0 0 1
1 0 0 0 1 0 0 0 1
72 42 686.2522360548639 16.67 3 3 112 113
1 0 0 0 1 0 0 0 1
1 0 0 0 1 0 0 0 1
73 108 541.4117825015791 16.67 3 3 114 115
1 0 0 0 1 0 0 0 1
1 0 0 0 1 0 0 0 1
73 114 92.5685893364729 16.67 3 3 116 117
1 0 0 0 1 0 0 0 1
1 0 0 0 1 0 0 0 1
73 41 63.352717524432855 16.67 3 3 118 119
1 0 0 0 1 0 0 0 1
1 0 0 0 1 0 0 0 1
74 83 66.40676571047972 16.67 3 3 120 121
1 0 0 0 1 0 0 0 1
1 0 0 0 1 0 0 0 1
75 40 754.144195522508 16.67 3 3 122 123
1 0 0 0 1 0 0 0 1
1 0 0 0 1 0 0 0 1
75 81 436.11661057947407 16.67 3 3 124 125
1 0 0 0 1 0 0 0 1
1 0 0 0 1 0 0 0 1
75 32 292.07924662039864 16.67 3 3 126 127
1 0 0 0 1 0 0 0 1
1 0 0 0 1 0 0 0 1
76 109 410.18183884283127 16.67 3 3 128 129
1 0 0 0 1 0 0 0 1
1 0 0 0 1 0 0 0 1
76 48 65.38426139759348 16.67 3 3 130 131
1 0 0 0 1 0 0 0 1
1 0 0 0 1 0 0 0 1
78 111 706.5696504694236 16.67 3 3 132 133
1 0 0 0 1 0 0 0 1
1 0 0 0 1 0 0 0 1
79 112 170.32517411560977 16.67 3 3 134 135
1 0 0 0 1 0 0 0 1
1 0 0 0 1 0 0 0 1
79 127 336.30484700559566 16.67 3 3 136 137
1 0 0 0 1 0 0 0 1
1 0 0 0 1 0 0 0 1
79 94 139.04045953612092 16.67 3 3 138 139
1 0 0 0 1 0 0 0 1
1 0 0 0 1 0 0 0 1
80 82 1151.7587329257356 16.67 3 3 140 141
1 0 0 0 1 0 0 0 1
1 0 0 0 1 0 0 0 1
80 128 344.3591469084589 16.67 3 3 142 143
1 0 0 0 1 0 0 0 1
1 0 0 0 1 0 0 0 1
80 126 408.26309709066476 16.67 3 3 144 145
1 0 0 0 1 0 0 0 1
1 0 0 0 1 0 0 0 1
80 49 1285.7396867020705 16.67 3 3 146 147
1 0 0 0 1 0 0 0 1
1 0 0 0 1 0 0 0 1
81 100 189.35639668446626 16.67 3 3 148 149
1 0 0 0 1 0 0 0 1
1 0 0 0 1 0 0 0 1
81 123 281.109163457246 16.67 3 3 150 151
1 0 0 0 1 0 0 0 1
1 0 0 0 1 0 0 0 1
82 45 1868.8562304711181 16.67 3 3 152 153
1 0 0 0 1 0 0 0 1
1 0 0 0 1 0 0 0 1
82 20 193.44591327578857 16.67 3 3 154 155
1 0 0 0 1 0 0 0 1
1 0 0 0 1 0 0 0 1
83 122 216.67002059124374 16.67 3 3 156 157
1 0 0 0 1 0 0 0 1
1 0 0 0 1 0 0 0 1
84 26 749.013422243785 16.67 3 3 158 159
1 0 0 0 1 0 0 0 1
1 0 0 0 1 0 0 0 1
84 96 208.6236354790298 16.67 3 3 160 161
1 0 0 0 1 0 0 0 1
1 0 0 0 1 0 0 0 1
85 124 44.31273399874877 16.67 3 3 162 163
1 0 0 0 1 0 0 0 1
1 0 0 0 1 0 0 0 1
85 116 1054.463128694059 16.67 3 3 164 165
1 0 0 0 1 0 0 0 1
1 0 0 0 1 0 0 0 1
86 77 81.98357815507705 16.67 3 3 166 167
1 0 0 0 1 0 0 0 1
1 0 0 0 1 0 0 0 1
86 116 1552.5340023776769 16.67 3 3 168 169
1 0 0 0 1 0 0 0 1
1 0 0 0 1 0 0 0 1
87 125 773.2678949840092 16.67 3 3 170 171
1 0 0 0 1 0 0 0 1
1 0 0 0 1 0 0 0 1
87 124 206.72696344152263 16.67 3 3 172 173
1 0 0 0 1 0 0 0 1
1 0 0 0 1 0 0 0 1
87 52 269.064572397102 16.67 3 3 174 175
1 0 0 0 1 0 0 0 1
1 0 0 0 1 0 0 0 1
88 19 81.05676139723455 16.67 3 3 176 177
1 0 0 0 1 0 0 0 1
1 0 0 0 1 0 0 0 1
88 16 526.8566660740962 16.67 3 3 178 179
1 0 0 0 1 0 0 0 1
1 0 0 0 1 0 0 0 1
88 6 236.26158413797214 16.67 3 3 180 181
1 0 0 0 1 0 0 0 1
1 0 0 0 1 0 0 0 1
88 50 433.35354258180394 16.67 3 3 182 183
1 0 0 0 1 0 0 0 1
1 0 0 0 1 0 0 0 1
91 93 1315.536833047027 16.67 3 3 184 185
1 0 0 0 1 0 0 0 1
1 0 0 0 1 0 0 0 1
92 120 344.0733067759361 16.67 3 3 186 187
1 0 0 0 1 0 0 0 1
1 0 0 0 1 0 0 0 1
92 9 85.97078624011891 16.67 3 3 188 189
1 0 0 0 1 0 0 0 1
1 0 0 0 1 0 0 0 1
93 20 321.7143083557962 16.67 3 3 190 191
1 0 0 0 1 0 0 0 1
1 0 0 0 1 0 0 0 1
94 39 348.66872051027667 16.67 3 3 192 193
1 0 0 0 1 0 0 0 1
1 0 0 0 1 0 0 0 1
94 29 296.5047712619662 16.67 3 3 194 195
1 0 0 0 1 0 0 0 1
1 0 0 0 1 0 0 0 1
94 10 258.0439782848533 16.67 3 3 196 197
1 0 0 0 1 0 0 0 1
1 0 0 0 1 0 0 0 1
95 23 133.05156459708562 16.67 3 3 198 199
1 0 0 0 1 0 0 0 1
1 0 0 0 1 0 0 0 1
95 115 347.16355753380014 16.67 3 3 200 201
1 0 0 0 1 0 0 0 1
1 0 0 0 1 0 0 0 1
96 16 319.15964348749566 16.67 3 3 202 203
1 0 0 0 1 0 0 0 1
1 0 0 0 1 0 0 0 1
96 50 553.6946212360865 16.67 3 3 204 205
1 0 0 0 1 0 0 0 1
1 0 0 0 1 0 0 0 1
99 24 194.6280008233286 16.67 3 3 206 207
1 0 0 0 1 0 0 0 1
1 0 0 0 1 0 0 0 1
99 36 48.920874573779315 16.67 3 3 208 209
1 0 0 0 1 0 0 0 1
1 0 0 0 1 0 0 0 1
100 98 364.7094373237347 16.67 3 3 210 211
1 0 0 0 1 0 0 0 1
1 0 0 0 1 0 0 0 1
100 123 133.9871984846306 16.67 3 3 212 213
1 0 0 0 1 0 0 0 1
1 0 0 0 1 0 0 0 1
101 49 348.87777648411424 16.67 3 3 214 215
1 0 0 0 1 0 0 0 1
1 0 0 0 1 0 0 0 1
101 103 517.4806411310105 16.67 3 3 216 217
1 0 0 0 1 0 0 0 1
1 0 0 0 1 0 0 0 1
101 32 516.2760940290418 16.67 3 3 218 219
1 0 0 0 1 0 0 0 1
1 0 0 0 1 0 0 0 1
102 21 227.92012475261112 16.67 3 3 220 221
1 0 0 0 1 0 0 0 1
1 0 0 0 1 0 0 0 1
102 28 1019.7569791255244 16.67 3 3 222 223
1 0 0 0 1 0 0 0 1
1 0 0 0 1 0 0 0 1
102 23 411.9307266791692 16.67 3 3 224 225
1 0 0 0 1 0 0 0 1
1 0 0 0 1 0 0 0 1
102 52 580.0260364229769 16.67 3 3 226 227
1 0 0 0 1 0 0 0 1
1 0 0 0 1 0 0 0 1
103 49 200.48335421207122 16.67 3 3 228 229
1 0 0 0 1 0 0 0 1
1 0 0 0 1 0 0 0 1
103 115 496.58333170863364 16.67 3 3 230 231
1 0 0 0 1 0 0 0 1
1 0 0 0 1 0 0 0 1
103 25 2001.2169665037607 16.67 3 3 232 233
1 0 0 0 1 0 0 0 1
1 0 0 0 1 0 0 0 1
104 18 470.21605708175485 16.67 3 3 234 235
1 0 0 0 1 0 0 0 1
1 0 0 0 1 0 0 0 1
104 35 381.16393360280523 16.67 3 3 236 237
1 0 0 0 1 0 0 0 1
1 0 0 0 1 0 0 0 1
105 35 331.23096835285213 16.67 3 3 238 239
1 0 0 0 1 0 0 0 1
1 0 0 0 1 0 0 0 1
106 11 119.11195450617743 16.67 3 3 240 241
1 0 0 0 1 0 0 0 1
1 0 0 0 1 0 0 0 1
107 32 115.03961666646644 16.67 3 3 242 243
1 0 0 0 1 0 0 0 1
1 0 0 0 1 0 0 0 1
107 36 650.2202698920557 16.67 3 3 244 245
1 0 0 0 1 0 0 0 1
1 0 0 0 1 0 0 0 1
108 18 335.43215899538893 16.67 3 3 246 247
1 0 0 0 1 0 0 0 1
1 0 0 0 1 0 0 0 1
109 120 119.18573557386614 16.67 3 3 248 249
1 0 0 0 1 0 0 0 1
1 0 0 0 1 0 0 0 1
109 22 138.901306492358 16.67 3 3 250 251
1 0 0 0 1 0 0 0 1
1 0 0 0 1 0 0 0 1
110 48 278.90040530306493 16.67 3 3 252 253
1 0 0 0 1 0 0 0 1
1 0 0 0 1 0 0 0 1
110 34 545.5475863017002 16.67 3 3 254 255
1 0 0 0 1 0 0 0 1
1 0 0 0 1 0 0 0 1
110 46 177.2537854537599 16.67 3 3 256 257
1 0 0 0 1 0 0 0 1
1 0 0 0 1 0 0 0 1
114 127 167.7082723692051 16.67 3 3 258 259
1 0 0 0 1 0 0 0 1
1 0 0 0 1 0 0 0 1
114 41 35.189711361699445 16.67 3 3 260 261
1 0 0 0 1 0 0 0 1
1 0 0 0 1 0 0 0 1
115 117 241.57045336195216 16.67 3 3 262 263
1 0 0 0 1 0 0 0 1
1 0 0 0 1 0 0 0 1
116 38 118.97972237142307 16.67 3 3 264 265
1 0 0 0 1 0 0 0 1
1 0 0 0 1 0 0 0 1
117 23 188.91210391048233 16.67 3 3 266 267
1 0 0 0 1 0 0 0 1
1 0 0 0 1 0 0 0 1
117 43 723.6169611778496 16.67 3 3 268 269
1 0 0 0 1 0 0 0 1
1 0 0 0 1 0 0 0 1
119 42 71.10914044585374 16.67 3 3 270 271
1 0 0 0 1 0 0 0 1
1 0 0 0 1 0 0 0 1
119 43 1151.817806252829 16.67 3 3 272 273
1 0 0 0 1 0 0 0 1
1 0 0 0 1 0 0 0 1
120 22 165.39381782658393 16.67 3 3 274 275
1 0 0 0 1 0 0 0 1
1 0 0 0 1 0 0 0 1
16 4 342.06922589672473 16.67 3 3 276 277
1 0 0 0 1 0 0 0 1
1 0 0 0 1 0 0 0 1
8 26 236.2293096435142 16.67 3 3 278 279
1 0 0 0 1 0 0 0 1
1 0 0 0 1 0 0 0 1
121 27 164.01806635815032 16.67 3 3 280 281
1 0 0 0 1 0 0 0 1
1 0 0 0 1 0 0 0 1
20 2 737.0905940960337 16.67 3 3 282 283
1 0 0 0 1 0 0 0 1
1 0 0 0 1 0 0 0 1
21 47 170.68534968256725 16.67 3 3 284 285
1 0 0 0 1 0 0 0 1
1 0 0 0 1 0 0 0 1
22 33 637.042297129922 16.67 3 3 286 287
1 0 0 0 1 0 0 0 1
1 0 0 0 1 0 0 0 1
22 34 241.02768386904802 16.67 3 3 288 289
1 0 0 0 1 0 0 0 1
1 0 0 0 1 0 0 0 1
23 47 187.16406945913715 16.67 3 3 290 291
1 0 0 0 1 0 0 0 1
1 0 0 0 1 0 0 0 1
24 46 148.11138414701537 16.67 3 3 292 293
1 0 0 0 1 0 0 0 1
1 0 0 0 1 0 0 0 1
25 37 222.2776083846812 16.67 3 3 294 295
1 0 0 0 1 0 0 0 1
1 0 0 0 1 0 0 0 1
25 118 85.87242207889729 16.67 3 3 296 297
1 0 0 0 1 0 0 0 1
1 0 0 0 1 0 0 0 1
26 47 531.5924220060467 16.67 3 3 298 299
1 0 0 0 1 0 0 0 1
1 0 0 0 1 0 0 0 1
27 13 73.67416241523355 16.67 3 3 300 301
1 0 0 0 1 0 0 0 1
1 0 0 0 1 0 0 0 1
27 12 76.36204479178078 16.67 3 3 302 303
1 0 0 0 1 0 0 0 1
1 0 0 0 1 0 0 0 1
28 125 580.1057048361747 16.67 3 3 304 305
1 0 0 0 1 0 0 0 1
1 0 0 0 1 0 0 0 1
28 43 658.4594891726636 16.67 3 3 306 307
1 0 0 0 1 0 0 0 1
1 0 0 0 1 0 0 0 1
29 5 215.13177791786484 16.67 3 3 308 309
1 0 0 0 1 0 0 0 1
1 0 0 0 1 0 0 0 1
29 63 419.6589073870495 16.67 3 3 310 311
1 0 0 0 1 0 0 0 1
1 0 0 0 1 0 0 0 1
29 127 503.875139438175 16.67 3 3 312 313
1 0 0 0 1 0 0 0 1
1 0 0 0 1 0 0 0 1
123 40 96.33996947069126 16.67 3 3 314 315
1 0 0 0 1 0 0 0 1
1 0 0 0 1 0 0 0 1
31 42 358.95768155143895 16.67 3 3 316 317
1 0 0 0 1 0 0 0 1
1 0 0 0 1 0 0 0 1
125 44 142.05296793051875 16.67 3 3 318 319
1 0 0 0 1 0 0 0 1
1 0 0 0 1 0 0 0 1
33 34 401.7545444122784 16.67 3 3 320 321
1 0 0 0 1 0 0 0 1
1 0 0 0 1 0 0 0 1
33 50 324.27377668537576 16.67 3 3 322 323
1 0 0 0 1 0 0 0 1
1 0 0 0 1 0 0 0 1
33 113 478.03833721744843 16.67 3 3 324 325
1 0 0 0 1 0 0 0 1
1 0 0 0 1 0 0 0 1
35 45 655.2294620629261 16.67 3 3 326 327
1 0 0 0 1 0 0 0 1
1 0 0 0 1 0 0 0 1
36 45 137.7779436178496 16.67 3 3 328 329
1 0 0 0 1 0 0 0 1
1 0 0 0 1 0 0 0 1
38 15 128.3092478114777 16.67 3 3 330 331
1 0 0 0 1 0 0 0 1
1 0 0 0 1 0 0 0 1
38 44 651.5789848126677 16.67 3 3 332 333
1 0 0 0 1 0 0 0 1
1 0 0 0 1 0 0 0 1
40 7 452.6161987026344 16.67 3 3 334 335
1 0 0 0 1 0 0 0 1
1 0 0 0 1 0 0 0 1
44 17 626.0247639016065 16.67 3 3 336 337
1 0 0 0 1 0 0 0 1
1 0 0 0 1 0 0 0 1
45 46 240.26445931959228 16.67 3 3 338 339
1 0 0 0 1 0 0 0 1
1 0 0 0 1 0 0 0 1
51 3 78.94446092777665 16.67 3 3 340 341
1 0 0 0 1 0 0 0 1
1 0 0 0 1 0 0 0 1
85
16 71 203 179 276
18 235 45 101 247
20 155 282 191 -1
22 286 251 275 288
23 225 267 199 290
24 39 207 292 97
25 -1 296 233 294
26 279 298 159 81
27 281 -1 302 300
28 304 306 223 -1
29 312 310 308 195
30 -1 31 89 47
32 219 127 243 -1
33 322 287 320 324
34 321 255 289 -1
35 326 239 -1 237
36 41 245 328 209
38 330 332 265 -1
40 315 334 -1 123
41 119 103 261 -1
42 317 113 -1 271
43 273 109 269 307
44 336 -1 319 333
45 329 153 327 338
46 293 339 77 257
47 285 291 19 299
48 253 75 -1 131
49 -1 147 215 229
50 205 53 323 183
52 175 227 85 -1
53 6 4 2 8
54 12 14 10 16
55 18 -1 20 22
56 26 24 13 28
57 32 34 -1 30
58 42 40 38 36
59 48 46 -1 44
60 54 50 -1 52
61 58 60 56 -1
62 66 62 64 35
64 -1 72 70 68
65 76 -1 78 74
66 82 80 -1 73
68 88 90 92 -1
69 94 96 98 -1
71 106 -1 104 108
73 114 118 116 -1
74 120 37 95 51
75 -1 124 122 126
78 11 132 33 -1
79 -1 136 138 134
80 146 142 144 140
81 -1 148 150 125
82 141 -1 154 152
83 156 -1 121 55
84 158 23 -1 160
85 164 162 83 -1
86 168 69 -1 166
87 170 -1 174 172
88 178 182 180 176
91 25 -1 184 15
92 186 9 -1 188
93 190 -1 67 185
94 139 194 192 196
95 198 200 43 -1
96 -1 161 204 202
100 -1 210 212 149
101 214 -1 218 216
102 222 224 220 226
103 232 228 217 230
104 79 236 49 234
105 -1 29 17 238
107 242 -1 27 244
108 -1 246 115 5
109 250 129 -1 248
110 99 256 252 254
114 260 -1 258 117
115 105 231 201 262
116 264 -1 165 169
117 268 263 -1 266
119 -1 270 107 272
120 274 249 7 187
123 213 -1 314 151
125 318 305 171 -1
127 259 -1 313 137
