185
53.4801025 -2.2553282 1 1
53.493782 -2.2164795 2 1
53.4754791 -2.2201557 3 0
53.4813957 -2.2476137 4 0
53.4938278 -2.2358 5 0
53.4743271 -2.24898 6 0
53.4794464 -2.2561786 7 1
53.4781837 -2.2194936 8 0
53.4695282 -2.2580256 9 0
53.4728622 -2.2361708 10 0
53.4832764 -2.2300072 11 0
53.4716492 -2.2582629 12 0
53.4821968 -2.2581642 13 0
53.4928513 -2.2400627 14 1
53.4693909 -2.2324226 15 0
53.4862022 -2.2128315 16 1
53.4750443 -2.219748 17 1
53.4810371 -2.2090163 18 0
53.469326 -2.2581234 19 0
53.4744644 -2.2758439 20 0
53.4700508 -2.2222576 21 0
53.4825172 -2.2356999 22 1
53.4777908 -2.2455399 23 1
53.4694977 -2.236541 24 0
53.4834023 -2.2565458 25 0
53.4933357 -2.2594094 26 0
53.4824753 -2.2089374 27 0
53.4934082 -2.2397468 28 0
53.4744339 -2.2513461 29 0
53.4692841 -2.2460964 30 0
53.4756393 -2.2655513 31 0
53.4860153 -2.2354431 32 1
53.4874115 -2.2547345 33 0
53.4883575 -2.223912 34 1
53.4939957 -2.2376482 35 0
53.4785538 -2.2384477 36 1
53.4795837 -2.2455363 37 0
53.4860535 -2.2362511 38 0
53.4810982 -2.275883 39 0
53.4752808 -2.2183928 40 1
53.4777985 -2.2762799 41 0
53.4852829 -2.2755578 42 1
53.484333 -2.2169344 43 1
53.4692841 -2.2762561 44 0
53.4838257 -2.2089708 45 0
53.4756584 -2.2305281 46 0
53.4801521 -2.2415771 47 1
53.4882507 -2.2237544 48 1
53.4694061 -2.2186847 49 0
53.4708862 -2.2338824 50 0
53.4924088 -2.2490859 51 1
53.4752769 -2.2167792 52 1
53.470254 -2.2461185 53 1
53.479954 -2.2361425 54 1
53.4789079 -2.2621146 55 1
53.4702044 -2.222717 56 1
53.4718511 -2.2575655 57 1
53.4707844 -2.2471521 58 1
53.4878153 -2.2398329 59 1
53.4792332 -2.2376044 60 1
53.4806805 -2.2346419 61 1
53.4849005 -2.23266 62 1
53.486719 -2.2534922 63 1
53.480774 -2.2420539 64 1
53.4840479 -2.2317205 65 1
53.4794723 -2.2317489 66 0
53.4764797 -2.2451815 67 0
53.4763728 -2.2179656 68 1
53.4828277 -2.2135494 69 1
53.4764345 -2.2313319 70 1
53.4759387 -2.2612772 71 1
53.4782705 -2.2495798 72 1
53.4737514 -2.2481829 73 1
53.4893684 -2.2371751 74 1
53.4774284 -2.2319265 75 0
53.4816217 -2.256798 76 1
53.4711395 -2.2341847 77 1
53.4772092 -2.259217 78 1
53.4819946 -2.2345772 79 1
53.4832565 -2.2576163 80 1
53.4800786 -2.2450277 81 1
53.4775204 -2.2401317 82 1
53.4883652 -2.2456205 83 1
53.4694468 -2.2467489 84 0
53.4759766 -2.2651617 85 1
53.4707684 -2.2425791 86 1
53.4821401 -2.2280167 87 0
53.4762204 -2.2358559 88 1
53.4813781 -2.2333824 89 1
53.4841995 -2.2762178 90 0
53.4764926 -2.269117 91 1
53.470113 -2.2416078 92 0
53.4894661 -2.2416389 93 1
53.4727398 -2.2705288 94 1
53.4780909 -2.2392913 95 1
53.4811524 -2.2357539 96 1
53.475118 -2.2614488 97 0
53.4695958 -2.2655847 98 1
53.4781065 -2.2184693 99 1
53.4693995 -2.2665668 100 0
53.4868878 -2.2350114 101 1
53.4740944 -2.2474742 102 0
53.4897397 -2.2589151 103 1
53.4772899 -2.2437752 104 1
53.470208 -2.2371163 105 1
53.4739542 -2.243836 106 1
53.4753863 -2.2193365 107 1
53.4832776 -2.2390661 108 1
53.4807002 -2.2245142 109 1
53.4830761 -2.264416 110 1
53.4853539 -2.2468493 111 0
53.4761095 -2.261497 112 0
53.4699694 -2.2235428 113 0
53.4939251 -2.2290128 114 0
53.4743879 -2.2520696 115 0
53.483401 -2.2579822 116 1
53.4701652 -2.2156749 117 0
53.4846819 -2.2386132 118 1
53.4695179 -2.2324615 119 1
53.481327 -2.257015 120 1
53.4864226 -2.2358095 121 1
53.486887 -2.2344964 122 1
53.4934378 -2.235978 123 1
53.4787254 -2.2612817 124 0
53.4787864 -2.2631834 125 0
53.4693718 -2.2409262 126 0
53.4859753 -2.2365094 127 1
53.4792107 -2.2544609 128 1
53.4795036 -2.22266 129 1
53.4886094 -2.2377352 130 1
53.4816322 -2.2227293 131 0
53.4908956 -2.2278106 132 1
53.4695416 -2.224383 133 0
53.4832592 -2.2648381 134 1
53.4823922 -2.257825 135 0
53.4784851 -2.2606716 136 1
53.4733899 -2.2702901 137 0
53.4850922 -2.2321878 138 0
53.47789 -2.2761796 139 0
53.4794273 -2.2423745 140 1
53.4743996 -2.261031 141 0
53.4764951 -2.2604752 142 0
53.493948 -2.2246027 143 0
53.4757409 -2.2510895 144 1
53.4746933 -2.2411821 145 1
53.4877587 -2.245284 146 0
53.4733391 -2.2535963 147 0
53.4849195 -2.2332423 148 0
53.4810972 -2.2564574 149 1
53.4728832 -2.2345166 150 0
53.4758249 -2.2382391 151 1
53.488294 -2.2466829 152 1
53.4849014 -2.2495342 153 1
53.4749698 -2.2515432 154 0
53.4891997 -2.2463928 155 0
53.478818 -2.2452276 156 0
53.4712296 -2.2604938 157 0
53.4834299 -2.2572941 158 1
53.4835216 -2.2306337 159 1
53.4887352 -2.2571864 160 1
53.4907176 -2.2281606 161 1
53.4720831 -2.2160934 162 1
53.4769493 -2.2178243 163 1
53.4760869 -2.245738 164 0
53.4762535 -2.242646 165 1
53.4853191 -2.2318318 166 1
53.4828097 -2.2202425 167 0
53.4872093 -2.248319 168 0
53.4693565 -2.2662373 169 0
53.4787852 -2.2636429 170 1
53.4833946 -2.2549871 171 1
53.4855223 -2.2760731 172 0
53.477293 -2.263598 173 0
53.4864254 -2.2420388 174 0
53.4693126 -2.2320137 175 0
53.4788193 -2.2643991 176 1
53.478946 -2.2428679 177 1
53.4856275 -2.2760638 178 0
53.4939346 -2.2503958 179 0
53.4808299 -2.2480032 180 1
53.4754143 -2.2195665 181 1
53.4795349 -2.266723 182 1
53.4787541 -2.2633741 183 1
53.4807796 -2.2407444 184 1
53.4881027 -2.2403853 185 0
235
151 10 302.2366154927666 16.67 3 3 2 3
1 0 0 0 1 0 0 0 1
1 0 0 0 1 0 0 0 1
151 82 238.50674401135888 16.67 3 3 4 5
1 0 0 0 1 0 0 0 1
1 0 0 0 1 0 0 0 1
151 145 335.72685337189336 16.67 3 3 6 7
1 0 0 0 1 0 0 0 1
1 0 0 0 1 0 0 0 1
151 88 266.30561917919954 16.67 3 3 8 9
1 0 0 0 1 0 0 0 1
1 0 0 0 1 0 0 0 1
152 63 764.3432837206836 16.67 3 3 10 11
1 0 0 0 1 0 0 0 1
1 0 0 0 1 0 0 0 1
152 83 118.2346622038912 16.67 3 3 12 13
1 0 0 0 1 0 0 0 1
1 0 0 0 1 0 0 0 1
152 168 195.5805698336509 16.67 3 3 14 15
1 0 0 0 1 0 0 0 1
1 0 0 0 1 0 0 0 1
153 63 456.2727532844118 16.67 3 3 16 17
1 0 0 0 1 0 0 0 1
1 0 0 0 1 0 0 0 1
153 171 614.5144564324986 16.67 3 3 18 19
1 0 0 0 1 0 0 0 1
1 0 0 0 1 0 0 0 1
153 111 300.06324570579943 16.67 3 3 20 21
1 0 0 0 1 0 0 0 1
1 0 0 0 1 0 0 0 1
21 56 52.087998838822415 16.67 3 3 22 23
1 0 0 0 1 0 0 0 1
1 0 0 0 1 0 0 0 1
21 49 399.5980253155968 16.67 3 3 24 25
1 0 0 0 1 0 0 0 1
1 0 0 0 1 0 0 0 1
154 144 71.76335757706681 16.67 3 3 26 27
1 0 0 0 1 0 0 0 1
1 0 0 0 1 0 0 0 1
154 115 70.06970932295815 16.67 3 3 28 29
1 0 0 0 1 0 0 0 1
1 0 0 0 1 0 0 0 1
155 83 102.0978686205342 16.67 3 3 30 31
1 0 0 0 1 0 0 0 1
1 0 0 0 1 0 0 0 1
155 51 367.1063249218687 16.67 3 3 32 33
1 0 0 0 1 0 0 0 1
1 0 0 0 1 0 0 0 1
36 47 363.71483545981545 16.67 3 3 34 35
1 0 0 0 1 0 0 0 1
1 0 0 0 1 0 0 0 1
36 95 98.68503439418883 16.67 3 3 36 37
1 0 0 0 1 0 0 0 1
1 0 0 0 1 0 0 0 1
36 60 103.99806051201814 16.67 3 3 38 39
1 0 0 0 1 0 0 0 1
1 0 0 0 1 0 0 0 1
8 99 114.01851222984409 16.67 3 3 40 41
1 0 0 0 1 0 0 0 1
1 0 0 0 1 0 0 0 1
8 129 362.78235406999033 16.67 3 3 42 43
1 0 0 0 1 0 0 0 1
1 0 0 0 1 0 0 0 1
157 57 328.2203443652874 16.67 3 3 44 45
1 0 0 0 1 0 0 0 1
1 0 0 0 1 0 0 0 1
157 98 576.3534143337085 16.67 3 3 46 47
1 0 0 0 1 0 0 0 1
1 0 0 0 1 0 0 0 1
158 76 131.75632122076166 16.67 3 3 48 49
1 0 0 0 1 0 0 0 1
1 0 0 0 1 0 0 0 1
158 80 37.62163403133891 16.67 3 3 50 51
1 0 0 0 1 0 0 0 1
1 0 0 0 1 0 0 0 1
158 63 475.5103374451077 16.67 3 3 52 53
1 0 0 0 1 0 0 0 1
1 0 0 0 1 0 0 0 1
158 25 83.23233578616068 16.67 3 3 54 55
1 0 0 0 1 0 0 0 1
1 0 0 0 1 0 0 0 1
159 89 336.9661316503752 16.67 3 3 56 57
1 0 0 0 1 0 0 0 1
1 0 0 0 1 0 0 0 1
159 65 125.7718256137389 16.67 3 3 58 59
1 0 0 0 1 0 0 0 1
1 0 0 0 1 0 0 0 1
159 11 71.53232990925324 16.67 3 3 60 61
1 0 0 0 1 0 0 0 1
1 0 0 0 1 0 0 0 1
160 103 203.3989506216833 16.67 3 3 62 63
1 0 0 0 1 0 0 0 1
1 0 0 0 1 0 0 0 1
160 116 363.85193190079804 16.67 3 3 64 65
1 0 0 0 1 0 0 0 1
1 0 0 0 1 0 0 0 1
160 33 286.3762241943765 16.67 3 3 66 67
1 0 0 0 1 0 0 0 1
1 0 0 0 1 0 0 0 1
161 132 40.66324939313041 16.67 3 3 68 69
1 0 0 0 1 0 0 0 1
1 0 0 0 1 0 0 0 1
161 122 748.7467004008486 16.67 3 3 70 71
1 0 0 0 1 0 0 0 1
1 0 0 0 1 0 0 0 1
161 101 802.8526772286355 16.67 3 3 72 73
1 0 0 0 1 0 0 0 1
1 0 0 0 1 0 0 0 1
23 104 199.0179998350023 16.67 3 3 74 75
1 0 0 0 1 0 0 0 1
1 0 0 0 1 0 0 0 1
23 72 450.36440753169427 16.67 3 3 76 77
1 0 0 0 1 0 0 0 1
1 0 0 0 1 0 0 0 1
23 156 76.33707902975537 16.67 3 3 78 79
1 0 0 0 1 0 0 0 1
1 0 0 0 1 0 0 0 1
162 117 135.20533550818044 16.67 3 3 80 81
1 0 0 0 1 0 0 0 1
1 0 0 0 1 0 0 0 1
162 56 746.9790200204156 16.67 3 3 82 83
1 0 0 0 1 0 0 0 1
1 0 0 0 1 0 0 0 1
162 52 224.7296020968322 16.67 3 3 84 85
1 0 0 0 1 0 0 0 1
1 0 0 0 1 0 0 0 1
163 99 104.92741332404337 16.67 3 3 86 87
1 0 0 0 1 0 0 0 1
1 0 0 0 1 0 0 0 1
163 18 1016.1407598712224 16.67 3 3 88 89
1 0 0 0 1 0 0 0 1
1 0 0 0 1 0 0 0 1
163 52 160.48928567922513 16.67 3 3 90 91
1 0 0 0 1 0 0 0 1
1 0 0 0 1 0 0 0 1
163 68 41.26238127861827 16.67 3 3 92 93
1 0 0 0 1 0 0 0 1
1 0 0 0 1 0 0 0 1
164 67 67.12245865172893 16.67 3 3 94 95
1 0 0 0 1 0 0 0 1
1 0 0 0 1 0 0 0 1
164 73 312.74430106433465 16.67 3 3 96 97
1 0 0 0 1 0 0 0 1
1 0 0 0 1 0 0 0 1
165 104 143.08170154388708 16.67 3 3 98 99
1 0 0 0 1 0 0 0 1
1 0 0 0 1 0 0 0 1
165 82 291.8962155743499 16.67 3 3 100 101
1 0 0 0 1 0 0 0 1
1 0 0 0 1 0 0 0 1
165 145 192.77499197836113 16.67 3 3 102 103
1 0 0 0 1 0 0 0 1
1 0 0 0 1 0 0 0 1
6 73 96.48158412310902 16.67 3 3 104 105
1 0 0 0 1 0 0 0 1
1 0 0 0 1 0 0 0 1
6 29 263.20947759895995 16.67 3 3 106 107
1 0 0 0 1 0 0 0 1
1 0 0 0 1 0 0 0 1
166 122 313.9453215915869 16.67 3 3 108 109
1 0 0 0 1 0 0 0 1
1 0 0 0 1 0 0 0 1
166 62 96.17222673925279 16.67 3 3 110 111
1 0 0 0 1 0 0 0 1
1 0 0 0 1 0 0 0 1
166 34 903.351881403011 16.67 3 3 112 113
1 0 0 0 1 0 0 0 1
1 0 0 0 1 0 0 0 1
166 48 918.9283500475558 16.67 3 3 114 115
1 0 0 0 1 0 0 0 1
1 0 0 0 1 0 0 0 1
167 43 381.4269391613738 16.67 3 3 116 117
1 0 0 0 1 0 0 0 1
1 0 0 0 1 0 0 0 1
167 131 287.30413293815104 16.67 3 3 118 119
1 0 0 0 1 0 0 0 1
1 0 0 0 1 0 0 0 1
43 69 389.37357280410384 16.67 3 3 120 121
1 0 0 0 1 0 0 0 1
1 0 0 0 1 0 0 0 1
43 48 801.4778389951821 16.67 3 3 122 123
1 0 0 0 1 0 0 0 1
1 0 0 0 1 0 0 0 1
43 16 472.7174236009265 16.67 3 3 124 125
1 0 0 0 1 0 0 0 1
1 0 0 0 1 0 0 0 1
170 183 29.961813263637815 16.67 3 3 126 127
1 0 0 0 1 0 0 0 1
1 0 0 0 1 0 0 0 1
170 125 51.097282281595426 16.67 3 3 128 129
1 0 0 0 1 0 0 0 1
1 0 0 0 1 0 0 0 1
170 176 84.12106549592627 16.67 3 3 130 131
1 0 0 0 1 0 0 0 1
1 0 0 0 1 0 0 0 1
171 180 794.9485880996408 16.67 3 3 132 133
1 0 0 0 1 0 0 0 1
1 0 0 0 1 0 0 0 1
171 25 173.33097239338477 16.67 3 3 134 135
1 0 0 0 1 0 0 0 1
1 0 0 0 1 0 0 0 1
173 55 196.55294501263862 16.67 3 3 136 137
1 0 0 0 1 0 0 0 1
1 0 0 0 1 0 0 0 1
173 85 194.4900553454686 16.67 3 3 138 139
1 0 0 0 1 0 0 0 1
1 0 0 0 1 0 0 0 1
42 90 102.59409891166204 16.67 3 3 140 141
1 0 0 0 1 0 0 0 1
1 0 0 0 1 0 0 0 1
42 134 1199.5470753337531 16.67 3 3 142 143
1 0 0 0 1 0 0 0 1
1 0 0 0 1 0 0 0 1
42 172 59.451483774625565 16.67 3 3 144 145
1 0 0 0 1 0 0 0 1
1 0 0 0 1 0 0 0 1
176 183 114.06347110059379 16.67 3 3 146 147
1 0 0 0 1 0 0 0 1
1 0 0 0 1 0 0 0 1
176 182 262.725241196203 16.67 3 3 148 149
1 0 0 0 1 0 0 0 1
1 0 0 0 1 0 0 0 1
11 87 233.76952556261733 16.67 3 3 150 151
1 0 0 0 1 0 0 0 1
1 0 0 0 1 0 0 0 1
177 81 251.5976603647676 16.67 3 3 152 153
1 0 0 0 1 0 0 0 1
1 0 0 0 1 0 0 0 1
177 82 318.56106792222005 16.67 3 3 154 155
1 0 0 0 1 0 0 0 1
1 0 0 0 1 0 0 0 1
177 140 63.44214496563594 16.67 3 3 156 157
1 0 0 0 1 0 0 0 1
1 0 0 0 1 0 0 0 1
1 128 113.06899997051315 16.67 3 3 158 159
1 0 0 0 1 0 0 0 1
1 0 0 0 1 0 0 0 1
1 7 104.05709843840083 16.67 3 3 160 161
1 0 0 0 1 0 0 0 1
1 0 0 0 1 0 0 0 1
1 149 141.77660428769622 16.67 3 3 162 163
1 0 0 0 1 0 0 0 1
1 0 0 0 1 0 0 0 1
180 81 334.59528710819654 16.67 3 3 164 165
1 0 0 0 1 0 0 0 1
1 0 0 0 1 0 0 0 1
180 72 243.7687545524139 16.67 3 3 166 167
1 0 0 0 1 0 0 0 1
1 0 0 0 1 0 0 0 1
180 4 57.25316415259664 16.67 3 3 168 169
1 0 0 0 1 0 0 0 1
1 0 0 0 1 0 0 0 1
52 68 150.55302030738162 16.67 3 3 170 171
1 0 0 0 1 0 0 0 1
1 0 0 0 1 0 0 0 1
52 40 179.4353871989728 16.67 3 3 172 173
1 0 0 0 1 0 0 0 1
1 0 0 0 1 0 0 0 1
17 141 4590.9416135746105 16.67 3 3 174 175
1 0 0 0 1 0 0 0 1
1 0 0 0 1 0 0 0 1
17 40 151.51136036293136 16.67 3 3 176 177
1 0 0 0 1 0 0 0 1
1 0 0 0 1 0 0 0 1
17 107 51.05173260356559 16.67 3 3 178 179
1 0 0 0 1 0 0 0 1
1 0 0 0 1 0 0 0 1
181 68 188.98791058810883 16.67 3 3 180 181
1 0 0 0 1 0 0 0 1
1 0 0 0 1 0 0 0 1
181 71 4638.434173583583 16.67 3 3 182 183
1 0 0 0 1 0 0 0 1
1 0 0 0 1 0 0 0 1
181 107 25.64345779891086 16.67 3 3 184 185
1 0 0 0 1 0 0 0 1
1 0 0 0 1 0 0 0 1
182 39 1023.8485785594428 16.67 3 3 186 187
1 0 0 0 1 0 0 0 1
1 0 0 0 1 0 0 0 1
182 91 333.7750131398985 16.67 3 3 188 189
1 0 0 0 1 0 0 0 1
1 0 0 0 1 0 0 0 1
182 110 347.4659327162198 16.67 3 3 190 191
1 0 0 0 1 0 0 0 1
1 0 0 0 1 0 0 0 1
183 55 140.4279959672078 16.67 3 3 192 193
1 0 0 0 1 0 0 0 1
1 0 0 0 1 0 0 0 1
184 108 249.3126824604355 16.67 3 3 194 195
1 0 0 0 1 0 0 0 1
1 0 0 0 1 0 0 0 1
184 60 363.8603611642319 16.67 3 3 196 197
1 0 0 0 1 0 0 0 1
1 0 0 0 1 0 0 0 1
184 47 101.48234713824326 16.67 3 3 198 199
1 0 0 0 1 0 0 0 1
1 0 0 0 1 0 0 0 1
184 64 145.61921003214135 16.67 3 3 200 201
1 0 0 0 1 0 0 0 1
1 0 0 0 1 0 0 0 1
185 59 64.30375092098015 16.67 3 3 202 203
1 0 0 0 1 0 0 0 1
1 0 0 0 1 0 0 0 1
185 93 166.04377618842787 16.67 3 3 204 205
1 0 0 0 1 0 0 0 1
1 0 0 0 1 0 0 0 1
16 2 645.0561556364598 16.67 3 3 206 207
1 0 0 0 1 0 0 0 1
1 0 0 0 1 0 0 0 1
16 45 457.20786824418957 16.67 3 3 208 209
1 0 0 0 1 0 0 0 1
1 0 0 0 1 0 0 0 1
53 58 120.1805356276335 16.67 3 3 210 211
1 0 0 0 1 0 0 0 1
1 0 0 0 1 0 0 0 1
53 30 64.24640434058877 16.67 3 3 212 213
1 0 0 0 1 0 0 0 1
1 0 0 0 1 0 0 0 1
53 86 395.0576368371449 16.67 3 3 214 215
1 0 0 0 1 0 0 0 1
1 0 0 0 1 0 0 0 1
54 61 173.65720607549915 16.67 3 3 216 217
1 0 0 0 1 0 0 0 1
1 0 0 0 1 0 0 0 1
54 60 169.41950759096855 16.67 3 3 218 219
1 0 0 0 1 0 0 0 1
1 0 0 0 1 0 0 0 1
54 70 583.4509912028373 16.67 3 3 220 221
1 0 0 0 1 0 0 0 1
1 0 0 0 1 0 0 0 1
55 125 119.1241431960245 16.67 3 3 222 223
1 0 0 0 1 0 0 0 1
1 0 0 0 1 0 0 0 1
55 124 93.40409595899106 16.67 3 3 224 225
1 0 0 0 1 0 0 0 1
1 0 0 0 1 0 0 0 1
56 113 93.13854881186573 16.67 3 3 226 227
1 0 0 0 1 0 0 0 1
1 0 0 0 1 0 0 0 1
56 46 940.6427220035624 16.67 3 3 228 229
1 0 0 0 1 0 0 0 1
1 0 0 0 1 0 0 0 1
57 9 162.04052641804105 16.67 3 3 230 231
1 0 0 0 1 0 0 0 1
1 0 0 0 1 0 0 0 1
57 19 178.27742956491105 16.67 3 3 232 233
1 0 0 0 1 0 0 0 1
1 0 0 0 1 0 0 0 1
57 12 78.69509702713778 16.67 3 3 234 235
1 0 0 0 1 0 0 0 1
1 0 0 0 1 0 0 0 1
58 84 99.24270740023174 16.67 3 3 236 237
1 0 0 0 1 0 0 0 1
1 0 0 0 1 0 0 0 1
58 73 227.39336031482046 16.67 3 3 238 239
1 0 0 0 1 0 0 0 1
1 0 0 0 1 0 0 0 1
59 121 456.7998909312351 16.67 3 3 240 241
1 0 0 0 1 0 0 0 1
1 0 0 0 1 0 0 0 1
59 130 239.11194619334276 16.67 3 3 242 243
1 0 0 0 1 0 0 0 1
1 0 0 0 1 0 0 0 1
61 89 147.47047965631003 16.67 3 3 244 245
1 0 0 0 1 0 0 0 1
1 0 0 0 1 0 0 0 1
61 96 127.53863411704548 16.67 3 3 246 247
1 0 0 0 1 0 0 0 1
1 0 0 0 1 0 0 0 1
61 75 370.8008649580229 16.67 3 3 248 249
1 0 0 0 1 0 0 0 1
1 0 0 0 1 0 0 0 1
62 148 64.76500340134781 16.67 3 3 250 251
1 0 0 0 1 0 0 0 1
1 0 0 0 1 0 0 0 1
62 138 54.019851987944534 16.67 3 3 252 253
1 0 0 0 1 0 0 0 1
1 0 0 0 1 0 0 0 1
62 22 373.01743660379043 16.67 3 3 254 255
1 0 0 0 1 0 0 0 1
1 0 0 0 1 0 0 0 1
63 80 512.6475077075615 16.67 3 3 256 257
1 0 0 0 1 0 0 0 1
1 0 0 0 1 0 0 0 1
14 93 284.3883218418557 16.67 3 3 258 259
1 0 0 0 1 0 0 0 1
1 0 0 0 1 0 0 0 1
14 28 50.90575451370797 16.67 3 3 260 261
1 0 0 0 1 0 0 0 1
1 0 0 0 1 0 0 0 1
14 51 1003.822903487162 16.67 3 3 262 263
1 0 0 0 1 0 0 0 1
1 0 0 0 1 0 0 0 1
2 34 901.0512815388382 16.67 3 3 264 265
1 0 0 0 1 0 0 0 1
1 0 0 0 1 0 0 0 1
2 48 887.8916887343491 16.67 3 3 266 267
1 0 0 0 1 0 0 0 1
1 0 0 0 1 0 0 0 1
64 81 333.87842188803336 16.67 3 3 268 269
1 0 0 0 1 0 0 0 1
1 0 0 0 1 0 0 0 1
64 47 67.11867340351765 16.67 3 3 270 271
1 0 0 0 1 0 0 0 1
1 0 0 0 1 0 0 0 1
34 132 464.91905987343404 16.67 3 3 272 273
1 0 0 0 1 0 0 0 1
1 0 0 0 1 0 0 0 1
34 48 18.896343030591197 16.67 3 3 274 275
1 0 0 0 1 0 0 0 1
1 0 0 0 1 0 0 0 1
65 138 86.46009399605794 16.67 3 3 276 277
1 0 0 0 1 0 0 0 1
1 0 0 0 1 0 0 0 1
65 79 345.50579927274924 16.67 3 3 278 279
1 0 0 0 1 0 0 0 1
1 0 0 0 1 0 0 0 1
67 104 165.32042760620277 16.67 3 3 280 281
1 0 0 0 1 0 0 0 1
1 0 0 0 1 0 0 0 1
68 99 127.68192188769882 16.67 3 3 282 283
1 0 0 0 1 0 0 0 1
1 0 0 0 1 0 0 0 1
69 99 630.0170206150189 16.67 3 3 284 285
1 0 0 0 1 0 0 0 1
1 0 0 0 1 0 0 0 1
69 129 1036.7186826346128 16.67 3 3 286 287
1 0 0 0 1 0 0 0 1
1 0 0 0 1 0 0 0 1
69 27 513.3925030592719 16.67 3 3 288 289
1 0 0 0 1 0 0 0 1
1 0 0 0 1 0 0 0 1
7 128 191.64711770795725 16.67 3 3 290 291
1 0 0 0 1 0 0 0 1
1 0 0 0 1 0 0 0 1
7 78 368.88926259697973 16.67 3 3 292 293
1 0 0 0 1 0 0 0 1
1 0 0 0 1 0 0 0 1
70 3 1244.4208395030064 16.67 3 3 294 295
1 0 0 0 1 0 0 0 1
1 0 0 0 1 0 0 0 1
70 46 103.09099388945242 16.67 3 3 296 297
1 0 0 0 1 0 0 0 1
1 0 0 0 1 0 0 0 1
70 88 503.2763886805843 16.67 3 3 298 299
1 0 0 0 1 0 0 0 1
1 0 0 0 1 0 0 0 1
71 142 96.4871736100739 16.67 3 3 300 301
1 0 0 0 1 0 0 0 1
1 0 0 0 1 0 0 0 1
71 136 181.48529285804386 16.67 3 3 302 303
1 0 0 0 1 0 0 0 1
1 0 0 0 1 0 0 0 1
71 85 431.97061954365404 16.67 3 3 304 305
1 0 0 0 1 0 0 0 1
1 0 0 0 1 0 0 0 1
72 128 546.3417531422516 16.67 3 3 306 307
1 0 0 0 1 0 0 0 1
1 0 0 0 1 0 0 0 1
72 144 237.08491995857207 16.67 3 3 308 309
1 0 0 0 1 0 0 0 1
1 0 0 0 1 0 0 0 1
73 102 82.01334280218943 16.67 3 3 310 311
1 0 0 0 1 0 0 0 1
1 0 0 0 1 0 0 0 1
74 114 956.4210263609656 16.67 3 3 312 313
1 0 0 0 1 0 0 0 1
1 0 0 0 1 0 0 0 1
74 130 80.00656270087103 16.67 3 3 314 315
1 0 0 0 1 0 0 0 1
1 0 0 0 1 0 0 0 1
74 123 300.35096350301524 16.67 3 3 316 317
1 0 0 0 1 0 0 0 1
1 0 0 0 1 0 0 0 1
75 109 852.2272281026923 16.67 3 3 318 319
1 0 0 0 1 0 0 0 1
1 0 0 0 1 0 0 0 1
76 120 31.025841456692692 16.67 3 3 320 321
1 0 0 0 1 0 0 0 1
1 0 0 0 1 0 0 0 1
76 149 51.373192872995666 16.67 3 3 322 323
1 0 0 0 1 0 0 0 1
1 0 0 0 1 0 0 0 1
77 105 331.7784693373225 16.67 3 3 324 325
1 0 0 0 1 0 0 0 1
1 0 0 0 1 0 0 0 1
77 10 248.55615478937042 16.67 3 3 326 327
1 0 0 0 1 0 0 0 1
1 0 0 0 1 0 0 0 1
77 50 37.56534446734698 16.67 3 3 328 329
1 0 0 0 1 0 0 0 1
1 0 0 0 1 0 0 0 1
78 142 147.68019204599278 16.67 3 3 330 331
1 0 0 0 1 0 0 0 1
1 0 0 0 1 0 0 0 1
78 144 909.0014209738265 16.67 3 3 332 333
1 0 0 0 1 0 0 0 1
1 0 0 0 1 0 0 0 1
79 89 138.98604966629148 16.67 3 3 334 335
1 0 0 0 1 0 0 0 1
1 0 0 0 1 0 0 0 1
79 22 129.54735165034305 16.67 3 3 336 337
1 0 0 0 1 0 0 0 1
1 0 0 0 1 0 0 0 1
79 96 142.22516007135235 16.67 3 3 338 339
1 0 0 0 1 0 0 0 1
1 0 0 0 1 0 0 0 1
80 135 61.721375362433086 16.67 3 3 340 341
1 0 0 0 1 0 0 0 1
1 0 0 0 1 0 0 0 1
80 116 41.797136630962704 16.67 3 3 342 343
1 0 0 0 1 0 0 0 1
1 0 0 0 1 0 0 0 1
81 37 65.35540909702328 16.67 3 3 344 345
1 0 0 0 1 0 0 0 1
1 0 0 0 1 0 0 0 1
82 95 100.79264288447906 16.67 3 3 346 347
1 0 0 0 1 0 0 0 1
1 0 0 0 1 0 0 0 1
83 93 448.71250130077755 16.67 3 3 348 349
1 0 0 0 1 0 0 0 1
1 0 0 0 1 0 0 0 1
83 146 54.86785346602099 16.67 3 3 350 351
1 0 0 0 1 0 0 0 1
1 0 0 0 1 0 0 0 1
85 91 441.16020338108075 16.67 3 3 352 353
1 0 0 0 1 0 0 0 1
1 0 0 0 1 0 0 0 1
85 31 48.73730528403645 16.67 3 3 354 355
1 0 0 0 1 0 0 0 1
1 0 0 0 1 0 0 0 1
86 92 116.39666093749072 16.67 3 3 356 357
1 0 0 0 1 0 0 0 1
1 0 0 0 1 0 0 0 1
86 106 252.9864765640286 16.67 3 3 358 359
1 0 0 0 1 0 0 0 1
1 0 0 0 1 0 0 0 1
87 109 400.96982377156394 16.67 3 3 360 361
1 0 0 0 1 0 0 0 1
1 0 0 0 1 0 0 0 1
88 150 266.3866433284042 16.67 3 3 362 363
1 0 0 0 1 0 0 0 1
1 0 0 0 1 0 0 0 1
88 95 401.5797559463678 16.67 3 3 364 365
1 0 0 0 1 0 0 0 1
1 0 0 0 1 0 0 0 1
89 66 221.1358805295732 16.67 3 3 366 367
1 0 0 0 1 0 0 0 1
1 0 0 0 1 0 0 0 1
91 41 801.2024332337099 16.67 3 3 368 369
1 0 0 0 1 0 0 0 1
1 0 0 0 1 0 0 0 1
91 139 790.800202840536 16.67 3 3 370 371
1 0 0 0 1 0 0 0 1
1 0 0 0 1 0 0 0 1
92 126 90.28805481009687 16.67 3 3 372 373
1 0 0 0 1 0 0 0 1
1 0 0 0 1 0 0 0 1
13 135 39.87433392046279 16.67 3 3 374 375
1 0 0 0 1 0 0 0 1
1 0 0 0 1 0 0 0 1
31 94 585.8284432315043 16.67 3 3 376 377
1 0 0 0 1 0 0 0 1
1 0 0 0 1 0 0 0 1
94 44 676.7119727705034 16.67 3 3 378 379
1 0 0 0 1 0 0 0 1
1 0 0 0 1 0 0 0 1
94 137 50.557386222502195 16.67 3 3 380 381
1 0 0 0 1 0 0 0 1
1 0 0 0 1 0 0 0 1
95 140 354.0807888079989 16.67 3 3 382 383
1 0 0 0 1 0 0 0 1
1 0 0 0 1 0 0 0 1
96 22 90.514716381037 16.67 3 3 384 385
1 0 0 0 1 0 0 0 1
1 0 0 0 1 0 0 0 1
98 100 109.98153068398805 16.67 3 3 386 387
1 0 0 0 1 0 0 0 1
1 0 0 0 1 0 0 0 1
98 169 74.27886505181658 16.67 3 3 388 389
1 0 0 0 1 0 0 0 1
1 0 0 0 1 0 0 0 1
101 122 57.26894414344213 16.67 3 3 390 391
1 0 0 0 1 0 0 0 1
1 0 0 0 1 0 0 0 1
101 121 93.93624078299752 16.67 3 3 392 393
1 0 0 0 1 0 0 0 1
1 0 0 0 1 0 0 0 1
101 130 323.6030664703236 16.67 3 3 394 395
1 0 0 0 1 0 0 0 1
1 0 0 0 1 0 0 0 1
102 106 404.6807366071985 16.67 3 3 396 397
1 0 0 0 1 0 0 0 1
1 0 0 0 1 0 0 0 1
103 26 244.18337927212764 16.67 3 3 398 399
1 0 0 0 1 0 0 0 1
1 0 0 0 1 0 0 0 1
103 134 785.9080440422289 16.67 3 3 400 401
1 0 0 0 1 0 0 0 1
1 0 0 0 1 0 0 0 1
105 24 79.39289427412962 16.67 3 3 402 403
1 0 0 0 1 0 0 0 1
1 0 0 0 1 0 0 0 1
105 145 540.8882542532941 16.67 3 3 404 405
1 0 0 0 1 0 0 0 1
1 0 0 0 1 0 0 0 1
106 145 299.1452124611342 16.67 3 3 406 407
1 0 0 0 1 0 0 0 1
1 0 0 0 1 0 0 0 1
107 40 105.17315950008229 16.67 3 3 408 409
1 0 0 0 1 0 0 0 1
1 0 0 0 1 0 0 0 1
108 118 105.69500548264259 16.67 3 3 410 411
1 0 0 0 1 0 0 0 1
1 0 0 0 1 0 0 0 1
108 22 377.6940794695692 16.67 3 3 412 413
1 0 0 0 1 0 0 0 1
1 0 0 0 1 0 0 0 1
50 119 182.12304668097735 16.67 3 3 414 415
1 0 0 0 1 0 0 0 1
1 0 0 0 1 0 0 0 1
109 129 220.87284509207583 16.67 3 3 416 417
1 0 0 0 1 0 0 0 1
1 0 0 0 1 0 0 0 1
109 131 207.84560670447706 16.67 3 3 418 419
1 0 0 0 1 0 0 0 1
1 0 0 0 1 0 0 0 1
110 116 715.7730010020657 16.67 3 3 420 421
1 0 0 0 1 0 0 0 1
1 0 0 0 1 0 0 0 1
110 134 48.476800456137475 16.67 3 3 422 423
1 0 0 0 1 0 0 0 1
1 0 0 0 1 0 0 0 1
111 146 235.83451278736877 16.67 3 3 424 425
1 0 0 0 1 0 0 0 1
1 0 0 0 1 0 0 0 1
112 136 182.054583501871 16.67 3 3 426 427
1 0 0 0 1 0 0 0 1
1 0 0 0 1 0 0 0 1
113 133 97.62860187777682 16.67 3 3 428 429
1 0 0 0 1 0 0 0 1
1 0 0 0 1 0 0 0 1
115 147 183.41460110679716 16.67 3 3 430 431
1 0 0 0 1 0 0 0 1
1 0 0 0 1 0 0 0 1
118 174 398.019046875431 16.67 3 3 432 433
1 0 0 0 1 0 0 0 1
1 0 0 0 1 0 0 0 1
118 127 249.10917753913424 16.67 3 3 434 435
1 0 0 0 1 0 0 0 1
1 0 0 0 1 0 0 0 1
119 15 9.454169965079846 16.67 3 3 436 437
1 0 0 0 1 0 0 0 1
1 0 0 0 1 0 0 0 1
119 175 51.61714245422379 16.67 3 3 438 439
1 0 0 0 1 0 0 0 1
1 0 0 0 1 0 0 0 1
120 136 448.0036066436114 16.67 3 3 440 441
1 0 0 0 1 0 0 0 1
1 0 0 0 1 0 0 0 1
120 149 63.84362223115665 16.67 3 3 442 443
1 0 0 0 1 0 0 0 1
1 0 0 0 1 0 0 0 1
121 32 48.85062298678916 16.67 3 3 444 445
1 0 0 0 1 0 0 0 1
1 0 0 0 1 0 0 0 1
121 127 83.26745834471551 16.67 3 3 446 447
1 0 0 0 1 0 0 0 1
1 0 0 0 1 0 0 0 1
123 5 32.51883075044116 16.67 3 3 448 449
1 0 0 0 1 0 0 0 1
1 0 0 0 1 0 0 0 1
123 35 189.36092465895138 16.67 3 3 450 451
1 0 0 0 1 0 0 0 1
1 0 0 0 1 0 0 0 1
124 136 69.683088024091 16.67 3 3 452 453
1 0 0 0 1 0 0 0 1
1 0 0 0 1 0 0 0 1
127 38 29.18575131450246 16.67 3 3 454 455
1 0 0 0 1 0 0 0 1
1 0 0 0 1 0 0 0 1
132 143 409.91965261072806 16.67 3 3 456 457
1 0 0 0 1 0 0 0 1
1 0 0 0 1 0 0 0 1
47 140 100.813589819102 16.67 3 3 458 459
1 0 0 0 1 0 0 0 1
1 0 0 0 1 0 0 0 1
134 178 1258.1163664522517 16.67 3 3 460 461
1 0 0 0 1 0 0 0 1
1 0 0 0 1 0 0 0 1
51 179 177.22074615678554 16.67 3 3 462 463
1 0 0 0 1 0 0 0 1
1 0 0 0 1 0 0 0 1
137 20 621.6737153060379 16.67 3 3 464 465
1 0 0 0 1 0 0 0 1
1 0 0 0 1 0 0 0 1
141 97 66.47787147675832 16.67 3 3 466 467
1 0 0 0 1 0 0 0 1
1 0 0 0 1 0 0 0 1
32 148 255.24753820779392 16.67 3 3 468 469
1 0 0 0 1 0 0 0 1
1 0 0 0 1 0 0 0 1
32 38 89.88658745453414 16.67 3 3 470 471
1 0 0 0 1 0 0 0 1
1 0 0 0 1 0 0 0 1
104
1 -1 162 160 158
2 207 -1 264 266
7 290 161 292 -1
14 -1 260 262 258
16 208 206 125 -1
17 176 178 174 -1
22 337 255 413 385
23 74 78 76 -1
32 468 445 470 -1
34 265 272 113 274
36 38 -1 34 36
40 173 -1 409 177
42 142 -1 144 140
43 124 122 117 120
47 199 271 458 35
48 267 275 115 123
51 263 462 -1 33
52 91 170 172 85
53 214 -1 210 212
54 216 -1 218 220
55 224 193 222 137
56 83 228 226 23
57 230 45 234 232
58 211 238 -1 236
59 240 242 203 -1
60 219 -1 197 39
61 244 246 217 248
62 252 111 250 254
63 17 11 256 53
64 201 -1 268 270
65 59 276 278 -1
68 93 282 181 171
69 288 121 286 284
70 294 221 298 296
71 300 302 304 183
72 77 167 306 308
73 310 97 105 239
74 312 316 -1 314
76 -1 49 320 322
77 328 326 324 -1
78 332 293 330 -1
79 334 279 336 338
80 51 257 342 340
81 153 269 165 344
82 346 155 101 5
83 348 31 13 350
85 305 139 352 354
86 356 358 215 -1
88 299 364 9 362
89 57 335 245 366
91 353 189 368 370
93 -1 259 349 205
94 377 380 378 -1
95 365 37 382 347
96 339 384 -1 247
98 47 -1 386 388
99 87 285 41 283
101 390 73 394 392
103 63 398 -1 400
104 99 -1 75 281
105 325 404 -1 402
106 406 -1 397 359
107 408 -1 185 179
108 412 410 -1 195
109 418 361 319 416
110 420 -1 422 191
116 343 65 421 -1
118 434 -1 432 411
119 438 -1 415 436
120 442 321 440 -1
121 393 241 446 444
122 109 71 391 -1
123 -1 448 450 317
127 454 447 435 -1
128 307 159 291 -1
129 287 -1 417 43
130 395 315 243 -1
132 273 456 69 -1
134 423 401 460 143
136 441 453 427 303
140 383 459 157 -1
144 -1 309 333 27
145 7 103 407 405
149 163 323 443 -1
151 8 4 6 2
152 12 -1 10 14
153 20 16 18 -1
158 54 52 50 48
159 60 -1 58 56
160 66 -1 62 64
161 68 -1 72 70
162 -1 84 82 80
163 88 86 92 90
165 100 -1 98 102
166 114 112 108 110
170 128 -1 130 126
171 19 -1 134 132
176 131 -1 148 146
177 154 156 152 -1
180 164 168 133 166
181 184 180 182 -1
182 149 190 186 188
183 192 127 147 -1
184 196 194 200 198
