143
52.4355278 10.7394533 1 0
52.4371414 10.8399038 2 1
52.4353905 10.7381563 3 0
52.4411316 10.7938557 4 0
52.4106789 10.7417393 5 0
52.4346657 10.7296333 6 1
52.418808 10.7994051 7 1
52.4344711 10.7353745 8 1
52.4399719 10.7893543 9 0
52.4481125 10.7128983 10 0
52.4203033 10.773633 11 1
52.4107437 10.8232975 12 0
52.410656 10.7193251 13 0
52.4105949 10.7785358 14 0
52.4488983 10.8277483 15 0
52.4186249 10.7831717 16 1
52.4488831 10.8009319 17 0
52.4346619 10.8484325 18 0
52.4446945 10.8054514 19 0
52.422821 10.8605108 20 0
52.4280586 10.7754631 21 0
52.4266548 10.7680054 22 1
52.4305992 10.7355795 23 1
52.4335442 10.8604231 24 0
52.4198189 10.800005 25 0
52.4181824 10.8025732 26 1
52.4260025 10.7695284 27 0
52.4389572 10.8270006 28 1
52.4448776 10.7902412 29 0
52.4372063 10.7995501 30 1
52.4106941 10.7664118 31 0
52.4146461 10.8151855 32 0
52.4269753 10.8199673 33 1
52.4242744 10.7942381 34 0
52.4488983 10.7834787 35 0
52.4106674 10.7415361 36 0
52.4358978 10.7080317 37 0
52.4191055 10.8007517 38 0
52.4237175 10.7054892 39 0
52.4163094 10.8575449 40 0
52.4115372 10.821641 41 0
52.4489784 10.8476219 42 0
52.4108734 10.7799025 43 0
52.4281082 10.776721 44 1
52.4191666 10.8003187 45 1
52.4166222 10.7842188 46 1
52.4177094 10.7056646 47 0
52.420578 10.7626638 48 0
52.425518 10.8493118 49 0
52.4258385 10.8458862 50 0
52.4126244 10.751606 51 1
52.4238968 10.7743988 52 0
52.4111595 10.7061129 53 0
52.4127541 10.819128 54 0
52.4166674 10.7896483 55 1
52.4244556 10.7541941 56 1
52.4230132 10.7315765 57 1
52.4343448 10.8475867 58 1
52.4158154 10.8479745 59 0
52.4268329 10.7684366 60 1
52.4168349 10.7836122 61 1
52.4350871 10.7978693 62 0
52.4202919 10.7617404 63 1
52.4207102 10.7742794 64 1
52.4273796 10.7986945 65 1
52.4205485 10.7916793 66 0
52.4279305 10.7763273 67 1
52.4380169 10.7672386 68 0
52.4369681 10.7994745 69 1
52.4245388 10.7283002 70 1
52.4205567 10.7750198 71 1
52.4348633 10.7351124 72 1
52.4387322 10.775034 73 0
52.4315205 10.8008012 74 0
52.4258232 10.7591822 75 0
52.4108043 10.7808681 76 0
52.4265232 10.7692438 77 1
52.4269104 10.7687708 78 1
52.4242312 10.7977912 79 1
52.4346826 10.7612457 80 0
52.4243809 10.7974635 81 1
52.4169068 10.7841642 82 0
52.4173183 10.7122664 83 1
52.4352598 10.7957213 84 0
52.4395504 10.7847953 85 0
52.4365252 10.7510848 86 1
52.4219522 10.7849756 87 1
52.4195199 10.7543473 88 1
52.4189345 10.783112 89 1
52.4450633 10.7907047 90 1
52.4370448 10.8394572 91 1
52.423996 10.7160916 92 1
52.424715 10.7268362 93 0
52.4108095 10.7528164 94 0
52.425951 10.7601285 95 1
52.4353141 10.7147527 96 1
52.439039 10.8082615 97 1
52.4188118 10.8481003 98 1
52.4255619 10.8477782 99 1
52.4349378 10.7927065 100 1
52.4270931 10.7633163 101 0
52.4108276 10.7530456 102 0
52.4217761 10.8301757 103 1
52.4135844 10.8175146 104 0
52.4251205 10.7763192 105 1
52.4265442 10.768844 106 1
52.4223915 10.7993748 107 1
52.4379552 10.8423475 108 1
52.4166171 10.7198798 109 1
52.4387608 10.7753572 110 0
52.4236298 10.7759921 111 1
52.4193641 10.7997031 112 1
52.4388046 10.8084047 113 1
52.4181204 10.7113135 114 1
52.4265457 10.7684072 115 0
52.426815 10.7692656 116 0
52.4164336 10.7838044 117 1
52.4321041 10.761825 118 0
52.42617 10.8295749 119 1
52.4481116 10.846719 120 1
52.4278297 10.7760173 121 0
52.4349384 10.7346177 122 1
52.4401588 10.7914858 123 0
52.4394722 10.8251592 124 1
52.4250692 10.7862231 125 0
52.4435515 10.8065796 126 0
52.4271545 10.7680382 127 1
52.4289245 10.7595555 128 0
52.4273605 10.7989416 129 1
52.4202347 10.7728948 130 1
52.4349486 10.7352366 131 1
52.4376433 10.8404165 132 1
52.4227435 10.7324839 133 0
52.4135552 10.7350127 134 1
52.4158923 10.7166834 135 1
52.4188703 10.7825365 136 1
52.428155 10.7761466 137 1
52.4195004 10.7218775 138 0
52.4488812 10.8364463 139 0
52.4288635 10.7600617 140 0
52.4224567 10.8007174 141 0
52.4400158 10.8252926 142 0
52.420145 10.7595272 143 0
177
44 33 4809.679269594676 16.67 3 3 2 3
1 0 0 0 1 0 0 0 1
1 0 0 0 1 0 0 0 1
44 67 45.407954980311764 16.67 3 3 4 5
1 0 0 0 1 0 0 0 1
1 0 0 0 1 0 0 0 1
44 137 63.95308359474772 16.67 3 3 6 7
1 0 0 0 1 0 0 0 1
1 0 0 0 1 0 0 0 1
143 88 577.5720393348705 16.67 3 3 8 9
1 0 0 0 1 0 0 0 1
1 0 0 0 1 0 0 0 1
143 63 246.313348681977 16.67 3 3 10 11
1 0 0 0 1 0 0 0 1
1 0 0 0 1 0 0 0 1
30 97 976.6580185928326 16.67 3 3 12 13
1 0 0 0 1 0 0 0 1
1 0 0 0 1 0 0 0 1
30 69 18.205353935405267 16.67 3 3 14 15
1 0 0 0 1 0 0 0 1
1 0 0 0 1 0 0 0 1
30 4 686.8684871273606 16.67 3 3 16 17
1 0 0 0 1 0 0 0 1
1 0 0 0 1 0 0 0 1
6 122 554.5824302592836 16.67 3 3 18 19
1 0 0 0 1 0 0 0 1
1 0 0 0 1 0 0 0 1
6 96 1655.3330803737358 16.67 3 3 20 21
1 0 0 0 1 0 0 0 1
1 0 0 0 1 0 0 0 1
6 3 949.0457886228966 16.67 3 3 22 23
1 0 0 0 1 0 0 0 1
1 0 0 0 1 0 0 0 1
33 129 2338.2412774055792 16.67 3 3 24 25
1 0 0 0 1 0 0 0 1
1 0 0 0 1 0 0 0 1
33 119 1069.7768267673778 16.67 3 3 26 27
1 0 0 0 1 0 0 0 1
1 0 0 0 1 0 0 0 1
32 104 268.8246899412874 16.67 3 3 28 29
1 0 0 0 1 0 0 0 1
1 0 0 0 1 0 0 0 1
32 26 1422.8723754646378 16.67 3 3 30 31
1 0 0 0 1 0 0 0 1
1 0 0 0 1 0 0 0 1
19 17 577.2220967501928 16.67 3 3 32 33
1 0 0 0 1 0 0 0 1
1 0 0 0 1 0 0 0 1
19 126 147.45085120711778 16.67 3 3 34 35
1 0 0 0 1 0 0 0 1
1 0 0 0 1 0 0 0 1
50 119 1813.9849724750115 16.67 3 3 36 37
1 0 0 0 1 0 0 0 1
1 0 0 0 1 0 0 0 1
50 99 211.22815537528083 16.67 3 3 38 39
1 0 0 0 1 0 0 0 1
1 0 0 0 1 0 0 0 1
18 58 96.48010734015094 16.67 3 3 40 41
1 0 0 0 1 0 0 0 1
1 0 0 0 1 0 0 0 1
18 24 1335.5275502558222 16.67 3 3 42 43
1 0 0 0 1 0 0 0 1
1 0 0 0 1 0 0 0 1
55 66 346.8410576586695 16.67 3 3 44 45
1 0 0 0 1 0 0 0 1
1 0 0 0 1 0 0 0 1
55 7 1094.64416031981 16.67 3 3 46 47
1 0 0 0 1 0 0 0 1
1 0 0 0 1 0 0 0 1
55 112 1132.9722778999092 16.67 3 3 48 49
1 0 0 0 1 0 0 0 1
1 0 0 0 1 0 0 0 1
55 46 603.7778787078254 16.67 3 3 50 51
1 0 0 0 1 0 0 0 1
1 0 0 0 1 0 0 0 1
56 133 2417.0030472937156 16.67 3 3 52 53
1 0 0 0 1 0 0 0 1
1 0 0 0 1 0 0 0 1
56 88 335.1311019817282 16.67 3 3 54 55
1 0 0 0 1 0 0 0 1
1 0 0 0 1 0 0 0 1
56 95 667.6616210751357 16.67 3 3 56 57
1 0 0 0 1 0 0 0 1
1 0 0 0 1 0 0 0 1
57 75 3075.711825405617 16.67 3 3 58 59
1 0 0 0 1 0 0 0 1
1 0 0 0 1 0 0 0 1
57 138 1104.5400908254537 16.67 3 3 60 61
1 0 0 0 1 0 0 0 1
1 0 0 0 1 0 0 0 1
57 133 102.54862299303883 16.67 3 3 62 63
1 0 0 0 1 0 0 0 1
1 0 0 0 1 0 0 0 1
57 70 378.734677756026 16.67 3 3 64 65
1 0 0 0 1 0 0 0 1
1 0 0 0 1 0 0 0 1
58 108 631.9382472663805 16.67 3 3 66 67
1 0 0 0 1 0 0 0 1
1 0 0 0 1 0 0 0 1
58 99 595.829736118562 16.67 3 3 68 69
1 0 0 0 1 0 0 0 1
1 0 0 0 1 0 0 0 1
60 127 49.378987108129266 16.67 3 3 70 71
1 0 0 0 1 0 0 0 1
1 0 0 0 1 0 0 0 1
60 106 49.35223253773855 16.67 3 3 72 73
1 0 0 0 1 0 0 0 1
1 0 0 0 1 0 0 0 1
60 22 49.44761741141517 16.67 3 3 74 75
1 0 0 0 1 0 0 0 1
1 0 0 0 1 0 0 0 1
61 16 130.9135148231693 16.67 3 3 76 77
1 0 0 0 1 0 0 0 1
1 0 0 0 1 0 0 0 1
61 46 68.98034253387247 16.67 3 3 78 79
1 0 0 0 1 0 0 0 1
1 0 0 0 1 0 0 0 1
61 82 61.57678362969276 16.67 3 3 80 81
1 0 0 0 1 0 0 0 1
1 0 0 0 1 0 0 0 1
61 117 34.60631593058551 16.67 3 3 82 83
1 0 0 0 1 0 0 0 1
1 0 0 0 1 0 0 0 1
62 74 405.9110263567207 16.67 3 3 84 85
1 0 0 0 1 0 0 0 1
1 0 0 0 1 0 0 0 1
62 84 239.14821447492986 16.67 3 3 86 87
1 0 0 0 1 0 0 0 1
1 0 0 0 1 0 0 0 1
63 31 832.7801813151581 16.67 3 3 88 89
1 0 0 0 1 0 0 0 1
1 0 0 0 1 0 0 0 1
63 48 104.50078658812987 16.67 3 3 90 91
1 0 0 0 1 0 0 0 1
1 0 0 0 1 0 0 0 1
64 111 274.73090960206645 16.67 3 3 92 93
1 0 0 0 1 0 0 0 1
1 0 0 0 1 0 0 0 1
64 130 157.3106425427061 16.67 3 3 94 95
1 0 0 0 1 0 0 0 1
1 0 0 0 1 0 0 0 1
64 71 82.98929098648682 16.67 3 3 96 97
1 0 0 0 1 0 0 0 1
1 0 0 0 1 0 0 0 1
64 11 76.9956650184944 16.67 3 3 98 99
1 0 0 0 1 0 0 0 1
1 0 0 0 1 0 0 0 1
65 81 245.11855250700998 16.67 3 3 100 101
1 0 0 0 1 0 0 0 1
1 0 0 0 1 0 0 0 1
65 69 655.9287871154596 16.67 3 3 102 103
1 0 0 0 1 0 0 0 1
1 0 0 0 1 0 0 0 1
65 129 27.508465624384385 16.67 3 3 104 105
1 0 0 0 1 0 0 0 1
1 0 0 0 1 0 0 0 1
65 137 2507.9179425080124 16.67 3 3 106 107
1 0 0 0 1 0 0 0 1
1 0 0 0 1 0 0 0 1
66 34 380.5428198482687 16.67 3 3 108 109
1 0 0 0 1 0 0 0 1
1 0 0 0 1 0 0 0 1
67 105 190.53776145419056 16.67 3 3 110 111
1 0 0 0 1 0 0 0 1
1 0 0 0 1 0 0 0 1
67 137 25.20912822196372 16.67 3 3 112 113
1 0 0 0 1 0 0 0 1
1 0 0 0 1 0 0 0 1
68 73 868.2175838928927 16.67 3 3 114 115
1 0 0 0 1 0 0 0 1
1 0 0 0 1 0 0 0 1
68 86 1799.1755005310968 16.67 3 3 116 117
1 0 0 0 1 0 0 0 1
1 0 0 0 1 0 0 0 1
46 117 47.82443064941969 16.67 3 3 118 119
1 0 0 0 1 0 0 0 1
1 0 0 0 1 0 0 0 1
69 113 1000.8281776383311 16.67 3 3 120 121
1 0 0 0 1 0 0 0 1
1 0 0 0 1 0 0 0 1
69 129 654.0122435955691 16.67 3 3 122 123
1 0 0 0 1 0 0 0 1
1 0 0 0 1 0 0 0 1
70 93 163.2372911723803 16.67 3 3 124 125
1 0 0 0 1 0 0 0 1
1 0 0 0 1 0 0 0 1
70 23 907.8191435906436 16.67 3 3 126 127
1 0 0 0 1 0 0 0 1
1 0 0 0 1 0 0 0 1
71 136 843.6583349093655 16.67 3 3 128 129
1 0 0 0 1 0 0 0 1
1 0 0 0 1 0 0 0 1
71 11 155.16919089615476 16.67 3 3 130 131
1 0 0 0 1 0 0 0 1
1 0 0 0 1 0 0 0 1
72 122 55.246634070782214 16.67 3 3 132 133
1 0 0 0 1 0 0 0 1
1 0 0 0 1 0 0 0 1
72 8 39.45233632007758 16.67 3 3 134 135
1 0 0 0 1 0 0 0 1
1 0 0 0 1 0 0 0 1
72 131 14.973097291527754 16.67 3 3 136 137
1 0 0 0 1 0 0 0 1
1 0 0 0 1 0 0 0 1
22 106 93.55489487830889 16.67 3 3 138 139
1 0 0 0 1 0 0 0 1
1 0 0 0 1 0 0 0 1
22 95 877.224451937313 16.67 3 3 140 141
1 0 0 0 1 0 0 0 1
1 0 0 0 1 0 0 0 1
73 110 35.992672453351034 16.67 3 3 142 143
1 0 0 0 1 0 0 0 1
1 0 0 0 1 0 0 0 1
75 95 105.58648598370746 16.67 3 3 144 145
1 0 0 0 1 0 0 0 1
1 0 0 0 1 0 0 0 1
76 117 502.4201678031178 16.67 3 3 146 147
1 0 0 0 1 0 0 0 1
1 0 0 0 1 0 0 0 1
76 43 107.47870004651014 16.67 3 3 148 149
1 0 0 0 1 0 0 0 1
1 0 0 0 1 0 0 0 1
77 27 47.4156333247791 16.67 3 3 150 151
1 0 0 0 1 0 0 0 1
1 0 0 0 1 0 0 0 1
77 21 699.3899569623875 16.67 3 3 152 153
1 0 0 0 1 0 0 0 1
1 0 0 0 1 0 0 0 1
77 106 44.48127266458316 16.67 3 3 154 155
1 0 0 0 1 0 0 0 1
1 0 0 0 1 0 0 0 1
52 111 178.10053190848825 16.67 3 3 156 157
1 0 0 0 1 0 0 0 1
1 0 0 0 1 0 0 0 1
52 27 560.1046945333347 16.67 3 3 158 159
1 0 0 0 1 0 0 0 1
1 0 0 0 1 0 0 0 1
79 129 247.7816147529905 16.67 3 3 160 161
1 0 0 0 1 0 0 0 1
1 0 0 0 1 0 0 0 1
79 107 215.81100235516277 16.67 3 3 162 163
1 0 0 0 1 0 0 0 1
1 0 0 0 1 0 0 0 1
79 81 37.82837166828091 16.67 3 3 164 165
1 0 0 0 1 0 0 0 1
1 0 0 0 1 0 0 0 1
7 45 104.46440060065716 16.67 3 3 166 167
1 0 0 0 1 0 0 0 1
1 0 0 0 1 0 0 0 1
7 112 50.20505380833258 16.67 3 3 168 169
1 0 0 0 1 0 0 0 1
1 0 0 0 1 0 0 0 1
78 127 83.13088568201695 16.67 3 3 170 171
1 0 0 0 1 0 0 0 1
1 0 0 0 1 0 0 0 1
78 116 55.401602567336795 16.67 3 3 172 173
1 0 0 0 1 0 0 0 1
1 0 0 0 1 0 0 0 1
78 106 26.131384017741123 16.67 3 3 174 175
1 0 0 0 1 0 0 0 1
1 0 0 0 1 0 0 0 1
16 136 72.56963067494159 16.67 3 3 176 177
1 0 0 0 1 0 0 0 1
1 0 0 0 1 0 0 0 1
16 89 22.02175383843871 16.67 3 3 178 179
1 0 0 0 1 0 0 0 1
1 0 0 0 1 0 0 0 1
81 34 358.7429407470609 16.67 3 3 180 181
1 0 0 0 1 0 0 0 1
1 0 0 0 1 0 0 0 1
81 107 251.73897000762784 16.67 3 3 182 183
1 0 0 0 1 0 0 0 1
1 0 0 0 1 0 0 0 1
45 112 69.75391886637026 16.67 3 3 184 185
1 0 0 0 1 0 0 0 1
1 0 0 0 1 0 0 0 1
45 26 259.4379152903408 16.67 3 3 186 187
1 0 0 0 1 0 0 0 1
1 0 0 0 1 0 0 0 1
82 89 180.56493773615125 16.67 3 3 188 189
1 0 0 0 1 0 0 0 1
1 0 0 0 1 0 0 0 1
83 114 119.11264777562305 16.67 3 3 190 191
1 0 0 0 1 0 0 0 1
1 0 0 0 1 0 0 0 1
83 135 500.60953498858703 16.67 3 3 192 193
1 0 0 0 1 0 0 0 1
1 0 0 0 1 0 0 0 1
83 53 801.6966555124674 16.67 3 3 194 195
1 0 0 0 1 0 0 0 1
1 0 0 0 1 0 0 0 1
84 100 335.96112554358706 16.67 3 3 196 197
1 0 0 0 1 0 0 0 1
1 0 0 0 1 0 0 0 1
85 110 1050.8975813882091 16.67 3 3 198 199
1 0 0 0 1 0 0 0 1
1 0 0 0 1 0 0 0 1
85 9 507.7734859469208 16.67 3 3 200 201
1 0 0 0 1 0 0 0 1
1 0 0 0 1 0 0 0 1
86 1 1295.2097524465821 16.67 3 3 202 203
1 0 0 0 1 0 0 0 1
1 0 0 0 1 0 0 0 1
86 131 1765.5862614539258 16.67 3 3 204 205
1 0 0 0 1 0 0 0 1
1 0 0 0 1 0 0 0 1
87 111 1005.4384648635668 16.67 3 3 206 207
1 0 0 0 1 0 0 0 1
1 0 0 0 1 0 0 0 1
87 125 252.8364362880228 16.67 3 3 208 209
1 0 0 0 1 0 0 0 1
1 0 0 0 1 0 0 0 1
87 89 291.25058724782184 16.67 3 3 210 211
1 0 0 0 1 0 0 0 1
1 0 0 0 1 0 0 0 1
88 51 558.2292924705349 16.67 3 3 212 213
1 0 0 0 1 0 0 0 1
1 0 0 0 1 0 0 0 1
51 94 182.40469241377144 16.67 3 3 214 215
1 0 0 0 1 0 0 0 1
1 0 0 0 1 0 0 0 1
51 102 201.2000647362798 16.67 3 3 216 217
1 0 0 0 1 0 0 0 1
1 0 0 0 1 0 0 0 1
89 136 64.14457203599625 16.67 3 3 218 219
1 0 0 0 1 0 0 0 1
1 0 0 0 1 0 0 0 1
90 35 844.5412016911231 16.67 3 3 220 221
1 0 0 0 1 0 0 0 1
1 0 0 0 1 0 0 0 1
90 29 53.05663395386561 16.67 3 3 222 223
1 0 0 0 1 0 0 0 1
1 0 0 0 1 0 0 0 1
90 4 440.22155297849434 16.67 3 3 224 225
1 0 0 0 1 0 0 0 1
1 0 0 0 1 0 0 0 1
91 132 114.13134581786694 16.67 3 3 226 227
1 0 0 0 1 0 0 0 1
1 0 0 0 1 0 0 0 1
91 28 1391.2499689263002 16.67 3 3 228 229
1 0 0 0 1 0 0 0 1
1 0 0 0 1 0 0 0 1
91 2 50.09262819711851 16.67 3 3 230 231
1 0 0 0 1 0 0 0 1
1 0 0 0 1 0 0 0 1
92 93 1195.8131104819506 16.67 3 3 232 233
1 0 0 0 1 0 0 0 1
1 0 0 0 1 0 0 0 1
92 114 664.1294694152707 16.67 3 3 234 235
1 0 0 0 1 0 0 0 1
1 0 0 0 1 0 0 0 1
92 96 781.8146782121514 16.67 3 3 236 237
1 0 0 0 1 0 0 0 1
1 0 0 0 1 0 0 0 1
92 39 1179.157063126571 16.67 3 3 238 239
1 0 0 0 1 0 0 0 1
1 0 0 0 1 0 0 0 1
95 115 921.4890245094133 16.67 3 3 240 241
1 0 0 0 1 0 0 0 1
1 0 0 0 1 0 0 0 1
96 37 748.4340751357315 16.67 3 3 242 243
1 0 0 0 1 0 0 0 1
1 0 0 0 1 0 0 0 1
96 10 891.8344645186471 16.67 3 3 244 245
1 0 0 0 1 0 0 0 1
1 0 0 0 1 0 0 0 1
97 124 1879.2838730087167 16.67 3 3 246 247
1 0 0 0 1 0 0 0 1
1 0 0 0 1 0 0 0 1
97 113 22.49582395233568 16.67 3 3 248 249
1 0 0 0 1 0 0 0 1
1 0 0 0 1 0 0 0 1
97 126 358.54475538085296 16.67 3 3 250 251
1 0 0 0 1 0 0 0 1
1 0 0 0 1 0 0 0 1
98 103 2003.3603476503786 16.67 3 3 252 253
1 0 0 0 1 0 0 0 1
1 0 0 0 1 0 0 0 1
98 40 1063.8802356814426 16.67 3 3 254 255
1 0 0 0 1 0 0 0 1
1 0 0 0 1 0 0 0 1
98 59 203.69768020968255 16.67 3 3 256 257
1 0 0 0 1 0 0 0 1
1 0 0 0 1 0 0 0 1
98 99 459.1928928436294 16.67 3 3 258 259
1 0 0 0 1 0 0 0 1
1 0 0 0 1 0 0 0 1
99 49 170.56503805130131 16.67 3 3 260 261
1 0 0 0 1 0 0 0 1
1 0 0 0 1 0 0 0 1
100 123 379.0967144966273 16.67 3 3 262 263
1 0 0 0 1 0 0 0 1
1 0 0 0 1 0 0 0 1
100 118 3439.4473987357537 16.67 3 3 264 265
1 0 0 0 1 0 0 0 1
1 0 0 0 1 0 0 0 1
101 140 381.30738215460667 16.67 3 3 266 267
1 0 0 0 1 0 0 0 1
1 0 0 0 1 0 0 0 1
101 127 525.1002177753244 16.67 3 3 268 269
1 0 0 0 1 0 0 0 1
1 0 0 0 1 0 0 0 1
103 141 3276.1407089363547 16.67 3 3 270 271
1 0 0 0 1 0 0 0 1
1 0 0 0 1 0 0 0 1
103 119 305.3735928262602 16.67 3 3 272 273
1 0 0 0 1 0 0 0 1
1 0 0 0 1 0 0 0 1
8 23 263.4881536061179 16.67 3 3 274 275
1 0 0 0 1 0 0 0 1
1 0 0 0 1 0 0 0 1
8 131 35.82101341935304 16.67 3 3 276 277
1 0 0 0 1 0 0 0 1
1 0 0 0 1 0 0 0 1
104 54 188.04444503122195 16.67 3 3 278 279
1 0 0 0 1 0 0 0 1
1 0 0 0 1 0 0 0 1
105 111 107.43046465125147 16.67 3 3 280 281
1 0 0 0 1 0 0 0 1
1 0 0 0 1 0 0 0 1
105 121 186.7547558124677 16.67 3 3 282 283
1 0 0 0 1 0 0 0 1
1 0 0 0 1 0 0 0 1
105 125 1101.336860171469 16.67 3 3 284 285
1 0 0 0 1 0 0 0 1
1 0 0 0 1 0 0 0 1
107 141 149.3649752639956 16.67 3 3 286 287
1 0 0 0 1 0 0 0 1
1 0 0 0 1 0 0 0 1
107 112 208.52319256715464 16.67 3 3 288 289
1 0 0 0 1 0 0 0 1
1 0 0 0 1 0 0 0 1
108 132 215.7691328412115 16.67 3 3 290 291
1 0 0 0 1 0 0 0 1
1 0 0 0 1 0 0 0 1
108 2 277.2872605184727 16.67 3 3 292 293
1 0 0 0 1 0 0 0 1
1 0 0 0 1 0 0 0 1
109 138 295.95911933349953 16.67 3 3 294 295
1 0 0 0 1 0 0 0 1
1 0 0 0 1 0 0 0 1
109 134 1695.5709686072166 16.67 3 3 296 297
1 0 0 0 1 0 0 0 1
1 0 0 0 1 0 0 0 1
109 135 358.8286387141934 16.67 3 3 298 299
1 0 0 0 1 0 0 0 1
1 0 0 0 1 0 0 0 1
113 28 2067.923162896966 16.67 3 3 300 301
1 0 0 0 1 0 0 0 1
1 0 0 0 1 0 0 0 1
2 132 66.39420786176369 16.67 3 3 302 303
1 0 0 0 1 0 0 0 1
1 0 0 0 1 0 0 0 1
3 1 144.52877096308782 16.67 3 3 304 305
1 0 0 0 1 0 0 0 1
1 0 0 0 1 0 0 0 1
114 47 628.7859227794349 16.67 3 3 306 307
1 0 0 0 1 0 0 0 1
1 0 0 0 1 0 0 0 1
9 123 237.36497035020267 16.67 3 3 308 309
1 0 0 0 1 0 0 0 1
1 0 0 0 1 0 0 0 1
116 137 770.5554363721691 16.67 3 3 310 311
1 0 0 0 1 0 0 0 1
1 0 0 0 1 0 0 0 1
118 80 186.31301093246114 16.67 3 3 312 313
1 0 0 0 1 0 0 0 1
1 0 0 0 1 0 0 0 1
26 38 212.00856636186538 16.67 3 3 314 315
1 0 0 0 1 0 0 0 1
1 0 0 0 1 0 0 0 1
48 130 1137.9436622754697 16.67 3 3 316 317
1 0 0 0 1 0 0 0 1
1 0 0 0 1 0 0 0 1
120 132 997.2801657631691 16.67 3 3 318 319
1 0 0 0 1 0 0 0 1
1 0 0 0 1 0 0 0 1
120 139 1143.5327837152363 16.67 3 3 320 321
1 0 0 0 1 0 0 0 1
1 0 0 0 1 0 0 0 1
120 42 116.32823523223132 16.67 3 3 322 323
1 0 0 0 1 0 0 0 1
1 0 0 0 1 0 0 0 1
121 21 63.55243603038173 16.67 3 3 324 325
1 0 0 0 1 0 0 0 1
1 0 0 0 1 0 0 0 1
122 131 68.82625921654994 16.67 3 3 326 327
1 0 0 0 1 0 0 0 1
1 0 0 0 1 0 0 0 1
124 28 207.7216776049065 16.67 3 3 328 329
1 0 0 0 1 0 0 0 1
1 0 0 0 1 0 0 0 1
124 142 39.72364070170112 16.67 3 3 330 331
1 0 0 0 1 0 0 0 1
1 0 0 0 1 0 0 0 1
41 12 191.90835107410524 16.67 3 3 332 333
1 0 0 0 1 0 0 0 1
1 0 0 0 1 0 0 0 1
41 54 291.3861467389968 16.67 3 3 334 335
1 0 0 0 1 0 0 0 1
1 0 0 0 1 0 0 0 1
23 128 2668.5908451615055 16.67 3 3 336 337
1 0 0 0 1 0 0 0 1
1 0 0 0 1 0 0 0 1
25 38 96.1015879459767 16.67 3 3 338 339
1 0 0 0 1 0 0 0 1
1 0 0 0 1 0 0 0 1
128 140 56.44209475329655 16.67 3 3 340 341
1 0 0 0 1 0 0 0 1
1 0 0 0 1 0 0 0 1
130 11 82.22088548657642 16.67 3 3 342 343
1 0 0 0 1 0 0 0 1
1 0 0 0 1 0 0 0 1
49 20 1258.7056914049078 16.67 3 3 344 345
1 0 0 0 1 0 0 0 1
1 0 0 0 1 0 0 0 1
43 14 153.14909662609358 16.67 3 3 346 347
1 0 0 0 1 0 0 0 1
1 0 0 0 1 0 0 0 1
134 5 773.033527469718 16.67 3 3 348 349
1 0 0 0 1 0 0 0 1
1 0 0 0 1 0 0 0 1
134 36 751.3933864763135 16.67 3 3 350 351
1 0 0 0 1 0 0 0 1
1 0 0 0 1 0 0 0 1
135 13 460.8993075042724 16.67 3 3 352 353
1 0 0 0 1 0 0 0 1
1 0 0 0 1 0 0 0 1
142 15 661.1543991682685 16.67 3 3 354 355
1 0 0 0 1 0 0 0 1
1 0 0 0 1 0 0 0 1
72
2 293 302 231 -1
6 18 22 20 -1
7 166 168 47 -1
8 -1 276 135 274
11 131 99 343 -1
16 -1 178 176 77
22 138 75 140 -1
23 336 275 127 -1
26 31 314 187 -1
28 229 329 301 -1
30 12 -1 16 14
33 26 3 24 -1
44 2 -1 6 4
45 186 -1 184 167
46 51 -1 79 118
51 216 213 -1 214
55 46 44 50 48
56 56 -1 52 54
57 58 64 60 62
58 41 -1 66 68
60 72 70 74 -1
61 78 80 76 82
63 90 -1 11 88
64 96 92 94 98
65 104 102 106 100
67 5 112 -1 110
69 120 15 103 122
70 65 126 124 -1
71 128 97 130 -1
72 136 -1 132 134
77 152 -1 154 150
78 172 -1 170 174
79 -1 160 164 162
81 165 101 180 182
83 192 -1 190 194
86 117 -1 202 204
87 -1 208 206 210
88 9 55 -1 212
89 189 211 218 179
90 -1 220 222 224
91 230 226 228 -1
92 232 236 238 234
95 240 141 145 57
96 21 244 242 237
97 246 250 13 248
98 254 258 252 256
99 260 69 39 259
100 197 262 264 -1
103 253 272 270 -1
105 284 111 282 280
106 155 175 73 139
107 286 163 183 288
108 67 -1 290 292
109 296 294 298 -1
111 207 281 157 93
112 185 289 49 169
113 300 249 121 -1
114 191 235 306 -1
117 119 83 -1 147
119 37 -1 27 273
120 322 -1 320 318
122 326 -1 19 133
124 328 330 247 -1
127 171 -1 269 71
129 25 123 105 161
130 342 95 317 -1
131 205 137 327 277
132 291 319 227 303
134 348 -1 297 350
135 299 -1 193 352
136 219 -1 129 177
137 7 107 311 113
