572
51.8693504 4.5144529 1 0
51.9424057 4.4586606 2 0
51.9160118 4.442358 3 0
51.92836 4.5342841 4 1
51.8852386 4.5549836 5 0
51.9290771 4.4489236 6 1
51.9404106 4.5539808 7 0
51.9382057 4.5405316 8 0
51.8990135 4.5138311 9 0
51.8678246 4.4423628 10 0
51.8743095 4.4141178 11 0
51.8744011 4.4726734 12 0
51.8792381 4.5217447 13 0
51.8846245 4.5612941 14 0
51.9287682 4.4990225 15 0
51.8688469 4.441174 16 1
51.9177551 4.5598621 17 1
51.9467354 4.4164433 18 0
51.9456825 4.544322 19 0
51.9246445 4.5688353 20 0
51.8707581 4.4130788 21 0
51.8917389 4.4779978 22 1
51.8858566 4.522687 23 0
51.9227791 4.5266232 24 0
51.9412994 4.5654001 25 0
51.9334755 4.5372424 26 1
51.9103966 4.449451 27 0
51.9391975 4.564816 28 0
51.9390945 4.5298972 29 0
51.9338989 4.5321221 30 0
51.9038925 4.5013709 31 0
51.8920937 4.5439725 32 0
51.9434433 4.5453596 33 1
51.9226761 4.4135447 34 0
51.9271355 4.5214014 35 0
51.9129753 4.4673333 36 0
51.9450836 4.4224563 37 0
51.89217 4.4771118 38 0
51.9334717 4.4200335 39 0
51.9465103 4.4454432 40 0
51.8854485 4.5655689 41 1
51.8856125 4.5515761 42 0
51.8846893 4.4910636 43 1
51.9323502 4.5662155 44 0
51.8746414 4.4592581 45 0
51.9295883 4.4135046 46 0
51.9140739 4.4135394 47 0
51.9464188 4.5076962 48 0
51.9250488 4.4245048 49 0
51.8775024 4.5618272 50 0
51.8879776 4.5222812 51 0
51.9466629 4.5007396 52 0
51.9023361 4.494987 53 0
51.9197617 4.4478126 54 0
51.8754883 4.5103483 55 0
51.9413071 4.5339942 56 0
51.9213676 4.4371204 57 0
51.9467163 4.5312991 58 0
51.8767853 4.4621782 59 0
51.9422874 4.4265985 60 0
51.9142036 4.4135609 61 0
51.8887863 4.491271 62 0
51.9254875 4.5689173 63 0
51.8681564 4.4530053 64 0
51.8705368 4.4133096 65 0
51.8690834 4.4479852 66 1
51.8740921 4.4754219 67 0
51.946579 4.5080032 68 0
51.929203 4.4548688 69 0
51.9282455 4.5643334 70 1
51.9461174 4.4599581 71 0
51.933857 4.4979992 72 1
51.9391212 4.5568581 73 0
51.9461174 4.5442934 74 0
51.9126015 4.4995275 75 0
51.9245415 4.5688219 76 0
51.9314919 4.5331235 77 0
51.9350777 4.4236331 78 0
51.876667 4.5687337 79 0
51.9180183 4.4458208 80 0
51.9219322 4.4294243 81 0
51.9255295 4.4617252 82 1
51.9457741 4.4222302 83 0
51.9122543 4.5686312 84 0
51.8691826 4.5151157 85 0
51.9096069 4.4950972 86 0
51.9056396 4.4952593 87 0
51.8739967 4.5238862 88 0
51.8770905 4.5689058 89 0
51.9253807 4.4620094 90 1
51.8791885 4.4419045 91 1
51.9221115 4.4228249 92 1
51.9465332 4.4210629 93 0
51.8854485 4.4268384 94 0
51.8937111 4.5585675 95 0
51.9311295 4.4138613 96 0
51.913826 4.468636 97 1
51.8740196 4.4155917 98 1
51.8835297 4.5057449 99 0
51.915535 4.5455289 100 0
51.9465065 4.5364418 101 0
51.8772278 4.5685282 102 0
51.8991013 4.5475574 103 0
51.8677216 4.554512 104 0
51.9465218 4.4596686 105 0
51.9191399 4.5582695 106 0
51.9291992 4.448555 107 1
51.9271927 4.5327115 108 0
51.8757858 4.4592633 109 0
51.9354782 4.5314302 110 0
51.8679008 4.4967027 111 0
51.9059563 4.460114 112 0
51.9293709 4.4134607 113 0
51.8850403 4.556272 114 0
51.9466858 4.4275918 115 0
51.8847427 4.4927244 116 0
51.9036522 4.4672117 117 0
51.9466515 4.4843168 118 0
51.8682632 4.5532937 119 0
51.9332123 4.5674667 120 0
51.8995209 4.5487738 121 0
51.921833 4.45509 122 0
51.9376831 4.5305004 123 0
51.9454765 4.4997592 124 1
51.9192963 4.4478254 125 0
51.9431305 4.5279784 126 1
51.874321 4.4135952 127 0
51.9467659 4.5270257 128 0
51.9013519 4.556777 129 1
51.9348907 4.4983187 130 1
51.9012032 4.5589147 131 0
51.9200516 4.4439659 132 0
51.9467773 4.538928 133 0
51.9204597 4.413209 134 0
51.9031029 4.4701405 135 0
51.9454231 4.4667974 136 0
51.8719864 4.5280261 137 1
51.8682899 4.4438386 138 0
51.8781926 4.4330344 139 1
51.8858168 4.4261794 140 1
51.8982492 4.5022439 141 1
51.9273509 4.4866711 142 1
51.9252714 4.4244347 143 1
51.9130589 4.4329103 144 1
51.9136928 4.4545305 145 0
51.9017818 4.5474677 146 0
51.9414008 4.426178 147 1
51.9103574 4.4599388 148 1
51.9336202 4.4527267 149 1
51.9071231 4.4907717 150 1
51.8754216 4.5109896 151 1
51.9340116 4.4863218 152 0
51.9166517 4.518118 153 1
51.9453866 4.5564649 154 1
51.9069884 4.465018 155 1
51.8973893 4.4954898 156 1
51.9450161 4.5274857 157 1
51.879026 4.4662471 158 1
51.8944084 4.5292679 159 0
51.9097185 4.4502441 160 1
51.926693 4.51078 161 1
51.9217518 4.438373 162 0
51.9357807 4.4765205 163 1
51.9309763 4.4377573 164 1
51.9148094 4.5342493 165 1
51.90831 4.4639078 166 1
51.8836466 4.5051996 167 1
51.9106872 4.4600086 168 1
51.9076115 4.4661722 169 1
51.8998572 4.5104763 170 0
51.9092557 4.5508542 171 1
51.8950558 4.5457266 172 1
51.8981901 4.5013236 173 0
51.9170074 4.4255768 174 1
51.8860859 4.5427063 175 1
51.9371759 4.4622549 176 1
51.9212902 4.4550253 177 1
51.9215173 4.5060911 178 1
51.9318976 4.4163291 179 1
51.9168717 4.4449682 180 1
51.9310667 4.5633047 181 1
51.9219765 4.427849 182 1
51.9082956 4.4653453 183 1
51.8920415 4.5453244 184 1
51.9457812 4.4434458 185 0
51.9213661 4.4563388 186 0
51.8859768 4.5687232 187 0
51.9066434 4.4634357 188 1
51.9416597 4.4268871 189 1
51.9288868 4.4550841 190 1
51.8894386 4.4940799 191 1
51.9077564 4.4652282 192 1
51.9072181 4.5068088 193 0
51.9200915 4.4172625 194 1
51.9277848 4.5451182 195 1
51.9243348 4.47775 196 1
51.9317624 4.4668865 197 1
51.936707 4.4272964 198 1
51.8869479 4.5344547 199 1
51.9286648 4.4969013 200 0
51.9195837 4.5049073 201 1
51.8999912 4.5109438 202 1
51.9385977 4.4617033 203 1
51.8996391 4.5116046 204 0
51.9083161 4.4929651 205 1
51.9082858 4.4668588 206 1
51.9243847 4.5167254 207 1
51.9218432 4.4273664 208 0
51.94264 4.4812006 209 0
51.906895 4.4647393 210 1
51.9266154 4.463429 211 0
51.938055 4.5396068 212 1
51.9392809 4.4703157 213 1
51.8689366 4.4486829 214 1
51.9202128 4.4416667 215 1
51.9228897 4.4998181 216 0
51.9130456 4.4306737 217 1
51.8992969 4.5132324 218 0
51.9406924 4.5560735 219 1
51.8944389 4.528299 220 1
51.8714043 4.4773968 221 1
51.9114213 4.5012842 222 0
51.873415 4.4888094 223 0
51.8905258 4.5146164 224 1
51.9419699 4.4258149 225 1
51.9123207 4.4820401 226 1
51.8897478 4.5078194 227 1
51.9337942 4.4651902 228 1
51.9308903 4.4696629 229 1
51.870803 4.5477168 230 1
51.8780145 4.4948374 231 1
51.8738067 4.4944506 232 1
51.9047229 4.4969822 233 0
51.9028212 4.4968368 234 1
51.9114845 4.4775133 235 1
51.9096283 4.4492989 236 0
51.8752444 4.4330578 237 1
51.9364189 4.4990366 238 1
51.8885024 4.4926055 239 1
51.9162447 4.5531401 240 1
51.9225944 4.4630416 241 1
51.9453468 4.4831352 242 0
51.9396036 4.5296987 243 0
51.9176276 4.4814706 244 0
51.9119628 4.4637054 245 1
51.9209855 4.4712375 246 1
51.9318699 4.5631183 247 1
51.9040351 4.5026514 248 1
51.9255524 4.4544031 249 1
51.8774991 4.4787591 250 1
51.9225075 4.4674846 251 0
51.9182345 4.552991 252 1
51.9302056 4.4865001 253 0
51.8970837 4.5546576 254 0
51.8850872 4.4919332 255 1
51.9140542 4.4691199 256 1
51.8956378 4.4688537 257 0
51.8965406 4.5468597 258 0
51.8966948 4.5187247 259 0
51.893003 4.4758003 260 1
51.9079236 4.4627445 261 0
51.8689632 4.4484296 262 1
51.9238766 4.4959386 263 1
51.8940108 4.5291348 264 1
51.9314761 4.46216 265 1
51.9256539 4.4242382 266 1
51.9262924 4.4613146 267 1
51.936731 4.4367685 268 1
51.9228799 4.471101 269 1
51.9278283 4.4882609 270 0
51.9196702 4.4484611 271 1
51.939949 4.5641236 272 0
51.8690206 4.5361468 273 0
51.9245837 4.5078215 274 1
51.8996437 4.5480143 275 1
51.8691167 4.4528533 276 1
51.922669 4.4969031 277 1
51.9324704 4.5676805 278 1
51.9307046 4.4345776 279 1
51.9013795 4.4907718 280 1
51.8949791 4.4665666 281 1
51.9273978 4.5344093 282 1
51.92485 4.4863303 283 1
51.9337191 4.5032142 284 0
51.8938244 4.5097083 285 1
51.9406567 4.4793937 286 1
51.9154755 4.5464912 287 1
51.9172158 4.4915846 288 1
51.9190679 4.4634095 289 1
51.8766383 4.5125359 290 1
51.9254322 4.5687697 291 1
51.9028244 4.4963455 292 1
51.897631 4.5108953 293 0
51.8912411 4.4735391 294 1
51.8779545 4.4531072 295 1
51.931644 4.4373505 296 1
51.9344008 4.4745922 297 1
51.9224014 4.4272939 298 1
51.9322424 4.4388181 299 1
51.9364077 4.4605074 300 1
51.8771648 4.5221128 301 1
51.8867447 4.5293341 302 0
51.8854961 4.5536516 303 1
51.9181471 4.4811306 304 0
51.9222189 4.4618527 305 0
51.9203845 4.4290804 306 1
51.9202211 4.4989592 307 1
51.8873381 4.5419544 308 1
51.9453339 4.4742265 309 1
51.9379605 4.464397 310 1
51.8789422 4.508633 311 1
51.9061393 4.505223 312 1
51.9143238 4.4682624 313 0
51.9453194 4.4758184 314 0
51.9166298 4.4463076 315 1
51.9324703 4.4975723 316 1
51.9371262 4.4626594 317 1
51.9067825 4.5059535 318 1
51.8766823 4.4624834 319 1
51.9157829 4.5160224 320 0
51.8786926 4.44625 321 0
51.8690537 4.448846 322 1
51.8818421 4.5361255 323 1
51.8843136 4.5082865 324 0
51.8739072 4.4779813 325 1
51.8862085 4.5346496 326 0
51.9220195 4.5314724 327 1
51.9250636 4.4239104 328 1
51.9310197 4.4396746 329 1
51.9154822 4.5357705 330 1
51.9212581 4.4717123 331 1
51.926368 4.5263703 332 0
51.9414124 4.4891408 333 1
51.9261016 4.4889384 334 1
51.8905631 4.513971 335 1
51.9165976 4.4460563 336 1
51.9164542 4.490345 337 1
51.8754261 4.4598753 338 0
51.9326808 4.4721949 339 0
51.9135322 4.4346624 340 0
51.9448199 4.5544118 341 1
51.9217656 4.505112 342 0
51.9124279 4.5464408 343 1
51.9190307 4.4631097 344 1
51.8981879 4.5464224 345 1
51.9424116 4.4608054 346 0
51.8934551 4.4739216 347 0
51.9366298 4.5311141 348 1
51.8972772 4.4951232 349 1
51.9204116 4.4909771 350 1
51.933918 4.48685 351 0
51.9129766 4.4309898 352 1
51.9177862 4.4166021 353 1
51.9164257 4.4447009 354 0
51.9273962 4.5186982 355 1
51.9228877 4.4700194 356 1
51.9333382 4.4885607 357 1
51.9149121 4.4637938 358 0
51.9164229 4.4820593 359 0
51.9292261 4.5543972 360 0
51.9068718 4.5236033 361 0
51.9203237 4.5052965 362 0
51.9078534 4.5462165 363 1
51.9099397 4.4459915 364 0
51.9118381 4.4634773 365 1
51.9316101 4.4661029 366 0
51.9282398 4.5450614 367 0
51.9171707 4.5641798 368 0
51.9234077 4.4732926 369 1
51.9090288 4.4787221 370 1
51.9319725 4.4974529 371 0
51.9170539 4.4441972 372 0
51.8787181 4.4660103 373 0
51.8891014 4.4939034 374 0
51.9464246 4.4741831 375 0
51.9254602 4.4236694 376 1
51.9203796 4.4145906 377 0
51.9124146 4.5461901 378 1
51.9260035 4.425058 379 0
51.8885557 4.4244867 380 0
51.8770008 4.453229 381 1
51.9251041 4.4886776 382 1
51.9320602 4.5643391 383 0
51.926162 4.4961667 384 1
51.8695501 4.5348081 385 0
51.9358464 4.5586898 386 0
51.877533 4.4793347 387 1
51.9076127 4.4906461 388 1
51.8870414 4.5215899 389 0
51.8918444 4.5462061 390 0
51.9172787 4.5599727 391 0
51.9230309 4.5250763 392 0
51.9380303 4.4612116 393 1
51.944834 4.4827255 394 1
51.9085468 4.4658814 395 1
51.9236736 4.5072437 396 0
51.9096037 4.4783911 397 0
51.9448591 4.5541993 398 1
51.9278161 4.4394151 399 0
51.8754833 4.4602041 400 1
51.9302398 4.4585277 401 1
51.8746519 4.4991286 402 0
51.9243551 4.4887705 403 1
51.882412 4.5041747 404 1
51.9031174 4.4976725 405 0
51.9428421 4.4712409 406 0
51.8775899 4.5240644 407 0
51.9160385 4.520272 408 0
51.8838148 4.5380414 409 1
51.9055429 4.460428 410 1
51.9300808 4.4969512 411 1
51.9236527 4.4732108 412 1
51.8914185 4.5224375 413 0
51.880846 4.5011156 414 1
51.9266135 4.5290487 415 0
51.9094462 4.4574013 416 0
51.9384125 4.4330037 417 0
51.9331767 4.5369959 418 0
51.9219274 4.4277564 419 1
51.9092848 4.539939 420 1
51.932733 4.4946843 421 1
51.9403068 4.4236408 422 1
51.8923893 4.4749591 423 0
51.9136658 4.4300856 424 1
51.9218476 4.4287549 425 1
51.9142044 4.4689662 426 1
51.9254732 4.5359014 427 0
51.8733241 4.5391453 428 0
51.894535 4.5200484 429 0
51.9197761 4.557264 430 1
51.9193191 4.5582976 431 1
51.9224121 4.5688229 432 0
51.8928255 4.4939003 433 1
51.9082476 4.4775708 434 1
51.9063339 4.5051765 435 1
51.9094857 4.4577958 436 1
51.9262742 4.4616509 437 1
51.8886825 4.4246063 438 0
51.9452509 4.467425 439 0
51.9393399 4.547084 440 1
51.9013348 4.5570534 441 0
51.9135374 4.4971325 442 0
51.8756237 4.4317059 443 1
51.8777984 4.4534229 444 1
51.9391009 4.4794743 445 0
51.921051 4.471765 446 1
51.9009356 4.5475981 447 0
51.8758478 4.431654 448 1
51.9380063 4.4648193 449 1
51.9133835 4.4969728 450 0
51.9123364 4.4361219 451 0
51.9463972 4.5572795 452 0
51.9249941 4.5679344 453 1
51.9464512 4.5535348 454 0
51.8965742 4.5449142 455 1
51.9297085 4.441393 456 1
51.8772403 4.4790947 457 1
51.8808056 4.5007153 458 1
51.9161351 4.4734096 459 1
51.9139634 4.5347009 460 1
51.9444375 4.4363763 461 0
51.8985008 4.5684479 462 0
51.9155284 4.5477295 463 0
51.916391 4.4732731 464 1
51.9256237 4.4822699 465 1
51.9321918 4.4389713 466 1
51.8994713 4.5099978 467 1
51.9303688 4.4416858 468 1
51.9449319 4.468707 469 0
51.886571 4.5537828 470 0
51.8783466 4.4341393 471 0
51.8834984 4.5384971 472 1
51.8691311 4.5523729 473 1
51.8854666 4.5140801 474 0
51.9237824 4.4191908 475 1
51.8683497 4.5359671 476 0
51.9442892 4.4230693 477 1
51.94308 4.4200772 478 1
51.9256339 4.5336236 479 1
51.8742946 4.5415268 480 1
51.9450709 4.4221935 481 0
51.9254065 4.4823182 482 0
51.9203423 4.5113973 483 0
51.941812 4.4606801 484 0
51.910111 4.4591268 485 1
51.9102326 4.5028439 486 0
51.9163801 4.4464902 487 1
51.9223906 4.4676372 488 1
51.8823082 4.5215061 489 0
51.9451294 4.5272702 490 1
51.9122162 4.498799 491 1
51.9318027 4.4671922 492 1
51.9192696 4.5580654 493 1
51.9116001 4.4978854 494 0
51.931455 4.4330516 495 0
51.9148086 4.4629873 496 0
51.8932902 4.5210943 497 0
51.9164383 4.4736188 498 1
51.9274818 4.5342325 499 1
51.9246101 4.5685059 500 1
51.894085 4.5204351 501 0
51.9099941 4.5257128 502 1
51.9464207 4.5571535 503 0
51.9354012 4.424283 504 0
51.9421782 4.4263289 505 1
51.9236202 4.4186449 506 1
51.9169988 4.4243179 507 0
51.9066696 4.5416584 508 1
51.9443722 4.4824917 509 0
51.9110476 4.4403298 510 0
51.9139188 4.4562211 511 0
51.9097359 4.4484657 512 0
51.9245739 4.4884708 513 0
51.9330983 4.4727368 514 0
51.9306043 4.4390125 515 1
51.8936234 4.5094373 516 0
51.943531 4.4286555 517 1
51.9192929 4.4888337 518 1
51.9364601 4.4603281 519 0
51.9065056 4.4653163 520 1
51.8716393 4.5288313 521 1
51.9162954 4.5143436 522 0
51.9344095 4.4980318 523 1
51.9162153 4.4738211 524 1
51.8712444 4.5301152 525 1
51.8767328 4.5041418 526 0
51.8734284 4.4858047 527 0
51.8697738 4.5345296 528 1
51.9412499 4.4273489 529 0
51.8861389 4.5688074 530 0
51.9176111 4.4171789 531 0
51.9186249 4.4132059 532 0
51.9169045 4.4258399 533 1
51.9439754 4.459114 534 0
51.9385548 4.4604548 535 1
51.8858395 4.5451293 536 0
51.9084715 4.4773828 537 0
51.9160538 4.446857 538 0
51.944912 4.4738586 539 0
51.9206286 4.4912395 540 0
51.8677654 4.4765354 541 0
51.908093 4.5479469 542 1
51.9343842 4.4134326 543 0
51.9222793 4.5029223 544 0
51.921641 4.428734 545 0
51.8833999 4.521832 546 0
51.869993 4.5539309 547 0
51.8873492 4.5222699 548 1
51.9302297 4.4419773 549 1
51.9217682 4.4219281 550 0
51.9212481 4.5075704 551 0
51.9119316 4.5021585 552 1
51.9207001 4.509876 553 0
51.8677826 4.476413 554 0
51.9226856 4.5009615 555 0
51.9456425 4.4655595 556 0
51.9464778 4.5537016 557 0
51.9198265 4.4631928 558 0
51.9131356 4.5274665 559 0
51.9077759 4.5459582 560 1
51.9078102 4.4777783 561 0
51.9276352 4.5180229 562 0
51.9301148 4.5637989 563 0
51.9141655 4.5367372 564 1
51.89114 4.4159181 565 0
51.9177195 4.4158066 566 0
51.8782844 4.4714315 567 0
51.9466267 4.5666208 568 0
51.9426524 4.4709737 569 0
51.9357242 4.4250528 570 0
51.8847542 4.4923313 571 1
51.900219 4.5687024 572 0
729
260 260 0.0 16.67 3 3 2 3
1 0 0 0 1 0 0 0 1
1 0 0 0 1 0 0 0 1
260 38 156.64464623013438 16.67 3 3 4 5
1 0 0 0 1 0 0 0 1
1 0 0 0 1 0 0 0 1
260 347 211.20605507246344 16.67 3 3 6 7
1 0 0 0 1 0 0 0 1
1 0 0 0 1 0 0 0 1
261 166 132.04912187367714 16.67 3 3 8 9
1 0 0 0 1 0 0 0 1
1 0 0 0 1 0 0 0 1
261 188 116.71027039788562 16.67 3 3 10 11
1 0 0 0 1 0 0 0 1
1 0 0 0 1 0 0 0 1
262 138 512.6163322906989 16.67 3 3 12 13
1 0 0 0 1 0 0 0 1
1 0 0 0 1 0 0 0 1
262 214 28.22656504800527 16.67 3 3 14 15
1 0 0 0 1 0 0 0 1
1 0 0 0 1 0 0 0 1
262 66 50.10252096897619 16.67 3 3 16 17
1 0 0 0 1 0 0 0 1
1 0 0 0 1 0 0 0 1
263 384 158.76975664903398 16.67 3 3 18 19
1 0 0 0 1 0 0 0 1
1 0 0 0 1 0 0 0 1
263 403 797.7806962595523 16.67 3 3 20 21
1 0 0 0 1 0 0 0 1
1 0 0 0 1 0 0 0 1
263 277 135.50623725942953 16.67 3 3 22 23
1 0 0 0 1 0 0 0 1
1 0 0 0 1 0 0 0 1
264 220 97.47501511304954 16.67 3 3 24 25
1 0 0 0 1 0 0 0 1
1 0 0 0 1 0 0 0 1
264 159 31.041071098757893 16.67 3 3 26 27
1 0 0 0 1 0 0 0 1
1 0 0 0 1 0 0 0 1
264 224 1632.089417404716 16.67 3 3 28 29
1 0 0 0 1 0 0 0 1
1 0 0 0 1 0 0 0 1
265 228 372.5699490921208 16.67 3 3 30 31
1 0 0 0 1 0 0 0 1
1 0 0 0 1 0 0 0 1
265 366 438.55377985617673 16.67 3 3 32 33
1 0 0 0 1 0 0 0 1
1 0 0 0 1 0 0 0 1
265 401 412.71767992473326 16.67 3 3 34 35
1 0 0 0 1 0 0 0 1
1 0 0 0 1 0 0 0 1
266 143 34.13954538976583 16.67 3 3 36 37
1 0 0 0 1 0 0 0 1
1 0 0 0 1 0 0 0 1
266 379 94.26292639206365 16.67 3 3 38 39
1 0 0 0 1 0 0 0 1
1 0 0 0 1 0 0 0 1
266 376 64.63130844262011 16.67 3 3 40 41
1 0 0 0 1 0 0 0 1
1 0 0 0 1 0 0 0 1
267 82 69.43890686521812 16.67 3 3 42 43
1 0 0 0 1 0 0 0 1
1 0 0 0 1 0 0 0 1
267 249 770.2445919304148 16.67 3 3 44 45
1 0 0 0 1 0 0 0 1
1 0 0 0 1 0 0 0 1
267 437 37.41798095994925 16.67 3 3 46 47
1 0 0 0 1 0 0 0 1
1 0 0 0 1 0 0 0 1
267 401 411.4832960442394 16.67 3 3 48 49
1 0 0 0 1 0 0 0 1
1 0 0 0 1 0 0 0 1
268 466 396.04479205264596 16.67 3 3 50 51
1 0 0 0 1 0 0 0 1
1 0 0 0 1 0 0 0 1
268 417 434.23493399646304 16.67 3 3 52 53
1 0 0 0 1 0 0 0 1
1 0 0 0 1 0 0 0 1
268 299 382.94694844501583 16.67 3 3 54 55
1 0 0 0 1 0 0 0 1
1 0 0 0 1 0 0 0 1
269 356 120.27704105265623 16.67 3 3 56 57
1 0 0 0 1 0 0 0 1
1 0 0 0 1 0 0 0 1
269 331 130.35229881274708 16.67 3 3 58 59
1 0 0 0 1 0 0 0 1
1 0 0 0 1 0 0 0 1
269 369 246.3832219909723 16.67 3 3 60 61
1 0 0 0 1 0 0 0 1
1 0 0 0 1 0 0 0 1
270 142 179.79405707682693 16.67 3 3 62 63
1 0 0 0 1 0 0 0 1
1 0 0 0 1 0 0 0 1
270 334 140.34148503992338 16.67 3 3 64 65
1 0 0 0 1 0 0 0 1
1 0 0 0 1 0 0 0 1
271 125 75.19862849433483 16.67 3 3 66 67
1 0 0 0 1 0 0 0 1
1 0 0 0 1 0 0 0 1
271 54 72.38690073399019 16.67 3 3 68 69
1 0 0 0 1 0 0 0 1
1 0 0 0 1 0 0 0 1
271 177 738.358447097841 16.67 3 3 70 71
1 0 0 0 1 0 0 0 1
1 0 0 0 1 0 0 0 1
272 25 169.46930798590822 16.67 3 3 72 73
1 0 0 0 1 0 0 0 1
1 0 0 0 1 0 0 0 1
272 28 92.64219338107601 16.67 3 3 74 75
1 0 0 0 1 0 0 0 1
1 0 0 0 1 0 0 0 1
273 476 50.21337586698829 16.67 3 3 76 77
1 0 0 0 1 0 0 0 1
1 0 0 0 1 0 0 0 1
273 385 153.2411935315503 16.67 3 3 78 79
1 0 0 0 1 0 0 0 1
1 0 0 0 1 0 0 0 1
125 80 239.52907452622435 16.67 3 3 80 81
1 0 0 0 1 0 0 0 1
1 0 0 0 1 0 0 0 1
274 396 89.5752483817795 16.67 3 3 82 83
1 0 0 0 1 0 0 0 1
1 0 0 0 1 0 0 0 1
274 161 359.38666981475467 16.67 3 3 84 85
1 0 0 0 1 0 0 0 1
1 0 0 0 1 0 0 0 1
274 384 1300.5463341299446 16.67 3 3 86 87
1 0 0 0 1 0 0 0 1
1 0 0 0 1 0 0 0 1
275 121 84.877034022874 16.67 3 3 88 89
1 0 0 0 1 0 0 0 1
1 0 0 0 1 0 0 0 1
275 447 99.99993230415406 16.67 3 3 90 91
1 0 0 0 1 0 0 0 1
1 0 0 0 1 0 0 0 1
275 103 62.980892574434165 16.67 3 3 92 93
1 0 0 0 1 0 0 0 1
1 0 0 0 1 0 0 0 1
276 64 68.06874697312479 16.67 3 3 94 95
1 0 0 0 1 0 0 0 1
1 0 0 0 1 0 0 0 1
276 45 806.9473204757842 16.67 3 3 96 97
1 0 0 0 1 0 0 0 1
1 0 0 0 1 0 0 0 1
276 214 463.92077097845663 16.67 3 3 98 99
1 0 0 0 1 0 0 0 1
1 0 0 0 1 0 0 0 1
276 322 445.6399113109222 16.67 3 3 100 101
1 0 0 0 1 0 0 0 1
1 0 0 0 1 0 0 0 1
277 540 645.1605850807682 16.67 3 3 102 103
1 0 0 0 1 0 0 0 1
1 0 0 0 1 0 0 0 1
277 350 676.9228174475861 16.67 3 3 104 105
1 0 0 0 1 0 0 0 1
1 0 0 0 1 0 0 0 1
277 307 283.6556908159624 16.67 3 3 106 107
1 0 0 0 1 0 0 0 1
1 0 0 0 1 0 0 0 1
278 120 56.1507460828769 16.67 3 3 108 109
1 0 0 0 1 0 0 0 1
1 0 0 0 1 0 0 0 1
278 278 0.0 16.67 3 3 110 111
1 0 0 0 1 0 0 0 1
1 0 0 0 1 0 0 0 1
278 44 163.11895401689685 16.67 3 3 112 113
1 0 0 0 1 0 0 0 1
1 0 0 0 1 0 0 0 1
279 379 1106.5869521503673 16.67 3 3 114 115
1 0 0 0 1 0 0 0 1
1 0 0 0 1 0 0 0 1
279 296 315.00743248725837 16.67 3 3 116 117
1 0 0 0 1 0 0 0 1
1 0 0 0 1 0 0 0 1
279 164 354.0787749595108 16.67 3 3 118 119
1 0 0 0 1 0 0 0 1
1 0 0 0 1 0 0 0 1
279 495 177.32323206454217 16.67 3 3 120 121
1 0 0 0 1 0 0 0 1
1 0 0 0 1 0 0 0 1
72 130 79.28104307505942 16.67 3 3 122 123
1 0 0 0 1 0 0 0 1
1 0 0 0 1 0 0 0 1
72 523 38.05454800660263 16.67 3 3 124 125
1 0 0 0 1 0 0 0 1
1 0 0 0 1 0 0 0 1
72 316 106.26995202499889 16.67 3 3 126 127
1 0 0 0 1 0 0 0 1
1 0 0 0 1 0 0 0 1
280 292 627.6841259981406 16.67 3 3 128 129
1 0 0 0 1 0 0 0 1
1 0 0 0 1 0 0 0 1
280 280 0.0 16.67 3 3 130 131
1 0 0 0 1 0 0 0 1
1 0 0 0 1 0 0 0 1
281 294 816.6845378051808 16.67 3 3 132 133
1 0 0 0 1 0 0 0 1
1 0 0 0 1 0 0 0 1
281 295 1898.6893462042729 16.67 3 3 134 135
1 0 0 0 1 0 0 0 1
1 0 0 0 1 0 0 0 1
281 444 1877.8470982003473 16.67 3 3 136 137
1 0 0 0 1 0 0 0 1
1 0 0 0 1 0 0 0 1
281 257 258.3152632089154 16.67 3 3 138 139
1 0 0 0 1 0 0 0 1
1 0 0 0 1 0 0 0 1
282 499 20.486923737568475 16.67 3 3 140 141
1 0 0 0 1 0 0 0 1
1 0 0 0 1 0 0 0 1
282 4 67.43441680215136 16.67 3 3 142 143
1 0 0 0 1 0 0 0 1
1 0 0 0 1 0 0 0 1
282 479 149.21239832507325 16.67 3 3 144 145
1 0 0 0 1 0 0 0 1
1 0 0 0 1 0 0 0 1
121 254 675.322548282554 16.67 3 3 146 147
1 0 0 0 1 0 0 0 1
1 0 0 0 1 0 0 0 1
283 482 447.78193679097166 16.67 3 3 148 149
1 0 0 0 1 0 0 0 1
1 0 0 0 1 0 0 0 1
283 465 454.63048432299814 16.67 3 3 150 151
1 0 0 0 1 0 0 0 1
1 0 0 0 1 0 0 0 1
283 142 175.64275812710414 16.67 3 3 152 153
1 0 0 0 1 0 0 0 1
1 0 0 0 1 0 0 0 1
283 513 238.7793121587134 16.67 3 3 154 155
1 0 0 0 1 0 0 0 1
1 0 0 0 1 0 0 0 1
284 238 500.0781640912967 16.67 3 3 156 157
1 0 0 0 1 0 0 0 1
1 0 0 0 1 0 0 0 1
284 562 1698.764589776989 16.67 3 3 158 159
1 0 0 0 1 0 0 0 1
1 0 0 0 1 0 0 0 1
285 516 33.14246686786253 16.67 3 3 160 161
1 0 0 0 1 0 0 0 1
1 0 0 0 1 0 0 0 1
285 227 349.8345695561001 16.67 3 3 162 163
1 0 0 0 1 0 0 0 1
1 0 0 0 1 0 0 0 1
285 293 292.68234770430496 16.67 3 3 164 165
1 0 0 0 1 0 0 0 1
1 0 0 0 1 0 0 0 1
285 335 524.1985810214422 16.67 3 3 166 167
1 0 0 0 1 0 0 0 1
1 0 0 0 1 0 0 0 1
286 445 107.03128420512196 16.67 3 3 168 169
1 0 0 0 1 0 0 0 1
1 0 0 0 1 0 0 0 1
286 333 1085.132273434954 16.67 3 3 170 171
1 0 0 0 1 0 0 0 1
1 0 0 0 1 0 0 0 1
286 213 1013.8861562041766 16.67 3 3 172 173
1 0 0 0 1 0 0 0 1
1 0 0 0 1 0 0 0 1
286 209 242.60814288850926 16.67 3 3 174 175
1 0 0 0 1 0 0 0 1
1 0 0 0 1 0 0 0 1
287 100 107.08727655069211 16.67 3 3 176 177
1 0 0 0 1 0 0 0 1
1 0 0 0 1 0 0 0 1
287 463 137.74896974780546 16.67 3 3 178 179
1 0 0 0 1 0 0 0 1
1 0 0 0 1 0 0 0 1
287 343 209.1156488852528 16.67 3 3 180 181
1 0 0 0 1 0 0 0 1
1 0 0 0 1 0 0 0 1
287 378 212.60592865478552 16.67 3 3 182 183
1 0 0 0 1 0 0 0 1
1 0 0 0 1 0 0 0 1
33 74 218.3089479504393 16.67 3 3 184 185
1 0 0 0 1 0 0 0 1
1 0 0 0 1 0 0 0 1
33 19 192.0260493600237 16.67 3 3 186 187
1 0 0 0 1 0 0 0 1
1 0 0 0 1 0 0 0 1
33 440 340.4283305154341 16.67 3 3 188 189
1 0 0 0 1 0 0 0 1
1 0 0 0 1 0 0 0 1
288 442 666.5320960837778 16.67 3 3 190 191
1 0 0 0 1 0 0 0 1
1 0 0 0 1 0 0 0 1
288 337 147.41168834776707 16.67 3 3 192 193
1 0 0 0 1 0 0 0 1
1 0 0 0 1 0 0 0 1
288 491 872.4705522563698 16.67 3 3 194 195
1 0 0 0 1 0 0 0 1
1 0 0 0 1 0 0 0 1
288 518 337.4531092174591 16.67 3 3 196 197
1 0 0 0 1 0 0 0 1
1 0 0 0 1 0 0 0 1
130 523 45.89479617459126 16.67 3 3 198 199
1 0 0 0 1 0 0 0 1
1 0 0 0 1 0 0 0 1
130 238 131.724238637042 16.67 3 3 200 201
1 0 0 0 1 0 0 0 1
1 0 0 0 1 0 0 0 1
289 245 488.42261823745736 16.67 3 3 202 203
1 0 0 0 1 0 0 0 1
1 0 0 0 1 0 0 0 1
289 246 880.367227324112 16.67 3 3 204 205
1 0 0 0 1 0 0 0 1
1 0 0 0 1 0 0 0 1
289 344 33.43578391365366 16.67 3 3 206 207
1 0 0 0 1 0 0 0 1
1 0 0 0 1 0 0 0 1
289 90 460.114397941724 16.67 3 3 208 209
1 0 0 0 1 0 0 0 1
1 0 0 0 1 0 0 0 1
126 243 308.2976106207309 16.67 3 3 210 211
1 0 0 0 1 0 0 0 1
1 0 0 0 1 0 0 0 1
126 490 158.04294013288697 16.67 3 3 212 213
1 0 0 0 1 0 0 0 1
1 0 0 0 1 0 0 0 1
126 157 140.38964080187932 16.67 3 3 214 215
1 0 0 0 1 0 0 0 1
1 0 0 0 1 0 0 0 1
290 151 191.1652756802062 16.67 3 3 216 217
1 0 0 0 1 0 0 0 1
1 0 0 0 1 0 0 0 1
290 301 1065.581580509612 16.67 3 3 218 219
1 0 0 0 1 0 0 0 1
1 0 0 0 1 0 0 0 1
290 311 461.9312752792009 16.67 3 3 220 221
1 0 0 0 1 0 0 0 1
1 0 0 0 1 0 0 0 1
291 70 529.7072239768521 16.67 3 3 222 223
1 0 0 0 1 0 0 0 1
1 0 0 0 1 0 0 0 1
291 453 97.62466234550352 16.67 3 3 224 225
1 0 0 0 1 0 0 0 1
1 0 0 0 1 0 0 0 1
291 63 16.845789117587813 16.67 3 3 226 227
1 0 0 0 1 0 0 0 1
1 0 0 0 1 0 0 0 1
292 349 404.1423957723673 16.67 3 3 228 229
1 0 0 0 1 0 0 0 1
1 0 0 0 1 0 0 0 1
292 234 54.633878521172626 16.67 3 3 230 231
1 0 0 0 1 0 0 0 1
1 0 0 0 1 0 0 0 1
292 53 154.73806180736574 16.67 3 3 232 233
1 0 0 0 1 0 0 0 1
1 0 0 0 1 0 0 0 1
293 202 162.04459842413186 16.67 3 3 234 235
1 0 0 0 1 0 0 0 1
1 0 0 0 1 0 0 0 1
294 158 1166.3160123612713 16.67 3 3 236 237
1 0 0 0 1 0 0 0 1
1 0 0 0 1 0 0 0 1
294 423 176.47623480760265 16.67 3 3 238 239
1 0 0 0 1 0 0 0 1
1 0 0 0 1 0 0 0 1
295 444 36.705518651285225 16.67 3 3 240 241
1 0 0 0 1 0 0 0 1
1 0 0 0 1 0 0 0 1
295 321 764.214527830557 16.67 3 3 242 243
1 0 0 0 1 0 0 0 1
1 0 0 0 1 0 0 0 1
295 381 66.85703249468082 16.67 3 3 244 245
1 0 0 0 1 0 0 0 1
1 0 0 0 1 0 0 0 1
296 164 64.36142976290206 16.67 3 3 246 247
1 0 0 0 1 0 0 0 1
1 0 0 0 1 0 0 0 1
296 299 168.27853140742388 16.67 3 3 248 249
1 0 0 0 1 0 0 0 1
1 0 0 0 1 0 0 0 1
54 132 428.22175212798425 16.67 3 3 250 251
1 0 0 0 1 0 0 0 1
1 0 0 0 1 0 0 0 1
297 514 224.82120457149858 16.67 3 3 252 253
1 0 0 0 1 0 0 0 1
1 0 0 0 1 0 0 0 1
297 163 234.37459274933835 16.67 3 3 254 255
1 0 0 0 1 0 0 0 1
1 0 0 0 1 0 0 0 1
297 213 581.4681103277749 16.67 3 3 256 257
1 0 0 0 1 0 0 0 1
1 0 0 0 1 0 0 0 1
298 49 359.3878174164651 16.67 3 3 258 259
1 0 0 0 1 0 0 0 1
1 0 0 0 1 0 0 0 1
298 182 68.26060326917136 16.67 3 3 260 261
1 0 0 0 1 0 0 0 1
1 0 0 0 1 0 0 0 1
298 419 60.842985652657475 16.67 3 3 262 263
1 0 0 0 1 0 0 0 1
1 0 0 0 1 0 0 0 1
299 466 17.385806281279624 16.67 3 3 264 265
1 0 0 0 1 0 0 0 1
1 0 0 0 1 0 0 0 1
300 449 491.8574168255948 16.67 3 3 266 267
1 0 0 0 1 0 0 0 1
1 0 0 0 1 0 0 0 1
300 149 886.0825639793032 16.67 3 3 268 269
1 0 0 0 1 0 0 0 1
1 0 0 0 1 0 0 0 1
300 176 201.33588460786365 16.67 3 3 270 271
1 0 0 0 1 0 0 0 1
1 0 0 0 1 0 0 0 1
301 407 218.97477818287476 16.67 3 3 272 273
1 0 0 0 1 0 0 0 1
1 0 0 0 1 0 0 0 1
301 13 148.10187782856144 16.67 3 3 274 275
1 0 0 0 1 0 0 0 1
1 0 0 0 1 0 0 0 1
301 88 293.58531468064075 16.67 3 3 276 277
1 0 0 0 1 0 0 0 1
1 0 0 0 1 0 0 0 1
302 199 569.5906377179003 16.67 3 3 278 279
1 0 0 0 1 0 0 0 1
1 0 0 0 1 0 0 0 1
302 413 831.3022758134003 16.67 3 3 280 281
1 0 0 0 1 0 0 0 1
1 0 0 0 1 0 0 0 1
303 472 1690.7765606560781 16.67 3 3 282 283
1 0 0 0 1 0 0 0 1
1 0 0 0 1 0 0 0 1
303 5 149.17151925379733 16.67 3 3 284 285
1 0 0 0 1 0 0 0 1
1 0 0 0 1 0 0 0 1
303 470 75.2073165375236 16.67 3 3 286 287
1 0 0 0 1 0 0 0 1
1 0 0 0 1 0 0 0 1
303 42 230.93754716616485 16.67 3 3 288 289
1 0 0 0 1 0 0 0 1
1 0 0 0 1 0 0 0 1
304 244 51.95270623274699 16.67 3 3 290 291
1 0 0 0 1 0 0 0 1
1 0 0 0 1 0 0 0 1
304 196 566.955254147813 16.67 3 3 292 293
1 0 0 0 1 0 0 0 1
1 0 0 0 1 0 0 0 1
305 241 134.69256805069318 16.67 3 3 294 295
1 0 0 0 1 0 0 0 1
1 0 0 0 1 0 0 0 1
305 186 615.9385948342837 16.67 3 3 296 297
1 0 0 0 1 0 0 0 1
1 0 0 0 1 0 0 0 1
306 194 1314.325214926129 16.67 3 3 298 299
1 0 0 0 1 0 0 0 1
1 0 0 0 1 0 0 0 1
306 545 94.39363190494153 16.67 3 3 300 301
1 0 0 0 1 0 0 0 1
1 0 0 0 1 0 0 0 1
306 215 1399.6685750056545 16.67 3 3 302 303
1 0 0 0 1 0 0 0 1
1 0 0 0 1 0 0 0 1
306 425 106.67444199232214 16.67 3 3 304 305
1 0 0 0 1 0 0 0 1
1 0 0 0 1 0 0 0 1
307 337 992.1418534980663 16.67 3 3 306 307
1 0 0 0 1 0 0 0 1
1 0 0 0 1 0 0 0 1
307 201 662.8824003155912 16.67 3 3 308 309
1 0 0 0 1 0 0 0 1
1 0 0 0 1 0 0 0 1
308 184 494.61947445880554 16.67 3 3 310 311
1 0 0 0 1 0 0 0 1
1 0 0 0 1 0 0 0 1
308 199 834.4099315103376 16.67 3 3 312 313
1 0 0 0 1 0 0 0 1
1 0 0 0 1 0 0 0 1
308 175 119.90635197163671 16.67 3 3 314 315
1 0 0 0 1 0 0 0 1
1 0 0 0 1 0 0 0 1
309 375 74.91898197854543 16.67 3 3 316 317
1 0 0 0 1 0 0 0 1
1 0 0 0 1 0 0 0 1
309 469 614.3964995005776 16.67 3 3 318 319
1 0 0 0 1 0 0 0 1
1 0 0 0 1 0 0 0 1
309 539 50.10057444392636 16.67 3 3 320 321
1 0 0 0 1 0 0 0 1
1 0 0 0 1 0 0 0 1
309 314 177.02491304076514 16.67 3 3 322 323
1 0 0 0 1 0 0 0 1
1 0 0 0 1 0 0 0 1
310 519 464.01409683408235 16.67 3 3 324 325
1 0 0 0 1 0 0 0 1
1 0 0 0 1 0 0 0 1
310 213 664.3660385193577 16.67 3 3 326 327
1 0 0 0 1 0 0 0 1
1 0 0 0 1 0 0 0 1
310 176 244.20314003911437 16.67 3 3 328 329
1 0 0 0 1 0 0 0 1
1 0 0 0 1 0 0 0 1
311 526 521.9517309673843 16.67 3 3 330 331
1 0 0 0 1 0 0 0 1
1 0 0 0 1 0 0 0 1
311 404 550.022729321445 16.67 3 3 332 333
1 0 0 0 1 0 0 0 1
1 0 0 0 1 0 0 0 1
312 318 92.44466914528373 16.67 3 3 334 335
1 0 0 0 1 0 0 0 1
1 0 0 0 1 0 0 0 1
312 435 14.317141899676196 16.67 3 3 336 337
1 0 0 0 1 0 0 0 1
1 0 0 0 1 0 0 0 1
312 248 320.33878988028124 16.67 3 3 338 339
1 0 0 0 1 0 0 0 1
1 0 0 0 1 0 0 0 1
313 358 498.5521276565901 16.67 3 3 340 341
1 0 0 0 1 0 0 0 1
1 0 0 0 1 0 0 0 1
313 426 78.69118369959273 16.67 3 3 342 343
1 0 0 0 1 0 0 0 1
1 0 0 0 1 0 0 0 1
314 394 768.8021753002544 16.67 3 3 344 345
1 0 0 0 1 0 0 0 1
1 0 0 0 1 0 0 0 1
315 487 26.563949197166735 16.67 3 3 346 347
1 0 0 0 1 0 0 0 1
1 0 0 0 1 0 0 0 1
315 336 28.03214998747709 16.67 3 3 348 349
1 0 0 0 1 0 0 0 1
1 0 0 0 1 0 0 0 1
315 180 149.86497240796902 16.67 3 3 350 351
1 0 0 0 1 0 0 0 1
1 0 0 0 1 0 0 0 1
315 344 1875.666626710387 16.67 3 3 352 353
1 0 0 0 1 0 0 0 1
1 0 0 0 1 0 0 0 1
316 371 36.62365366582643 16.67 3 3 354 355
1 0 0 0 1 0 0 0 1
1 0 0 0 1 0 0 0 1
316 421 321.655484045157 16.67 3 3 356 357
1 0 0 0 1 0 0 0 1
1 0 0 0 1 0 0 0 1
317 449 247.64783820449264 16.67 3 3 358 359
1 0 0 0 1 0 0 0 1
1 0 0 0 1 0 0 0 1
317 228 362.4726135625827 16.67 3 3 360 361
1 0 0 0 1 0 0 0 1
1 0 0 0 1 0 0 0 1
317 176 45.10999385299899 16.67 3 3 362 363
1 0 0 0 1 0 0 0 1
1 0 0 0 1 0 0 0 1
26 102 5193.935050934185 16.67 3 3 364 365
1 0 0 0 1 0 0 0 1
1 0 0 0 1 0 0 0 1
26 89 5229.110067504812 16.67 3 3 366 367
1 0 0 0 1 0 0 0 1
1 0 0 0 1 0 0 0 1
26 56 647.1512723295123 16.67 3 3 368 369
1 0 0 0 1 0 0 0 1
1 0 0 0 1 0 0 0 1
318 435 91.721277863028 16.67 3 3 370 371
1 0 0 0 1 0 0 0 1
1 0 0 0 1 0 0 0 1
318 193 99.69532580067721 16.67 3 3 372 373
1 0 0 0 1 0 0 0 1
1 0 0 0 1 0 0 0 1
319 373 416.3553435411011 16.67 3 3 374 375
1 0 0 0 1 0 0 0 1
1 0 0 0 1 0 0 0 1
319 12 1143.9169643061782 16.67 3 3 376 377
1 0 0 0 1 0 0 0 1
1 0 0 0 1 0 0 0 1
319 59 34.66757942917886 16.67 3 3 378 379
1 0 0 0 1 0 0 0 1
1 0 0 0 1 0 0 0 1
319 400 266.4929219832236 16.67 3 3 380 381
1 0 0 0 1 0 0 0 1
1 0 0 0 1 0 0 0 1
320 522 189.96640983418467 16.67 3 3 382 383
1 0 0 0 1 0 0 0 1
1 0 0 0 1 0 0 0 1
320 153 240.53334523465566 16.67 3 3 384 385
1 0 0 0 1 0 0 0 1
1 0 0 0 1 0 0 0 1
321 91 484.4249966056412 16.67 3 3 386 387
1 0 0 0 1 0 0 0 1
1 0 0 0 1 0 0 0 1
322 16 853.2582585278952 16.67 3 3 388 389
1 0 0 0 1 0 0 0 1
1 0 0 0 1 0 0 0 1
322 214 19.839337967284997 16.67 3 3 390 391
1 0 0 0 1 0 0 0 1
1 0 0 0 1 0 0 0 1
323 407 1372.6094341875173 16.67 3 3 392 393
1 0 0 0 1 0 0 0 1
1 0 0 0 1 0 0 0 1
323 472 287.18941031895463 16.67 3 3 394 395
1 0 0 0 1 0 0 0 1
1 0 0 0 1 0 0 0 1
323 480 793.2043952940303 16.67 3 3 396 397
1 0 0 0 1 0 0 0 1
1 0 0 0 1 0 0 0 1
323 409 252.44302784855108 16.67 3 3 398 399
1 0 0 0 1 0 0 0 1
1 0 0 0 1 0 0 0 1
324 474 649.1013568174219 16.67 3 3 400 401
1 0 0 0 1 0 0 0 1
1 0 0 0 1 0 0 0 1
324 99 287.7066415622537 16.67 3 3 402 403
1 0 0 0 1 0 0 0 1
1 0 0 0 1 0 0 0 1
325 221 183.7192793819967 16.67 3 3 404 405
1 0 0 0 1 0 0 0 1
1 0 0 0 1 0 0 0 1
325 250 261.33137043118734 16.67 3 3 406 407
1 0 0 0 1 0 0 0 1
1 0 0 0 1 0 0 0 1
325 457 260.18249630718685 16.67 3 3 408 409
1 0 0 0 1 0 0 0 1
1 0 0 0 1 0 0 0 1
325 527 870.5968694439052 16.67 3 3 410 411
1 0 0 0 1 0 0 0 1
1 0 0 0 1 0 0 0 1
326 199 55.18403624024377 16.67 3 3 412 413
1 0 0 0 1 0 0 0 1
1 0 0 0 1 0 0 0 1
326 409 411.40410946281963 16.67 3 3 414 415
1 0 0 0 1 0 0 0 1
1 0 0 0 1 0 0 0 1
327 24 541.7502372022161 16.67 3 3 416 417
1 0 0 0 1 0 0 0 1
1 0 0 0 1 0 0 0 1
327 559 754.7534174407938 16.67 3 3 418 419
1 0 0 0 1 0 0 0 1
1 0 0 0 1 0 0 0 1
327 479 344.48588049886087 16.67 3 3 420 421
1 0 0 0 1 0 0 0 1
1 0 0 0 1 0 0 0 1
328 143 60.01935784666613 16.67 3 3 422 423
1 0 0 0 1 0 0 0 1
1 0 0 0 1 0 0 0 1
328 376 38.18292979471092 16.67 3 3 424 425
1 0 0 0 1 0 0 0 1
1 0 0 0 1 0 0 0 1
328 92 235.70211226794495 16.67 3 3 426 427
1 0 0 0 1 0 0 0 1
1 0 0 0 1 0 0 0 1
329 466 112.14120109955816 16.67 3 3 428 429
1 0 0 0 1 0 0 0 1
1 0 0 0 1 0 0 0 1
329 468 228.05879422712997 16.67 3 3 430 431
1 0 0 0 1 0 0 0 1
1 0 0 0 1 0 0 0 1
329 515 78.94417930552969 16.67 3 3 432 433
1 0 0 0 1 0 0 0 1
1 0 0 0 1 0 0 0 1
330 165 175.34209726598422 16.67 3 3 434 435
1 0 0 0 1 0 0 0 1
1 0 0 0 1 0 0 0 1
330 240 1932.2385061839213 16.67 3 3 436 437
1 0 0 0 1 0 0 0 1
1 0 0 0 1 0 0 0 1
330 564 140.40214436893837 16.67 3 3 438 439
1 0 0 0 1 0 0 0 1
1 0 0 0 1 0 0 0 1
331 446 15.365030253184736 16.67 3 3 440 441
1 0 0 0 1 0 0 0 1
1 0 0 0 1 0 0 0 1
331 246 56.01092169731769 16.67 3 3 442 443
1 0 0 0 1 0 0 0 1
1 0 0 0 1 0 0 0 1
332 415 298.3182788905366 16.67 3 3 444 445
1 0 0 0 1 0 0 0 1
1 0 0 0 1 0 0 0 1
332 35 555.0515167362386 16.67 3 3 446 447
1 0 0 0 1 0 0 0 1
1 0 0 0 1 0 0 0 1
333 238 1152.444140300645 16.67 3 3 448 449
1 0 0 0 1 0 0 0 1
1 0 0 0 1 0 0 0 1
333 52 1339.0873346965677 16.67 3 3 450 451
1 0 0 0 1 0 0 0 1
1 0 0 0 1 0 0 0 1
334 384 803.8105398888098 16.67 3 3 452 453
1 0 0 0 1 0 0 0 1
1 0 0 0 1 0 0 0 1
334 403 121.21389577880119 16.67 3 3 454 455
1 0 0 0 1 0 0 0 1
1 0 0 0 1 0 0 0 1
334 382 74.2981460070764 16.67 3 3 456 457
1 0 0 0 1 0 0 0 1
1 0 0 0 1 0 0 0 1
335 191 2213.2717420256695 16.67 3 3 458 459
1 0 0 0 1 0 0 0 1
1 0 0 0 1 0 0 0 1
335 224 71.81527149926046 16.67 3 3 460 461
1 0 0 0 1 0 0 0 1
1 0 0 0 1 0 0 0 1
43 571 141.0408698754482 16.67 3 3 462 463
1 0 0 0 1 0 0 0 1
1 0 0 0 1 0 0 0 1
43 387 1393.7037341611026 16.67 3 3 464 465
1 0 0 0 1 0 0 0 1
1 0 0 0 1 0 0 0 1
43 255 100.48388172868736 16.67 3 3 466 467
1 0 0 0 1 0 0 0 1
1 0 0 0 1 0 0 0 1
336 487 50.50409601084951 16.67 3 3 468 469
1 0 0 0 1 0 0 0 1
1 0 0 0 1 0 0 0 1
336 180 122.45055091416427 16.67 3 3 470 471
1 0 0 0 1 0 0 0 1
1 0 0 0 1 0 0 0 1
81 57 856.695586183434 16.67 3 3 472 473
1 0 0 0 1 0 0 0 1
1 0 0 0 1 0 0 0 1
81 425 74.66425011755297 16.67 3 3 474 475
1 0 0 0 1 0 0 0 1
1 0 0 0 1 0 0 0 1
103 345 140.9187407807258 16.67 3 3 476 477
1 0 0 0 1 0 0 0 1
1 0 0 0 1 0 0 0 1
337 226 966.0596516709536 16.67 3 3 478 479
1 0 0 0 1 0 0 0 1
1 0 0 0 1 0 0 0 1
122 177 37.9152780295395 16.67 3 3 480 481
1 0 0 0 1 0 0 0 1
1 0 0 0 1 0 0 0 1
122 249 266.275516396595 16.67 3 3 482 483
1 0 0 0 1 0 0 0 1
1 0 0 0 1 0 0 0 1
338 109 72.39729249080216 16.67 3 3 484 485
1 0 0 0 1 0 0 0 1
1 0 0 0 1 0 0 0 1
338 400 36.77342365420727 16.67 3 3 486 487
1 0 0 0 1 0 0 0 1
1 0 0 0 1 0 0 0 1
339 514 66.71395974694885 16.67 3 3 488 489
1 0 0 0 1 0 0 0 1
1 0 0 0 1 0 0 0 1
339 229 307.1633576597803 16.67 3 3 490 491
1 0 0 0 1 0 0 0 1
1 0 0 0 1 0 0 0 1
340 3 872.5036663782511 16.67 3 3 492 493
1 0 0 0 1 0 0 0 1
1 0 0 0 1 0 0 0 1
340 144 197.52305255446603 16.67 3 3 494 495
1 0 0 0 1 0 0 0 1
1 0 0 0 1 0 0 0 1
341 219 337.924954326223 16.67 3 3 496 497
1 0 0 0 1 0 0 0 1
1 0 0 0 1 0 0 0 1
341 154 231.58950641567355 16.67 3 3 498 499
1 0 0 0 1 0 0 0 1
1 0 0 0 1 0 0 0 1
341 557 138.39115563528318 16.67 3 3 500 501
1 0 0 0 1 0 0 0 1
1 0 0 0 1 0 0 0 1
341 398 23.78266248022069 16.67 3 3 502 503
1 0 0 0 1 0 0 0 1
1 0 0 0 1 0 0 0 1
117 520 287.66520349650165 16.67 3 3 504 505
1 0 0 0 1 0 0 0 1
1 0 0 0 1 0 0 0 1
117 135 327.861066179852 16.67 3 3 506 507
1 0 0 0 1 0 0 0 1
1 0 0 0 1 0 0 0 1
342 178 110.20132732819415 16.67 3 3 508 509
1 0 0 0 1 0 0 0 1
1 0 0 0 1 0 0 0 1
342 544 246.03403449461874 16.67 3 3 510 511
1 0 0 0 1 0 0 0 1
1 0 0 0 1 0 0 0 1
343 363 314.7844693977263 16.67 3 3 512 513
1 0 0 0 1 0 0 0 1
1 0 0 0 1 0 0 0 1
343 378 27.893212031878534 16.67 3 3 514 515
1 0 0 0 1 0 0 0 1
1 0 0 0 1 0 0 0 1
344 487 1857.0379417509637 16.67 3 3 516 517
1 0 0 0 1 0 0 0 1
1 0 0 0 1 0 0 0 1
344 558 55.35781174346538 16.67 3 3 518 519
1 0 0 0 1 0 0 0 1
1 0 0 0 1 0 0 0 1
345 258 123.05126598394867 16.67 3 3 520 521
1 0 0 0 1 0 0 0 1
1 0 0 0 1 0 0 0 1
345 455 200.97049306123228 16.67 3 3 522 523
1 0 0 0 1 0 0 0 1
1 0 0 0 1 0 0 0 1
346 484 43.40047438259381 16.67 3 3 524 525
1 0 0 0 1 0 0 0 1
1 0 0 0 1 0 0 0 1
346 556 573.183780357049 16.67 3 3 526 527
1 0 0 0 1 0 0 0 1
1 0 0 0 1 0 0 0 1
347 257 583.1260959007054 16.67 3 3 528 529
1 0 0 0 1 0 0 0 1
1 0 0 0 1 0 0 0 1
348 110 86.42445078733249 16.67 3 3 530 531
1 0 0 0 1 0 0 0 1
1 0 0 0 1 0 0 0 1
348 123 99.35865895384505 16.67 3 3 532 533
1 0 0 0 1 0 0 0 1
1 0 0 0 1 0 0 0 1
348 212 949.4447018665608 16.67 3 3 534 535
1 0 0 0 1 0 0 0 1
1 0 0 0 1 0 0 0 1
349 433 334.3760445206445 16.67 3 3 536 537
1 0 0 0 1 0 0 0 1
1 0 0 0 1 0 0 0 1
349 156 41.485955650793215 16.67 3 3 538 539
1 0 0 0 1 0 0 0 1
1 0 0 0 1 0 0 0 1
350 403 365.18504154442905 16.67 3 3 540 541
1 0 0 0 1 0 0 0 1
1 0 0 0 1 0 0 0 1
350 518 250.39457962433272 16.67 3 3 542 543
1 0 0 0 1 0 0 0 1
1 0 0 0 1 0 0 0 1
350 540 32.75564061176938 16.67 3 3 544 545
1 0 0 0 1 0 0 0 1
1 0 0 0 1 0 0 0 1
351 152 59.08633330996241 16.67 3 3 546 547
1 0 0 0 1 0 0 0 1
1 0 0 0 1 0 0 0 1
351 357 194.34215384021758 16.67 3 3 548 549
1 0 0 0 1 0 0 0 1
1 0 0 0 1 0 0 0 1
352 410 3313.0570075792784 16.67 3 3 550 551
1 0 0 0 1 0 0 0 1
1 0 0 0 1 0 0 0 1
352 144 213.6376334428208 16.67 3 3 552 553
1 0 0 0 1 0 0 0 1
1 0 0 0 1 0 0 0 1
352 533 632.8952837135698 16.67 3 3 554 555
1 0 0 0 1 0 0 0 1
1 0 0 0 1 0 0 0 1
352 217 35.4681114186168 16.67 3 3 556 557
1 0 0 0 1 0 0 0 1
1 0 0 0 1 0 0 0 1
353 566 88.57923761279055 16.67 3 3 558 559
1 0 0 0 1 0 0 0 1
1 0 0 0 1 0 0 0 1
353 194 174.3386594028691 16.67 3 3 560 561
1 0 0 0 1 0 0 0 1
1 0 0 0 1 0 0 0 1
353 531 65.25586505619358 16.67 3 3 562 563
1 0 0 0 1 0 0 0 1
1 0 0 0 1 0 0 0 1
354 372 70.6682400401246 16.67 3 3 564 565
1 0 0 0 1 0 0 0 1
1 0 0 0 1 0 0 0 1
354 27 670.8427140113977 16.67 3 3 566 567
1 0 0 0 1 0 0 0 1
1 0 0 0 1 0 0 0 1
355 207 301.28603661287013 16.67 3 3 568 569
1 0 0 0 1 0 0 0 1
1 0 0 0 1 0 0 0 1
355 562 76.8621912122153 16.67 3 3 570 571
1 0 0 0 1 0 0 0 1
1 0 0 0 1 0 0 0 1
355 35 301.13178781654744 16.67 3 3 572 573
1 0 0 0 1 0 0 0 1
1 0 0 0 1 0 0 0 1
356 412 358.74636406474355 16.67 3 3 574 575
1 0 0 0 1 0 0 0 1
1 0 0 0 1 0 0 0 1
356 251 283.07769864553296 16.67 3 3 576 577
1 0 0 0 1 0 0 0 1
1 0 0 0 1 0 0 0 1
356 488 267.0895452449165 16.67 3 3 578 579
1 0 0 0 1 0 0 0 1
1 0 0 0 1 0 0 0 1
357 253 314.06843885292324 16.67 3 3 580 581
1 0 0 0 1 0 0 0 1
1 0 0 0 1 0 0 0 1
357 421 682.2183796945277 16.67 3 3 582 583
1 0 0 0 1 0 0 0 1
1 0 0 0 1 0 0 0 1
358 496 89.96479121597808 16.67 3 3 584 585
1 0 0 0 1 0 0 0 1
1 0 0 0 1 0 0 0 1
359 226 281.37966184525817 16.67 3 3 586 587
1 0 0 0 1 0 0 0 1
1 0 0 0 1 0 0 0 1
359 244 105.42039124837362 16.67 3 3 588 589
1 0 0 0 1 0 0 0 1
1 0 0 0 1 0 0 0 1
360 181 998.5383510342701 16.67 3 3 590 591
1 0 0 0 1 0 0 0 1
1 0 0 0 1 0 0 0 1
360 195 1036.5636552887413 16.67 3 3 592 593
1 0 0 0 1 0 0 0 1
1 0 0 0 1 0 0 0 1
362 178 120.45375569304892 16.67 3 3 594 595
1 0 0 0 1 0 0 0 1
1 0 0 0 1 0 0 0 1
362 201 66.7004552308419 16.67 3 3 596 597
1 0 0 0 1 0 0 0 1
1 0 0 0 1 0 0 0 1
363 542 193.1243598875532 16.67 3 3 598 599
1 0 0 0 1 0 0 0 1
1 0 0 0 1 0 0 0 1
363 560 29.211350235968354 16.67 3 3 600 601
1 0 0 0 1 0 0 0 1
1 0 0 0 1 0 0 0 1
364 510 634.1619381974068 16.67 3 3 602 603
1 0 0 0 1 0 0 0 1
1 0 0 0 1 0 0 0 1
364 512 275.4904383872588 16.67 3 3 604 605
1 0 0 0 1 0 0 0 1
1 0 0 0 1 0 0 0 1
365 148 406.38569876479556 16.67 3 3 606 607
1 0 0 0 1 0 0 0 1
1 0 0 0 1 0 0 0 1
365 245 26.76868056650486 16.67 3 3 608 609
1 0 0 0 1 0 0 0 1
1 0 0 0 1 0 0 0 1
365 168 393.72220085573485 16.67 3 3 610 611
1 0 0 0 1 0 0 0 1
1 0 0 0 1 0 0 0 1
365 183 319.6900399800508 16.67 3 3 612 613
1 0 0 0 1 0 0 0 1
1 0 0 0 1 0 0 0 1
366 197 87.76123226689933 16.67 3 3 614 615
1 0 0 0 1 0 0 0 1
1 0 0 0 1 0 0 0 1
23 546 193.57864076871715 16.67 3 3 616 617
1 0 0 0 1 0 0 0 1
1 0 0 0 1 0 0 0 1
23 548 112.45821487832819 16.67 3 3 618 619
1 0 0 0 1 0 0 0 1
1 0 0 0 1 0 0 0 1
367 212 906.043420700973 16.67 3 3 620 621
1 0 0 0 1 0 0 0 1
1 0 0 0 1 0 0 0 1
367 195 31.833337446038872 16.67 3 3 622 623
1 0 0 0 1 0 0 0 1
1 0 0 0 1 0 0 0 1
368 391 467.89567488294296 16.67 3 3 624 625
1 0 0 0 1 0 0 0 1
1 0 0 0 1 0 0 0 1
368 432 629.1504931771366 16.67 3 3 626 627
1 0 0 0 1 0 0 0 1
1 0 0 0 1 0 0 0 1
369 196 499.73196073684613 16.67 3 3 628 629
1 0 0 0 1 0 0 0 1
1 0 0 0 1 0 0 0 1
369 488 632.74699904811 16.67 3 3 630 631
1 0 0 0 1 0 0 0 1
1 0 0 0 1 0 0 0 1
370 397 53.946802374053114 16.67 3 3 632 633
1 0 0 0 1 0 0 0 1
1 0 0 0 1 0 0 0 1
370 537 153.76140595850407 16.67 3 3 634 635
1 0 0 0 1 0 0 0 1
1 0 0 0 1 0 0 0 1
370 434 138.7907748560775 16.67 3 3 636 637
1 0 0 0 1 0 0 0 1
1 0 0 0 1 0 0 0 1
371 411 141.1968839322236 16.67 3 3 638 639
1 0 0 0 1 0 0 0 1
1 0 0 0 1 0 0 0 1
372 215 355.14566816000524 16.67 3 3 640 641
1 0 0 0 1 0 0 0 1
1 0 0 0 1 0 0 0 1
373 158 33.76633970400975 16.67 3 3 642 643
1 0 0 0 1 0 0 0 1
1 0 0 0 1 0 0 0 1
374 191 30.34486465377497 16.67 3 3 644 645
1 0 0 0 1 0 0 0 1
1 0 0 0 1 0 0 0 1
374 239 150.06960832870223 16.67 3 3 646 647
1 0 0 0 1 0 0 0 1
1 0 0 0 1 0 0 0 1
42 536 717.0649648152229 16.67 3 3 648 649
1 0 0 0 1 0 0 0 1
1 0 0 0 1 0 0 0 1
376 475 511.14626742553185 16.67 3 3 650 651
1 0 0 0 1 0 0 0 1
1 0 0 0 1 0 0 0 1
376 179 927.9837666012443 16.67 3 3 652 653
1 0 0 0 1 0 0 0 1
1 0 0 0 1 0 0 0 1
378 420 727.5326947648261 16.67 3 3 654 655
1 0 0 0 1 0 0 0 1
1 0 0 0 1 0 0 0 1
378 560 319.24195976365985 16.67 3 3 656 657
1 0 0 0 1 0 0 0 1
1 0 0 0 1 0 0 0 1
381 444 58.8482013074062 16.67 3 3 658 659
1 0 0 0 1 0 0 0 1
1 0 0 0 1 0 0 0 1
381 237 2246.3119979959038 16.67 3 3 660 661
1 0 0 0 1 0 0 0 1
1 0 0 0 1 0 0 0 1
382 513 43.02163355127965 16.67 3 3 662 663
1 0 0 0 1 0 0 0 1
1 0 0 0 1 0 0 0 1
382 403 52.39285734851776 16.67 3 3 664 665
1 0 0 0 1 0 0 0 1
1 0 0 0 1 0 0 0 1
383 247 136.38076765263423 16.67 3 3 666 667
1 0 0 0 1 0 0 0 1
1 0 0 0 1 0 0 0 1
383 44 209.60433228861416 16.67 3 3 668 669
1 0 0 0 1 0 0 0 1
1 0 0 0 1 0 0 0 1
384 411 282.53897926006744 16.67 3 3 670 671
1 0 0 0 1 0 0 0 1
1 0 0 0 1 0 0 0 1
385 528 34.56938139097919 16.67 3 3 672 673
1 0 0 0 1 0 0 0 1
1 0 0 0 1 0 0 0 1
386 247 562.8872612479189 16.67 3 3 674 675
1 0 0 0 1 0 0 0 1
1 0 0 0 1 0 0 0 1
386 73 303.14907217687005 16.67 3 3 676 677
1 0 0 0 1 0 0 0 1
1 0 0 0 1 0 0 0 1
387 250 64.05004123655685 16.67 3 3 678 679
1 0 0 0 1 0 0 0 1
1 0 0 0 1 0 0 0 1
387 457 33.40707825598489 16.67 3 3 680 681
1 0 0 0 1 0 0 0 1
1 0 0 0 1 0 0 0 1
387 231 1724.2447952740342 16.67 3 3 682 683
1 0 0 0 1 0 0 0 1
1 0 0 0 1 0 0 0 1
388 226 1010.0368863568588 16.67 3 3 684 685
1 0 0 0 1 0 0 0 1
1 0 0 0 1 0 0 0 1
388 205 262.3531099045133 16.67 3 3 686 687
1 0 0 0 1 0 0 0 1
1 0 0 0 1 0 0 0 1
388 150 36.37663557977966 16.67 3 3 688 689
1 0 0 0 1 0 0 0 1
1 0 0 0 1 0 0 0 1
389 474 842.0689231081634 16.67 3 3 690 691
1 0 0 0 1 0 0 0 1
1 0 0 0 1 0 0 0 1
389 548 78.51285517151454 16.67 3 3 692 693
1 0 0 0 1 0 0 0 1
1 0 0 0 1 0 0 0 1
390 184 98.9752831286829 16.67 3 3 694 695
1 0 0 0 1 0 0 0 1
1 0 0 0 1 0 0 0 1
390 470 916.9795444291959 16.67 3 3 696 697
1 0 0 0 1 0 0 0 1
1 0 0 0 1 0 0 0 1
391 17 34.91381253796693 16.67 3 3 698 699
1 0 0 0 1 0 0 0 1
1 0 0 0 1 0 0 0 1
392 24 172.88264453122267 16.67 3 3 700 701
1 0 0 0 1 0 0 0 1
1 0 0 0 1 0 0 0 1
392 207 933.264679990688 16.67 3 3 702 703
1 0 0 0 1 0 0 0 1
1 0 0 0 1 0 0 0 1
393 535 91.51770223780083 16.67 3 3 704 705
1 0 0 0 1 0 0 0 1
1 0 0 0 1 0 0 0 1
393 203 67.10322673695777 16.67 3 3 706 707
1 0 0 0 1 0 0 0 1
1 0 0 0 1 0 0 0 1
393 176 129.96532194824468 16.67 3 3 708 709
1 0 0 0 1 0 0 0 1
1 0 0 0 1 0 0 0 1
394 509 40.963227317744135 16.67 3 3 710 711
1 0 0 0 1 0 0 0 1
1 0 0 0 1 0 0 0 1
394 242 57.54339262745724 16.67 3 3 712 713
1 0 0 0 1 0 0 0 1
1 0 0 0 1 0 0 0 1
395 206 110.15359628395224 16.67 3 3 714 715
1 0 0 0 1 0 0 0 1
1 0 0 0 1 0 0 0 1
395 245 336.8530159396096 16.67 3 3 716 717
1 0 0 0 1 0 0 0 1
1 0 0 0 1 0 0 0 1
395 183 62.05606533241574 16.67 3 3 718 719
1 0 0 0 1 0 0 0 1
1 0 0 0 1 0 0 0 1
396 178 195.69271122935572 16.67 3 3 720 721
1 0 0 0 1 0 0 0 1
1 0 0 0 1 0 0 0 1
397 235 161.7887089009174 16.67 3 3 722 723
1 0 0 0 1 0 0 0 1
1 0 0 0 1 0 0 0 1
398 219 353.570725652552 16.67 3 3 724 725
1 0 0 0 1 0 0 0 1
1 0 0 0 1 0 0 0 1
398 454 131.79683908386747 16.67 3 3 726 727
1 0 0 0 1 0 0 0 1
1 0 0 0 1 0 0 0 1
62 239 149.67249668042365 16.67 3 3 728 729
1 0 0 0 1 0 0 0 1
1 0 0 0 1 0 0 0 1
62 22 1489.8494283760194 16.67 3 3 730 731
1 0 0 0 1 0 0 0 1
1 0 0 0 1 0 0 0 1
399 456 255.37396824562154 16.67 3 3 732 733
1 0 0 0 1 0 0 0 1
1 0 0 0 1 0 0 0 1
399 162 431.6918859690925 16.67 3 3 734 735
1 0 0 0 1 0 0 0 1
1 0 0 0 1 0 0 0 1
22 192 1795.7613252088133 16.67 3 3 736 737
1 0 0 0 1 0 0 0 1
1 0 0 0 1 0 0 0 1
22 423 340.84417210633 16.67 3 3 738 739
1 0 0 0 1 0 0 0 1
1 0 0 0 1 0 0 0 1
8 212 103.35707842053232 16.67 3 3 740 741
1 0 0 0 1 0 0 0 1
1 0 0 0 1 0 0 0 1
8 440 732.7758246932535 16.67 3 3 742 743
1 0 0 0 1 0 0 0 1
1 0 0 0 1 0 0 0 1
400 109 106.65997080292334 16.67 3 3 744 745
1 0 0 0 1 0 0 0 1
1 0 0 0 1 0 0 0 1
400 444 770.6493352190972 16.67 3 3 746 747
1 0 0 0 1 0 0 0 1
1 0 0 0 1 0 0 0 1
401 190 394.0125262233952 16.67 3 3 748 749
1 0 0 0 1 0 0 0 1
1 0 0 0 1 0 0 0 1
401 437 441.090318826009 16.67 3 3 750 751
1 0 0 0 1 0 0 0 1
1 0 0 0 1 0 0 0 1
402 526 575.4911594187265 16.67 3 3 752 753
1 0 0 0 1 0 0 0 1
1 0 0 0 1 0 0 0 1
402 232 523.4282672204024 16.67 3 3 754 755
1 0 0 0 1 0 0 0 1
1 0 0 0 1 0 0 0 1
404 414 356.7570529351639 16.67 3 3 756 757
1 0 0 0 1 0 0 0 1
1 0 0 0 1 0 0 0 1
404 167 142.0252835510651 16.67 3 3 758 759
1 0 0 0 1 0 0 0 1
1 0 0 0 1 0 0 0 1
405 31 414.6927321471879 16.67 3 3 760 761
1 0 0 0 1 0 0 0 1
1 0 0 0 1 0 0 0 1
405 234 95.12747484873381 16.67 3 3 762 763
1 0 0 0 1 0 0 0 1
1 0 0 0 1 0 0 0 1
406 539 323.8338256651108 16.67 3 3 764 765
1 0 0 0 1 0 0 0 1
1 0 0 0 1 0 0 0 1
406 569 32.43411549846234 16.67 3 3 766 767
1 0 0 0 1 0 0 0 1
1 0 0 0 1 0 0 0 1
408 165 1556.5853958808898 16.67 3 3 768 769
1 0 0 0 1 0 0 0 1
1 0 0 0 1 0 0 0 1
408 153 243.19337133597472 16.67 3 3 770 771
1 0 0 0 1 0 0 0 1
1 0 0 0 1 0 0 0 1
409 472 55.13240171474842 16.67 3 3 772 773
1 0 0 0 1 0 0 0 1
1 0 0 0 1 0 0 0 1
409 175 541.6621680392408 16.67 3 3 774 775
1 0 0 0 1 0 0 0 1
1 0 0 0 1 0 0 0 1
410 112 44.98481192892192 16.67 3 3 776 777
1 0 0 0 1 0 0 0 1
1 0 0 0 1 0 0 0 1
410 188 342.87771292683004 16.67 3 3 778 779
1 0 0 0 1 0 0 0 1
1 0 0 0 1 0 0 0 1
410 217 3348.530710005908 16.67 3 3 780 781
1 0 0 0 1 0 0 0 1
1 0 0 0 1 0 0 0 1
411 200 97.25290028595333 16.67 3 3 782 783
1 0 0 0 1 0 0 0 1
1 0 0 0 1 0 0 0 1
412 251 641.5886840731059 16.67 3 3 784 785
1 0 0 0 1 0 0 0 1
1 0 0 0 1 0 0 0 1
412 196 506.93002603960525 16.67 3 3 786 787
1 0 0 0 1 0 0 0 1
1 0 0 0 1 0 0 0 1
413 497 197.00311380292828 16.67 3 3 788 789
1 0 0 0 1 0 0 0 1
1 0 0 0 1 0 0 0 1
414 151 1159.4255114028801 16.67 3 3 790 791
1 0 0 0 1 0 0 0 1
1 0 0 0 1 0 0 0 1
414 116 970.6987552703433 16.67 3 3 792 793
1 0 0 0 1 0 0 0 1
1 0 0 0 1 0 0 0 1
414 458 44.60037849466121 16.67 3 3 794 795
1 0 0 0 1 0 0 0 1
1 0 0 0 1 0 0 0 1
14 41 478.71820843370426 16.67 3 3 796 797
1 0 0 0 1 0 0 0 1
1 0 0 0 1 0 0 0 1
14 114 559.1952745690978 16.67 3 3 798 799
1 0 0 0 1 0 0 0 1
1 0 0 0 1 0 0 0 1
9 51 1206.8142542404566 16.67 3 3 800 801
1 0 0 0 1 0 0 0 1
1 0 0 0 1 0 0 0 1
9 218 69.35834997733824 16.67 3 3 802 803
1 0 0 0 1 0 0 0 1
1 0 0 0 1 0 0 0 1
415 108 409.2418823752042 16.67 3 3 804 805
1 0 0 0 1 0 0 0 1
1 0 0 0 1 0 0 0 1
416 436 43.95271357620546 16.67 3 3 806 807
1 0 0 0 1 0 0 0 1
1 0 0 0 1 0 0 0 1
416 160 796.1126069700183 16.67 3 3 808 809
1 0 0 0 1 0 0 0 1
1 0 0 0 1 0 0 0 1
417 529 658.223879847462 16.67 3 3 810 811
1 0 0 0 1 0 0 0 1
1 0 0 0 1 0 0 0 1
418 95 3616.1327460001344 16.67 3 3 812 813
1 0 0 0 1 0 0 0 1
1 0 0 0 1 0 0 0 1
418 58 1123.8907317339886 16.67 3 3 814 815
1 0 0 0 1 0 0 0 1
1 0 0 0 1 0 0 0 1
419 182 10.83389620956458 16.67 3 3 816 817
1 0 0 0 1 0 0 0 1
1 0 0 0 1 0 0 0 1
419 208 43.751455800822136 16.67 3 3 818 819
1 0 0 0 1 0 0 0 1
1 0 0 0 1 0 0 0 1
419 425 111.16977776337 16.67 3 3 820 821
1 0 0 0 1 0 0 0 1
1 0 0 0 1 0 0 0 1
420 508 262.19103486283933 16.67 3 3 822 823
1 0 0 0 1 0 0 0 1
1 0 0 0 1 0 0 0 1
420 502 1582.726999639706 16.67 3 3 824 825
1 0 0 0 1 0 0 0 1
1 0 0 0 1 0 0 0 1
114 5 143.91745530062784 16.67 3 3 826 827
1 0 0 0 1 0 0 0 1
1 0 0 0 1 0 0 0 1
421 523 389.5921820676998 16.67 3 3 828 829
1 0 0 0 1 0 0 0 1
1 0 0 0 1 0 0 0 1
116 255 91.10498742417867 16.67 3 3 830 831
1 0 0 0 1 0 0 0 1
1 0 0 0 1 0 0 0 1
422 147 291.93892763612405 16.67 3 3 832 833
1 0 0 0 1 0 0 0 1
1 0 0 0 1 0 0 0 1
422 198 475.55265014305377 16.67 3 3 834 835
1 0 0 0 1 0 0 0 1
1 0 0 0 1 0 0 0 1
422 478 439.5224894444631 16.67 3 3 836 837
1 0 0 0 1 0 0 0 1
1 0 0 0 1 0 0 0 1
424 174 551.2970207950691 16.67 3 3 838 839
1 0 0 0 1 0 0 0 1
1 0 0 0 1 0 0 0 1
424 61 1837.946406023229 16.67 3 3 840 841
1 0 0 0 1 0 0 0 1
1 0 0 0 1 0 0 0 1
424 217 78.01745052783856 16.67 3 3 842 843
1 0 0 0 1 0 0 0 1
1 0 0 0 1 0 0 0 1
425 182 101.12484117369627 16.67 3 3 844 845
1 0 0 0 1 0 0 0 1
1 0 0 0 1 0 0 0 1
426 256 19.956806935373695 16.67 3 3 846 847
1 0 0 0 1 0 0 0 1
1 0 0 0 1 0 0 0 1
426 97 44.96644053165644 16.67 3 3 848 849
1 0 0 0 1 0 0 0 1
1 0 0 0 1 0 0 0 1
426 464 501.87136216063675 16.67 3 3 850 851
1 0 0 0 1 0 0 0 1
1 0 0 0 1 0 0 0 1
427 195 1037.1111700705642 16.67 3 3 852 853
1 0 0 0 1 0 0 0 1
1 0 0 0 1 0 0 0 1
427 479 253.5350463454131 16.67 3 3 854 855
1 0 0 0 1 0 0 0 1
1 0 0 0 1 0 0 0 1
428 480 273.0806482226713 16.67 3 3 856 857
1 0 0 0 1 0 0 0 1
1 0 0 0 1 0 0 0 1
428 528 568.2116189463411 16.67 3 3 858 859
1 0 0 0 1 0 0 0 1
1 0 0 0 1 0 0 0 1
429 501 52.94117611479387 16.67 3 3 860 861
1 0 0 0 1 0 0 0 1
1 0 0 0 1 0 0 0 1
429 259 208.88875860276136 16.67 3 3 862 863
1 0 0 0 1 0 0 0 1
1 0 0 0 1 0 0 0 1
430 252 486.7864583484769 16.67 3 3 864 865
1 0 0 0 1 0 0 0 1
1 0 0 0 1 0 0 0 1
430 431 119.13519771150513 16.67 3 3 866 867
1 0 0 0 1 0 0 0 1
1 0 0 0 1 0 0 0 1
430 493 95.64841404748746 16.67 3 3 868 869
1 0 0 0 1 0 0 0 1
1 0 0 0 1 0 0 0 1
431 17 204.3866278810784 16.67 3 3 870 871
1 0 0 0 1 0 0 0 1
1 0 0 0 1 0 0 0 1
431 453 1140.1254097519723 16.67 3 3 872 873
1 0 0 0 1 0 0 0 1
1 0 0 0 1 0 0 0 1
431 500 1191.7736123823015 16.67 3 3 874 875
1 0 0 0 1 0 0 0 1
1 0 0 0 1 0 0 0 1
433 191 233.28738943998908 16.67 3 3 876 877
1 0 0 0 1 0 0 0 1
1 0 0 0 1 0 0 0 1
433 156 359.6317788832564 16.67 3 3 878 879
1 0 0 0 1 0 0 0 1
1 0 0 0 1 0 0 0 1
434 561 37.85288588519455 16.67 3 3 880 881
1 0 0 0 1 0 0 0 1
1 0 0 0 1 0 0 0 1
434 537 25.942118685541402 16.67 3 3 882 883
1 0 0 0 1 0 0 0 1
1 0 0 0 1 0 0 0 1
435 248 322.05428323781047 16.67 3 3 884 885
1 0 0 0 1 0 0 0 1
1 0 0 0 1 0 0 0 1
436 112 353.66215563240934 16.67 3 3 886 887
1 0 0 0 1 0 0 0 1
1 0 0 0 1 0 0 0 1
436 485 154.10035502969163 16.67 3 3 888 889
1 0 0 0 1 0 0 0 1
1 0 0 0 1 0 0 0 1
437 90 73.09960993989175 16.67 3 3 890 891
1 0 0 0 1 0 0 0 1
1 0 0 0 1 0 0 0 1
437 211 199.1074655309925 16.67 3 3 892 893
1 0 0 0 1 0 0 0 1
1 0 0 0 1 0 0 0 1
439 469 144.22789158145358 16.67 3 3 894 895
1 0 0 0 1 0 0 0 1
1 0 0 0 1 0 0 0 1
439 136 70.78138619977345 16.67 3 3 896 897
1 0 0 0 1 0 0 0 1
1 0 0 0 1 0 0 0 1
440 7 770.4410748877295 16.67 3 3 898 899
1 0 0 0 1 0 0 0 1
1 0 0 0 1 0 0 0 1
441 131 207.17674761605113 16.67 3 3 900 901
1 0 0 0 1 0 0 0 1
1 0 0 0 1 0 0 0 1
441 129 30.758559403631015 16.67 3 3 902 903
1 0 0 0 1 0 0 0 1
1 0 0 0 1 0 0 0 1
443 237 152.5722776467203 16.67 3 3 904 905
1 0 0 0 1 0 0 0 1
1 0 0 0 1 0 0 0 1
443 65 2075.2964868481226 16.67 3 3 906 907
1 0 0 0 1 0 0 0 1
1 0 0 0 1 0 0 0 1
443 448 16.431957545266098 16.67 3 3 908 909
1 0 0 0 1 0 0 0 1
1 0 0 0 1 0 0 0 1
445 163 399.6266334228759 16.67 3 3 910 911
1 0 0 0 1 0 0 0 1
1 0 0 0 1 0 0 0 1
446 246 58.83070128537115 16.67 3 3 912 913
1 0 0 0 1 0 0 0 1
1 0 0 0 1 0 0 0 1
446 498 377.5926305189216 16.67 3 3 914 915
1 0 0 0 1 0 0 0 1
1 0 0 0 1 0 0 0 1
73 219 138.61761316116065 16.67 3 3 916 917
1 0 0 0 1 0 0 0 1
1 0 0 0 1 0 0 0 1
447 146 59.84459775571085 16.67 3 3 918 919
1 0 0 0 1 0 0 0 1
1 0 0 0 1 0 0 0 1
448 139 222.43303239961256 16.67 3 3 920 921
1 0 0 0 1 0 0 0 1
1 0 0 0 1 0 0 0 1
448 237 161.5079237576079 16.67 3 3 922 923
1 0 0 0 1 0 0 0 1
1 0 0 0 1 0 0 0 1
448 21 2094.9412230922862 16.67 3 3 924 925
1 0 0 0 1 0 0 0 1
1 0 0 0 1 0 0 0 1
98 11 165.10435175102518 16.67 3 3 926 927
1 0 0 0 1 0 0 0 1
1 0 0 0 1 0 0 0 1
98 127 222.97660159730592 16.67 3 3 928 929
1 0 0 0 1 0 0 0 1
1 0 0 0 1 0 0 0 1
98 16 2866.8783793518623 16.67 3 3 930 931
1 0 0 0 1 0 0 0 1
1 0 0 0 1 0 0 0 1
449 213 617.4243987198829 16.67 3 3 932 933
1 0 0 0 1 0 0 0 1
1 0 0 0 1 0 0 0 1
451 144 360.55814609935413 16.67 3 3 934 935
1 0 0 0 1 0 0 0 1
1 0 0 0 1 0 0 0 1
451 510 476.20436533424373 16.67 3 3 936 937
1 0 0 0 1 0 0 0 1
1 0 0 0 1 0 0 0 1
453 70 458.3305887392107 16.67 3 3 938 939
1 0 0 0 1 0 0 0 1
1 0 0 0 1 0 0 0 1
453 500 68.7916927366469 16.67 3 3 940 941
1 0 0 0 1 0 0 0 1
1 0 0 0 1 0 0 0 1
455 220 1853.4408705462358 16.67 3 3 942 943
1 0 0 0 1 0 0 0 1
1 0 0 0 1 0 0 0 1
455 184 314.36417753324696 16.67 3 3 944 945
1 0 0 0 1 0 0 0 1
1 0 0 0 1 0 0 0 1
455 172 137.90469102400354 16.67 3 3 946 947
1 0 0 0 1 0 0 0 1
1 0 0 0 1 0 0 0 1
456 6 838.5346205924264 16.67 3 3 948 949
1 0 0 0 1 0 0 0 1
1 0 0 0 1 0 0 0 1
456 468 55.76861493588937 16.67 3 3 950 951
1 0 0 0 1 0 0 0 1
1 0 0 0 1 0 0 0 1
456 515 271.7490111015427 16.67 3 3 952 953
1 0 0 0 1 0 0 0 1
1 0 0 0 1 0 0 0 1
457 250 41.33263421635967 16.67 3 3 954 955
1 0 0 0 1 0 0 0 1
1 0 0 0 1 0 0 0 1
457 231 1751.4229741304575 16.67 3 3 956 957
1 0 0 0 1 0 0 0 1
1 0 0 0 1 0 0 0 1
55 151 71.46057071451288 16.67 3 3 958 959
1 0 0 0 1 0 0 0 1
1 0 0 0 1 0 0 0 1
55 458 1131.699690236059 16.67 3 3 960 961
1 0 0 0 1 0 0 0 1
1 0 0 0 1 0 0 0 1
458 571 970.917747765945 16.67 3 3 962 963
1 0 0 0 1 0 0 0 1
1 0 0 0 1 0 0 0 1
458 231 681.134733052231 16.67 3 3 964 965
1 0 0 0 1 0 0 0 1
1 0 0 0 1 0 0 0 1
459 256 497.91799017818425 16.67 3 3 966 967
1 0 0 0 1 0 0 0 1
1 0 0 0 1 0 0 0 1
459 524 46.08899949478212 16.67 3 3 968 969
1 0 0 0 1 0 0 0 1
1 0 0 0 1 0 0 0 1
459 464 23.205387725453974 16.67 3 3 970 971
1 0 0 0 1 0 0 0 1
1 0 0 0 1 0 0 0 1
132 215 255.91407288436505 16.67 3 3 972 973
1 0 0 0 1 0 0 0 1
1 0 0 0 1 0 0 0 1
460 165 76.74293568621778 16.67 3 3 974 975
1 0 0 0 1 0 0 0 1
1 0 0 0 1 0 0 0 1
460 153 1853.2450873299736 16.67 3 3 976 977
1 0 0 0 1 0 0 0 1
1 0 0 0 1 0 0 0 1
460 564 226.8641487672449 16.67 3 3 978 979
1 0 0 0 1 0 0 0 1
1 0 0 0 1 0 0 0 1
461 185 791.5184683638315 16.67 3 3 980 981
1 0 0 0 1 0 0 0 1
1 0 0 0 1 0 0 0 1
461 517 860.8124308077638 16.67 3 3 982 983
1 0 0 0 1 0 0 0 1
1 0 0 0 1 0 0 0 1
463 252 613.8253567029777 16.67 3 3 984 985
1 0 0 0 1 0 0 0 1
1 0 0 0 1 0 0 0 1
464 246 388.01083169127565 16.67 3 3 986 987
1 0 0 0 1 0 0 0 1
1 0 0 0 1 0 0 0 1
464 498 38.57911603701413 16.67 3 3 988 989
1 0 0 0 1 0 0 0 1
1 0 0 0 1 0 0 0 1
465 142 503.5498417209922 16.67 3 3 990 991
1 0 0 0 1 0 0 0 1
1 0 0 0 1 0 0 0 1
465 196 510.3334884599207 16.67 3 3 992 993
1 0 0 0 1 0 0 0 1
1 0 0 0 1 0 0 0 1
465 482 15.833593976239236 16.67 3 3 994 995
1 0 0 0 1 0 0 0 1
1 0 0 0 1 0 0 0 1
467 170 59.434408485404475 16.67 3 3 996 997
1 0 0 0 1 0 0 0 1
1 0 0 0 1 0 0 0 1
467 202 111.08101657849497 16.67 3 3 998 999
1 0 0 0 1 0 0 0 1
1 0 0 0 1 0 0 0 1
467 141 866.3155445162306 16.67 3 3 1000 1001
1 0 0 0 1 0 0 0 1
1 0 0 0 1 0 0 0 1
468 149 1247.845538932021 16.67 3 3 1002 1003
1 0 0 0 1 0 0 0 1
1 0 0 0 1 0 0 0 1
468 549 33.78943206751012 16.67 3 3 1004 1005
1 0 0 0 1 0 0 0 1
1 0 0 0 1 0 0 0 1
49 143 17.140447794696748 16.67 3 3 1006 1007
1 0 0 0 1 0 0 0 1
1 0 0 0 1 0 0 0 1
471 139 123.32083440153659 16.67 3 3 1008 1009
1 0 0 0 1 0 0 0 1
1 0 0 0 1 0 0 0 1
471 91 865.4360925947575 16.67 3 3 1010 1011
1 0 0 0 1 0 0 0 1
1 0 0 0 1 0 0 0 1
472 175 500.6341706928731 16.67 3 3 1012 1013
1 0 0 0 1 0 0 0 1
1 0 0 0 1 0 0 0 1
473 104 256.80601239796385 16.67 3 3 1014 1015
1 0 0 0 1 0 0 0 1
1 0 0 0 1 0 0 0 1
473 230 530.3401268874929 16.67 3 3 1016 1017
1 0 0 0 1 0 0 0 1
1 0 0 0 1 0 0 0 1
473 547 183.0811243550641 16.67 3 3 1018 1019
1 0 0 0 1 0 0 0 1
1 0 0 0 1 0 0 0 1
475 46 747.2331554500873 16.67 3 3 1020 1021
1 0 0 0 1 0 0 0 1
1 0 0 0 1 0 0 0 1
475 506 61.715774564604004 16.67 3 3 1022 1023
1 0 0 0 1 0 0 0 1
1 0 0 0 1 0 0 0 1
475 533 877.0306901415781 16.67 3 3 1024 1025
1 0 0 0 1 0 0 0 1
1 0 0 0 1 0 0 0 1
477 225 344.2284361641918 16.67 3 3 1026 1027
1 0 0 0 1 0 0 0 1
1 0 0 0 1 0 0 0 1
477 481 111.15818325589778 16.67 3 3 1028 1029
1 0 0 0 1 0 0 0 1
1 0 0 0 1 0 0 0 1
477 478 342.8958901780075 16.67 3 3 1030 1031
1 0 0 0 1 0 0 0 1
1 0 0 0 1 0 0 0 1
478 18 475.4811118990303 16.67 3 3 1032 1033
1 0 0 0 1 0 0 0 1
1 0 0 0 1 0 0 0 1
87 233 201.64809055389017 16.67 3 3 1034 1035
1 0 0 0 1 0 0 0 1
1 0 0 0 1 0 0 0 1
87 150 509.30236538231674 16.67 3 3 1036 1037
1 0 0 0 1 0 0 0 1
1 0 0 0 1 0 0 0 1
479 499 143.67764480490413 16.67 3 3 1038 1039
1 0 0 0 1 0 0 0 1
1 0 0 0 1 0 0 0 1
480 230 728.8853746641944 16.67 3 3 1040 1041
1 0 0 0 1 0 0 0 1
1 0 0 0 1 0 0 0 1
94 139 850.1540489155426 16.67 3 3 1042 1043
1 0 0 0 1 0 0 0 1
1 0 0 0 1 0 0 0 1
94 140 77.51960795901566 16.67 3 3 1044 1045
1 0 0 0 1 0 0 0 1
1 0 0 0 1 0 0 0 1
124 68 919.8571319440307 16.67 3 3 1046 1047
1 0 0 0 1 0 0 0 1
1 0 0 0 1 0 0 0 1
124 34 9713.758736422506 16.67 3 3 1048 1049
1 0 0 0 1 0 0 0 1
1 0 0 0 1 0 0 0 1
124 48 884.9688581669137 16.67 3 3 1050 1051
1 0 0 0 1 0 0 0 1
1 0 0 0 1 0 0 0 1
483 553 170.94182682417772 16.67 3 3 1052 1053
1 0 0 0 1 0 0 0 1
1 0 0 0 1 0 0 0 1
483 153 789.0540607320702 16.67 3 3 1054 1055
1 0 0 0 1 0 0 0 1
1 0 0 0 1 0 0 0 1
484 2 228.23015181451456 16.67 3 3 1056 1057
1 0 0 0 1 0 0 0 1
1 0 0 0 1 0 0 0 1
485 166 545.8224081942325 16.67 3 3 1058 1059
1 0 0 0 1 0 0 0 1
1 0 0 0 1 0 0 0 1
485 148 91.86432220875038 16.67 3 3 1060 1061
1 0 0 0 1 0 0 0 1
1 0 0 0 1 0 0 0 1
485 168 105.72478671249051 16.67 3 3 1062 1063
1 0 0 0 1 0 0 0 1
1 0 0 0 1 0 0 0 1
136 556 138.47576101870212 16.67 3 3 1064 1065
1 0 0 0 1 0 0 0 1
1 0 0 0 1 0 0 0 1
13 489 212.4173563374323 16.67 3 3 1066 1067
1 0 0 0 1 0 0 0 1
1 0 0 0 1 0 0 0 1
2 534 118.830528207456 16.67 3 3 1068 1069
1 0 0 0 1 0 0 0 1
1 0 0 0 1 0 0 0 1
486 193 486.9909423446818 16.67 3 3 1070 1071
1 0 0 0 1 0 0 0 1
1 0 0 0 1 0 0 0 1
486 222 191.6545300076532 16.67 3 3 1072 1073
1 0 0 0 1 0 0 0 1
1 0 0 0 1 0 0 0 1
99 167 61.16693195841249 16.67 3 3 1074 1075
1 0 0 0 1 0 0 0 1
1 0 0 0 1 0 0 0 1
487 538 46.52568918919414 16.67 3 3 1076 1077
1 0 0 0 1 0 0 0 1
1 0 0 0 1 0 0 0 1
488 241 511.2300240341201 16.67 3 3 1078 1079
1 0 0 0 1 0 0 0 1
1 0 0 0 1 0 0 0 1
489 546 83.24027621432114 16.67 3 3 1080 1081
1 0 0 0 1 0 0 0 1
1 0 0 0 1 0 0 0 1
490 157 25.191037049286646 16.67 3 3 1082 1083
1 0 0 0 1 0 0 0 1
1 0 0 0 1 0 0 0 1
490 238 3195.896465314202 16.67 3 3 1084 1085
1 0 0 0 1 0 0 0 1
1 0 0 0 1 0 0 0 1
490 128 115.42435439894496 16.67 3 3 1086 1087
1 0 0 0 1 0 0 0 1
1 0 0 0 1 0 0 0 1
491 494 110.03386098650375 16.67 3 3 1088 1089
1 0 0 0 1 0 0 0 1
1 0 0 0 1 0 0 0 1
491 552 374.0921588273216 16.67 3 3 1090 1091
1 0 0 0 1 0 0 0 1
1 0 0 0 1 0 0 0 1
491 450 218.29302548546102 16.67 3 3 1092 1093
1 0 0 0 1 0 0 0 1
1 0 0 0 1 0 0 0 1
492 229 281.77883628328806 16.67 3 3 1094 1095
1 0 0 0 1 0 0 0 1
1 0 0 0 1 0 0 0 1
492 228 261.1675700660809 16.67 3 3 1096 1097
1 0 0 0 1 0 0 0 1
1 0 0 0 1 0 0 0 1
492 197 34.106506775047016 16.67 3 3 1098 1099
1 0 0 0 1 0 0 0 1
1 0 0 0 1 0 0 0 1
78 39 415.15050525508536 16.67 3 3 1100 1101
1 0 0 0 1 0 0 0 1
1 0 0 0 1 0 0 0 1
78 504 75.59696570045217 16.67 3 3 1102 1103
1 0 0 0 1 0 0 0 1
1 0 0 0 1 0 0 0 1
493 106 24.37730981702358 16.67 3 3 1104 1105
1 0 0 0 1 0 0 0 1
1 0 0 0 1 0 0 0 1
493 240 585.6789025216536 16.67 3 3 1106 1107
1 0 0 0 1 0 0 0 1
1 0 0 0 1 0 0 0 1
494 86 338.86220235969574 16.67 3 3 1108 1109
1 0 0 0 1 0 0 0 1
1 0 0 0 1 0 0 0 1
495 198 734.3493539128013 16.67 3 3 1110 1111
1 0 0 0 1 0 0 0 1
1 0 0 0 1 0 0 0 1
496 511 754.8849257177334 16.67 3 3 1112 1113
1 0 0 0 1 0 0 0 1
1 0 0 0 1 0 0 0 1
497 501 91.37027699044275 16.67 3 3 1114 1115
1 0 0 0 1 0 0 0 1
1 0 0 0 1 0 0 0 1
498 524 27.203539094896463 16.67 3 3 1116 1117
1 0 0 0 1 0 0 0 1
1 0 0 0 1 0 0 0 1
498 518 1703.2157498810673 16.67 3 3 1118 1119
1 0 0 0 1 0 0 0 1
1 0 0 0 1 0 0 0 1
67 12 306.3734721987988 16.67 3 3 1120 1121
1 0 0 0 1 0 0 0 1
1 0 0 0 1 0 0 0 1
499 108 170.2957707212668 16.67 3 3 1122 1123
1 0 0 0 1 0 0 0 1
1 0 0 0 1 0 0 0 1
499 4 60.49400397642964 16.67 3 3 1124 1125
1 0 0 0 1 0 0 0 1
1 0 0 0 1 0 0 0 1
500 76 35.45327667390541 16.67 3 3 1126 1127
1 0 0 0 1 0 0 0 1
1 0 0 0 1 0 0 0 1
500 20 36.70575573537249 16.67 3 3 1128 1129
1 0 0 0 1 0 0 0 1
1 0 0 0 1 0 0 0 1
502 361 317.6561332829017 16.67 3 3 1130 1131
1 0 0 0 1 0 0 0 1
1 0 0 0 1 0 0 0 1
502 559 290.6444790748512 16.67 3 3 1132 1133
1 0 0 0 1 0 0 0 1
1 0 0 0 1 0 0 0 1
504 570 88.42122224517718 16.67 3 3 1134 1135
1 0 0 0 1 0 0 0 1
1 0 0 0 1 0 0 0 1
505 83 518.1713239558131 16.67 3 3 1136 1137
1 0 0 0 1 0 0 0 1
1 0 0 0 1 0 0 0 1
505 189 71.52896745134592 16.67 3 3 1138 1139
1 0 0 0 1 0 0 0 1
1 0 0 0 1 0 0 0 1
505 60 30.900441979713854 16.67 3 3 1140 1141
1 0 0 0 1 0 0 0 1
1 0 0 0 1 0 0 0 1
505 225 58.914343094992184 16.67 3 3 1142 1143
1 0 0 0 1 0 0 0 1
1 0 0 0 1 0 0 0 1
506 174 894.3476802060482 16.67 3 3 1144 1145
1 0 0 0 1 0 0 0 1
1 0 0 0 1 0 0 0 1
506 113 698.4831053779147 16.67 3 3 1146 1147
1 0 0 0 1 0 0 0 1
1 0 0 0 1 0 0 0 1
507 531 794.979647050131 16.67 3 3 1148 1149
1 0 0 0 1 0 0 0 1
1 0 0 0 1 0 0 0 1
507 174 139.99317086144123 16.67 3 3 1150 1151
1 0 0 0 1 0 0 0 1
1 0 0 0 1 0 0 0 1
508 542 706.077878104136 16.67 3 3 1152 1153
1 0 0 0 1 0 0 0 1
1 0 0 0 1 0 0 0 1
508 560 484.13177346961544 16.67 3 3 1154 1155
1 0 0 0 1 0 0 0 1
1 0 0 0 1 0 0 0 1
6 37 3141.2066630918603 16.67 3 3 1156 1157
1 0 0 0 1 0 0 0 1
1 0 0 0 1 0 0 0 1
6 190 685.182870221505 16.67 3 3 1158 1159
1 0 0 0 1 0 0 0 1
1 0 0 0 1 0 0 0 1
509 209 186.31126924247675 16.67 3 3 1160 1161
1 0 0 0 1 0 0 0 1
1 0 0 0 1 0 0 0 1
511 145 188.63581599437487 16.67 3 3 1162 1163
1 0 0 0 1 0 0 0 1
1 0 0 0 1 0 0 0 1
512 236 92.94689147834781 16.67 3 3 1164 1165
1 0 0 0 1 0 0 0 1
1 0 0 0 1 0 0 0 1
515 164 141.8920258402461 16.67 3 3 1166 1167
1 0 0 0 1 0 0 0 1
1 0 0 0 1 0 0 0 1
516 227 321.1006668239193 16.67 3 3 1168 1169
1 0 0 0 1 0 0 0 1
1 0 0 0 1 0 0 0 1
517 60 244.1107855326806 16.67 3 3 1170 1171
1 0 0 0 1 0 0 0 1
1 0 0 0 1 0 0 0 1
517 115 246.49359334631959 16.67 3 3 1172 1173
1 0 0 0 1 0 0 0 1
1 0 0 0 1 0 0 0 1
518 524 1682.7193825609124 16.67 3 3 1174 1175
1 0 0 0 1 0 0 0 1
1 0 0 0 1 0 0 0 1
519 149 867.4232894377567 16.67 3 3 1176 1177
1 0 0 0 1 0 0 0 1
1 0 0 0 1 0 0 0 1
520 210 69.5027854521789 16.67 3 3 1178 1179
1 0 0 0 1 0 0 0 1
1 0 0 0 1 0 0 0 1
520 155 46.8771295761795 16.67 3 3 1180 1181
1 0 0 0 1 0 0 0 1
1 0 0 0 1 0 0 0 1
69 107 702.1058834635119 16.67 3 3 1182 1183
1 0 0 0 1 0 0 0 1
1 0 0 0 1 0 0 0 1
69 190 32.300481779063524 16.67 3 3 1184 1185
1 0 0 0 1 0 0 0 1
1 0 0 0 1 0 0 0 1
521 137 92.65685529763702 16.67 3 3 1186 1187
1 0 0 0 1 0 0 0 1
1 0 0 0 1 0 0 0 1
521 1 1606.6083305437132 16.67 3 3 1188 1189
1 0 0 0 1 0 0 0 1
1 0 0 0 1 0 0 0 1
521 525 145.32367485667547 16.67 3 3 1190 1191
1 0 0 0 1 0 0 0 1
1 0 0 0 1 0 0 0 1
522 201 1073.2995008135913 16.67 3 3 1192 1193
1 0 0 0 1 0 0 0 1
1 0 0 0 1 0 0 0 1
525 137 237.8321344442213 16.67 3 3 1194 1195
1 0 0 0 1 0 0 0 1
1 0 0 0 1 0 0 0 1
525 528 501.16585634143837 16.67 3 3 1196 1197
1 0 0 0 1 0 0 0 1
1 0 0 0 1 0 0 0 1
527 223 334.1292723128483 16.67 3 3 1198 1199
1 0 0 0 1 0 0 0 1
1 0 0 0 1 0 0 0 1
7 219 233.5124551903477 16.67 3 3 1200 1201
1 0 0 0 1 0 0 0 1
1 0 0 0 1 0 0 0 1
129 462 1312.4854952395915 16.67 3 3 1202 1203
1 0 0 0 1 0 0 0 1
1 0 0 0 1 0 0 0 1
129 146 1035.6309362130946 16.67 3 3 1204 1205
1 0 0 0 1 0 0 0 1
1 0 0 0 1 0 0 0 1
529 189 58.53490083297365 16.67 3 3 1206 1207
1 0 0 0 1 0 0 0 1
1 0 0 0 1 0 0 0 1
86 205 253.08958288637558 16.67 3 3 1208 1209
1 0 0 0 1 0 0 0 1
1 0 0 0 1 0 0 0 1
533 174 30.096458020887265 16.67 3 3 1210 1211
1 0 0 0 1 0 0 0 1
1 0 0 0 1 0 0 0 1
535 203 138.8665778309582 16.67 3 3 1212 1213
1 0 0 0 1 0 0 0 1
1 0 0 0 1 0 0 0 1
535 105 553.143162367971 16.67 3 3 1214 1215
1 0 0 0 1 0 0 0 1
1 0 0 0 1 0 0 0 1
15 161 1315.1759439277055 16.67 3 3 1216 1217
1 0 0 0 1 0 0 0 1
1 0 0 0 1 0 0 0 1
15 200 235.9877667405217 16.67 3 3 1218 1219
1 0 0 0 1 0 0 0 1
1 0 0 0 1 0 0 0 1
536 175 269.97217268929916 16.67 3 3 1220 1221
1 0 0 0 1 0 0 0 1
1 0 0 0 1 0 0 0 1
538 145 868.5380225534665 16.67 3 3 1222 1223
1 0 0 0 1 0 0 0 1
1 0 0 0 1 0 0 0 1
90 241 222.90086288139457 16.67 3 3 1224 1225
1 0 0 0 1 0 0 0 1
1 0 0 0 1 0 0 0 1
82 558 423.77695027370186 16.67 3 3 1226 1227
1 0 0 0 1 0 0 0 1
1 0 0 0 1 0 0 0 1
82 241 248.8816007611716 16.67 3 3 1228 1229
1 0 0 0 1 0 0 0 1
1 0 0 0 1 0 0 0 1
120 28 505.2638942924669 16.67 3 3 1230 1231
1 0 0 0 1 0 0 0 1
1 0 0 0 1 0 0 0 1
542 171 332.99151915080535 16.67 3 3 1232 1233
1 0 0 0 1 0 0 0 1
1 0 0 0 1 0 0 0 1
544 555 219.8177102830996 16.67 3 3 1234 1235
1 0 0 0 1 0 0 0 1
1 0 0 0 1 0 0 0 1
547 50 1018.2720359296616 16.67 3 3 1236 1237
1 0 0 0 1 0 0 0 1
1 0 0 0 1 0 0 0 1
548 51 43.14841652022256 16.67 3 3 1238 1239
1 0 0 0 1 0 0 0 1
1 0 0 0 1 0 0 0 1
27 160 99.70994857199938 16.67 3 3 1240 1241
1 0 0 0 1 0 0 0 1
1 0 0 0 1 0 0 0 1
549 149 1217.7505774887338 16.67 3 3 1242 1243
1 0 0 0 1 0 0 0 1
1 0 0 0 1 0 0 0 1
549 107 734.8570877636637 16.67 3 3 1244 1245
1 0 0 0 1 0 0 0 1
1 0 0 0 1 0 0 0 1
551 553 259.12686085760805 16.67 3 3 1246 1247
1 0 0 0 1 0 0 0 1
1 0 0 0 1 0 0 0 1
551 178 165.53362081352023 16.67 3 3 1248 1249
1 0 0 0 1 0 0 0 1
1 0 0 0 1 0 0 0 1
77 30 199.0960706950015 16.67 3 3 1250 1251
1 0 0 0 1 0 0 0 1
1 0 0 0 1 0 0 0 1
77 4 250.54463226229936 16.67 3 3 1252 1253
1 0 0 0 1 0 0 0 1
1 0 0 0 1 0 0 0 1
552 222 103.33351328413238 16.67 3 3 1254 1255
1 0 0 0 1 0 0 0 1
1 0 0 0 1 0 0 0 1
552 75 296.15877891331064 16.67 3 3 1256 1257
1 0 0 0 1 0 0 0 1
1 0 0 0 1 0 0 0 1
88 137 480.60805983003394 16.67 3 3 1258 1259
1 0 0 0 1 0 0 0 1
1 0 0 0 1 0 0 0 1
555 216 127.91626430697573 16.67 3 3 1260 1261
1 0 0 0 1 0 0 0 1
1 0 0 0 1 0 0 0 1
100 252 850.2068170422132 16.67 3 3 1262 1263
1 0 0 0 1 0 0 0 1
1 0 0 0 1 0 0 0 1
123 29 117.73836929392507 16.67 3 3 1264 1265
1 0 0 0 1 0 0 0 1
1 0 0 0 1 0 0 0 1
36 97 156.17423578412027 16.67 3 3 1266 1267
1 0 0 0 1 0 0 0 1
1 0 0 0 1 0 0 0 1
36 245 409.36372615154824 16.67 3 3 1268 1269
1 0 0 0 1 0 0 0 1
1 0 0 0 1 0 0 0 1
29 243 41.29616549914034 16.67 3 3 1270 1271
1 0 0 0 1 0 0 0 1
1 0 0 0 1 0 0 0 1
561 135 908.6594511133986 16.67 3 3 1272 1273
1 0 0 0 1 0 0 0 1
1 0 0 0 1 0 0 0 1
110 30 132.8312910276748 16.67 3 3 1274 1275
1 0 0 0 1 0 0 0 1
1 0 0 0 1 0 0 0 1
66 16 757.5916592682261 16.67 3 3 1276 1277
1 0 0 0 1 0 0 0 1
1 0 0 0 1 0 0 0 1
66 214 78.23750806144876 16.67 3 3 1278 1279
1 0 0 0 1 0 0 0 1
1 0 0 0 1 0 0 0 1
563 70 141.2873936008455 16.67 3 3 1280 1281
1 0 0 0 1 0 0 0 1
1 0 0 0 1 0 0 0 1
563 181 85.32581867367328 16.67 3 3 1282 1283
1 0 0 0 1 0 0 0 1
1 0 0 0 1 0 0 0 1
564 240 1829.5989908671024 16.67 3 3 1284 1285
1 0 0 0 1 0 0 0 1
1 0 0 0 1 0 0 0 1
59 158 477.9023292697368 16.67 3 3 1286 1287
1 0 0 0 1 0 0 0 1
1 0 0 0 1 0 0 0 1
566 532 295.7946617574436 16.67 3 3 1288 1289
1 0 0 0 1 0 0 0 1
1 0 0 0 1 0 0 0 1
567 250 816.6235883653623 16.67 3 3 1290 1291
1 0 0 0 1 0 0 0 1
1 0 0 0 1 0 0 0 1
567 158 578.7580018507092 16.67 3 3 1292 1293
1 0 0 0 1 0 0 0 1
1 0 0 0 1 0 0 0 1
138 10 167.19262753432903 16.67 3 3 1294 1295
1 0 0 0 1 0 0 0 1
1 0 0 0 1 0 0 0 1
570 198 258.4312485462386 16.67 3 3 1296 1297
1 0 0 0 1 0 0 0 1
1 0 0 0 1 0 0 0 1
571 255 49.82180029000831 16.67 3 3 1298 1299
1 0 0 0 1 0 0 0 1
1 0 0 0 1 0 0 0 1
107 93 3280.1037367622594 16.67 3 3 1300 1301
1 0 0 0 1 0 0 0 1
1 0 0 0 1 0 0 0 1
17 106 200.96223752897984 16.67 3 3 1302 1303
1 0 0 0 1 0 0 0 1
1 0 0 0 1 0 0 0 1
97 256 56.04104257367275 16.67 3 3 1304 1305
1 0 0 0 1 0 0 0 1
1 0 0 0 1 0 0 0 1
91 139 988.7373544666794 16.67 3 3 1306 1307
1 0 0 0 1 0 0 0 1
1 0 0 0 1 0 0 0 1
39 179 425.8397030775671 16.67 3 3 1308 1309
1 0 0 0 1 0 0 0 1
1 0 0 0 1 0 0 0 1
140 565 1198.142982109239 16.67 3 3 1310 1311
1 0 0 0 1 0 0 0 1
1 0 0 0 1 0 0 0 1
140 380 266.0288683817566 16.67 3 3 1312 1313
1 0 0 0 1 0 0 0 1
1 0 0 0 1 0 0 0 1
140 438 263.2287346489261 16.67 3 3 1314 1315
1 0 0 0 1 0 0 0 1
1 0 0 0 1 0 0 0 1
141 202 974.8009023087453 16.67 3 3 1316 1317
1 0 0 0 1 0 0 0 1
1 0 0 0 1 0 0 0 1
141 173 102.41932122275895 16.67 3 3 1318 1319
1 0 0 0 1 0 0 0 1
1 0 0 0 1 0 0 0 1
142 253 196.67876688893602 16.67 3 3 1320 1321
1 0 0 0 1 0 0 0 1
1 0 0 0 1 0 0 0 1
147 189 80.82587899847915 16.67 3 3 1322 1323
1 0 0 0 1 0 0 0 1
1 0 0 0 1 0 0 0 1
147 225 56.145813145982586 16.67 3 3 1324 1325
1 0 0 0 1 0 0 0 1
1 0 0 0 1 0 0 0 1
148 166 463.1684624151586 16.67 3 3 1326 1327
1 0 0 0 1 0 0 0 1
1 0 0 0 1 0 0 0 1
148 168 23.918611804277003 16.67 3 3 1328 1329
1 0 0 0 1 0 0 0 1
1 0 0 0 1 0 0 0 1
150 205 257.27561094701906 16.67 3 3 1330 1331
1 0 0 0 1 0 0 0 1
1 0 0 0 1 0 0 0 1
151 85 627.6846579239132 16.67 3 3 1332 1333
1 0 0 0 1 0 0 0 1
1 0 0 0 1 0 0 0 1
152 163 1096.6507016714538 16.67 3 3 1334 1335
1 0 0 0 1 0 0 0 1
1 0 0 0 1 0 0 0 1
154 568 1132.5487360836944 16.67 3 3 1336 1337
1 0 0 0 1 0 0 0 1
1 0 0 0 1 0 0 0 1
154 503 104.34552964956998 16.67 3 3 1338 1339
1 0 0 0 1 0 0 0 1
1 0 0 0 1 0 0 0 1
154 452 114.03661718238479 16.67 3 3 1340 1341
1 0 0 0 1 0 0 0 1
1 0 0 0 1 0 0 0 1
155 210 31.6474120993427 16.67 3 3 1342 1343
1 0 0 0 1 0 0 0 1
1 0 0 0 1 0 0 0 1
155 166 153.17358795793774 16.67 3 3 1344 1345
1 0 0 0 1 0 0 0 1
1 0 0 0 1 0 0 0 1
155 192 57.64070295497062 16.67 3 3 1346 1347
1 0 0 0 1 0 0 0 1
1 0 0 0 1 0 0 0 1
156 173 651.0521038167815 16.67 3 3 1348 1349
1 0 0 0 1 0 0 0 1
1 0 0 0 1 0 0 0 1
156 234 401.7056500328076 16.67 3 3 1350 1351
1 0 0 0 1 0 0 0 1
1 0 0 0 1 0 0 0 1
157 101 1001.1604450734042 16.67 3 3 1352 1353
1 0 0 0 1 0 0 0 1
1 0 0 0 1 0 0 0 1
157 133 1278.1184730003556 16.67 3 3 1354 1355
1 0 0 0 1 0 0 0 1
1 0 0 0 1 0 0 0 1
159 220 107.76373805376606 16.67 3 3 1356 1357
1 0 0 0 1 0 0 0 1
1 0 0 0 1 0 0 0 1
160 236 105.28990984058758 16.67 3 3 1358 1359
1 0 0 0 1 0 0 0 1
1 0 0 0 1 0 0 0 1
161 207 679.8242062077715 16.67 3 3 1360 1361
1 0 0 0 1 0 0 0 1
1 0 0 0 1 0 0 0 1
162 215 381.1701568358442 16.67 3 3 1362 1363
1 0 0 0 1 0 0 0 1
1 0 0 0 1 0 0 0 1
167 227 510.15242122081776 16.67 3 3 1364 1365
1 0 0 0 1 0 0 0 1
1 0 0 0 1 0 0 0 1
169 206 89.27175844425523 16.67 3 3 1366 1367
1 0 0 0 1 0 0 0 1
1 0 0 0 1 0 0 0 1
169 192 105.44410929145346 16.67 3 3 1368 1369
1 0 0 0 1 0 0 0 1
1 0 0 0 1 0 0 0 1
169 239 3218.518432077303 16.67 3 3 1370 1371
1 0 0 0 1 0 0 0 1
1 0 0 0 1 0 0 0 1
170 202 52.793654177708234 16.67 3 3 1372 1373
1 0 0 0 1 0 0 0 1
1 0 0 0 1 0 0 0 1
171 84 1987.5082465582668 16.67 3 3 1374 1375
1 0 0 0 1 0 0 0 1
1 0 0 0 1 0 0 0 1
171 240 542.6717740727548 16.67 3 3 1376 1377
1 0 0 0 1 0 0 0 1
1 0 0 0 1 0 0 0 1
172 184 211.6304815142493 16.67 3 3 1378 1379
1 0 0 0 1 0 0 0 1
1 0 0 0 1 0 0 0 1
172 258 162.0449559549269 16.67 3 3 1380 1381
1 0 0 0 1 0 0 0 1
1 0 0 0 1 0 0 0 1
177 186 146.15627268637172 16.67 3 3 1382 1383
1 0 0 0 1 0 0 0 1
1 0 0 0 1 0 0 0 1
179 96 279.43178987621667 16.67 3 3 1384 1385
1 0 0 0 1 0 0 0 1
1 0 0 0 1 0 0 0 1
179 543 364.4385023428782 16.67 3 3 1386 1387
1 0 0 0 1 0 0 0 1
1 0 0 0 1 0 0 0 1
95 79 1626.6891121725153 16.67 3 3 1388 1389
1 0 0 0 1 0 0 0 1
1 0 0 0 1 0 0 0 1
180 3 296.1906574586493 16.67 3 3 1390 1391
1 0 0 0 1 0 0 0 1
1 0 0 0 1 0 0 0 1
180 80 123.18315506152449 16.67 3 3 1392 1393
1 0 0 0 1 0 0 0 1
1 0 0 0 1 0 0 0 1
181 247 58.845380302803264 16.67 3 3 1394 1395
1 0 0 0 1 0 0 0 1
1 0 0 0 1 0 0 0 1
183 192 39.21572309190956 16.67 3 3 1396 1397
1 0 0 0 1 0 0 0 1
1 0 0 0 1 0 0 0 1
185 40 227.6674854373391 16.67 3 3 1398 1399
1 0 0 0 1 0 0 0 1
1 0 0 0 1 0 0 0 1
188 210 145.98669471510632 16.67 3 3 1400 1401
1 0 0 0 1 0 0 0 1
1 0 0 0 1 0 0 0 1
190 249 240.8589494818082 16.67 3 3 1402 1403
1 0 0 0 1 0 0 0 1
1 0 0 0 1 0 0 0 1
191 239 176.09650631984266 16.67 3 3 1404 1405
1 0 0 0 1 0 0 0 1
1 0 0 0 1 0 0 0 1
194 377 297.77634923672406 16.67 3 3 1406 1407
1 0 0 0 1 0 0 0 1
1 0 0 0 1 0 0 0 1
194 134 451.4632622710646 16.67 3 3 1408 1409
1 0 0 0 1 0 0 0 1
1 0 0 0 1 0 0 0 1
197 228 234.50025541839668 16.67 3 3 1410 1411
1 0 0 0 1 0 0 0 1
1 0 0 0 1 0 0 0 1
197 229 314.4781283250176 16.67 3 3 1412 1413
1 0 0 0 1 0 0 0 1
1 0 0 0 1 0 0 0 1
199 32 1115.7696458392154 16.67 3 3 1414 1415
1 0 0 0 1 0 0 0 1
1 0 0 0 1 0 0 0 1
131 572 1090.5026167203594 16.67 3 3 1416 1417
1 0 0 0 1 0 0 0 1
1 0 0 0 1 0 0 0 1
41 530 363.2313548007788 16.67 3 3 1418 1419
1 0 0 0 1 0 0 0 1
1 0 0 0 1 0 0 0 1
41 187 352.633124644697 16.67 3 3 1420 1421
1 0 0 0 1 0 0 0 1
1 0 0 0 1 0 0 0 1
203 71 550.8433764936334 16.67 3 3 1422 1423
1 0 0 0 1 0 0 0 1
1 0 0 0 1 0 0 0 1
204 218 182.53080415120817 16.67 3 3 1424 1425
1 0 0 0 1 0 0 0 1
1 0 0 0 1 0 0 0 1
205 248 1116.4543457896937 16.67 3 3 1426 1427
1 0 0 0 1 0 0 0 1
1 0 0 0 1 0 0 0 1
206 235 1204.9496034003455 16.67 3 3 1428 1429
1 0 0 0 1 0 0 0 1
1 0 0 0 1 0 0 0 1
208 92 505.3580129768692 16.67 3 3 1430 1431
1 0 0 0 1 0 0 0 1
1 0 0 0 1 0 0 0 1
211 229 752.6568565931497 16.67 3 3 1432 1433
1 0 0 0 1 0 0 0 1
1 0 0 0 1 0 0 0 1
217 47 1906.669951719887 16.67 3 3 1434 1435
1 0 0 0 1 0 0 0 1
1 0 0 0 1 0 0 0 1
220 224 1545.0443020126604 16.67 3 3 1436 1437
1 0 0 0 1 0 0 0 1
1 0 0 0 1 0 0 0 1
221 554 271.6645949337152 16.67 3 3 1438 1439
1 0 0 0 1 0 0 0 1
1 0 0 0 1 0 0 0 1
221 541 267.5770961445163 16.67 3 3 1440 1441
1 0 0 0 1 0 0 0 1
1 0 0 0 1 0 0 0 1
223 232 627.887686574571 16.67 3 3 1442 1443
1 0 0 0 1 0 0 0 1
1 0 0 0 1 0 0 0 1
226 235 506.645788820537 16.67 3 3 1444 1445
1 0 0 0 1 0 0 0 1
1 0 0 0 1 0 0 0 1
230 119 644.212188738586 16.67 3 3 1446 1447
1 0 0 0 1 0 0 0 1
1 0 0 0 1 0 0 0 1
231 232 292.04638653050876 16.67 3 3 1448 1449
1 0 0 0 1 0 0 0 1
1 0 0 0 1 0 0 0 1
232 111 476.5782978536042 16.67 3 3 1450 1451
1 0 0 0 1 0 0 0 1
1 0 0 0 1 0 0 0 1
233 234 131.47039695919 16.67 3 3 1452 1453
1 0 0 0 1 0 0 0 1
1 0 0 0 1 0 0 0 1
31 248 142.7296050993463 16.67 3 3 1454 1455
1 0 0 0 1 0 0 0 1
1 0 0 0 1 0 0 0 1
242 118 158.9435199558978 16.67 3 3 1456 1457
1 0 0 0 1 0 0 0 1
1 0 0 0 1 0 0 0 1
92 550 102.46732298308483 16.67 3 3 1458 1459
1 0 0 0 1 0 0 0 1
1 0 0 0 1 0 0 0 1
283
4 143 1253 -1 1125
6 1158 1156 949 -1
16 389 1277 931 -1
17 -1 871 1302 699
22 731 736 738 -1
26 366 368 -1 364
33 -1 184 186 188
41 1420 1418 797 -1
43 462 466 464 -1
66 1278 -1 1276 17
70 223 1281 -1 939
72 122 124 -1 126
82 1228 43 -1 1226
90 1224 891 -1 209
91 387 -1 1011 1306
92 1431 427 1458 -1
97 1304 849 1267 -1
98 930 926 928 -1
107 1183 1300 1245 -1
124 1050 1046 1048 -1
126 -1 214 212 210
129 903 -1 1204 1202
130 -1 200 198 123
137 1195 -1 1259 1187
139 1307 1009 1043 921
140 1045 1314 1310 1312
141 1001 1316 1318 -1
142 63 1320 991 153
143 -1 37 423 1007
144 935 495 553 -1
147 1322 1324 833 -1
148 607 1328 1061 1326
149 269 1177 1003 1243
150 1330 689 -1 1037
151 217 791 959 1332
153 977 1055 385 771
154 1336 1338 499 1340
155 1346 1344 1342 1181
156 1348 1350 539 879
157 1354 1352 1083 215
158 1293 237 1287 643
160 809 1241 1358 -1
161 1360 -1 1217 85
163 1335 911 255 -1
164 1167 247 119 -1
165 435 -1 769 975
166 1345 1327 1059 9
167 1075 1364 -1 759
168 611 -1 1063 1329
169 1370 1366 1368 -1
171 1374 1376 1233 -1
172 1380 947 -1 1378
174 1211 1145 1151 839
175 1221 315 775 1013
176 329 709 271 363
177 1382 481 71 -1
178 1249 721 509 595
179 1309 1386 1384 653
180 351 1392 1390 471
181 -1 1394 591 1283
182 845 261 817 -1
183 719 613 -1 1396
184 695 1379 945 311
188 1400 11 779 -1
189 1207 1139 1323 -1
190 749 1185 1159 1402
191 459 877 1404 645
192 1369 1397 1347 737
194 299 1406 1408 561
195 593 623 853 -1
196 993 629 787 293
197 1099 1410 615 1412
198 1111 835 1297 -1
199 313 1414 279 413
201 1193 597 309 -1
202 235 1373 1317 999
203 -1 1422 1213 707
205 1426 1209 687 1331
206 1428 -1 715 1367
207 703 569 1361 -1
210 1343 -1 1401 1179
212 741 -1 535 621
213 173 327 933 257
214 99 391 15 1279
215 973 1363 303 641
217 557 843 1434 781
219 497 725 1201 917
220 1357 943 1436 25
221 -1 405 1438 1440
224 29 1437 461 -1
225 1143 -1 1027 1325
226 479 587 1444 685
227 163 1169 -1 1365
228 1097 361 31 1411
229 491 1095 1413 1433
230 1017 -1 1041 1446
231 965 683 957 1448
232 755 1449 1443 1450
234 763 1453 231 1351
235 1445 -1 1429 723
237 661 923 905 -1
238 157 1085 449 201
239 647 1371 729 1405
240 1107 437 1285 1377
241 1079 1225 1229 295
245 1269 203 609 717
246 913 443 205 987
247 667 -1 675 1395
248 339 885 1427 1455
249 45 1403 -1 483
250 955 679 1291 407
252 865 -1 1263 985
255 831 -1 467 1299
256 967 847 1305 -1
260 3 6 2 4
262 14 16 12 -1
263 -1 18 20 22
264 -1 26 24 28
265 32 30 34 -1
266 38 -1 40 36
267 46 48 44 42
268 50 -1 52 54
269 60 -1 56 58
271 70 -1 68 66
274 84 -1 86 82
275 88 90 -1 92
276 96 98 100 94
277 106 23 102 104
278 111 108 110 112
279 118 116 120 114
280 131 128 130 -1
281 132 138 134 136
282 -1 142 140 144
283 154 152 148 150
285 166 164 160 162
286 170 174 172 168
287 178 176 182 180
288 190 196 192 194
289 204 208 206 202
290 218 -1 220 216
291 226 222 224 -1
292 230 129 232 228
294 238 -1 133 236
295 240 135 242 244
296 248 -1 117 246
297 254 256 252 -1
298 260 -1 258 262
299 264 55 249 -1
300 266 270 268 -1
301 272 274 219 276
303 284 286 288 282
306 302 304 300 298
307 308 107 306 -1
308 -1 310 312 314
309 322 316 318 320
310 326 -1 328 324
311 221 332 330 -1
312 334 336 338 -1
315 352 350 348 346
316 -1 127 356 354
317 358 -1 362 360
318 372 -1 370 335
319 376 374 378 380
322 101 -1 388 390
323 394 398 392 396
325 410 406 408 404
327 -1 420 416 418
328 422 424 -1 426
329 430 428 432 -1
330 436 -1 434 438
331 -1 59 442 440
333 450 -1 171 448
334 452 65 456 454
335 460 167 458 -1
336 349 -1 470 468
337 307 193 478 -1
341 498 500 502 496
343 -1 181 514 512
344 207 518 353 516
345 477 -1 522 520
348 534 532 -1 530
349 538 229 -1 536
350 105 544 540 542
352 552 554 556 550
353 562 560 558 -1
355 572 -1 570 568
356 57 574 576 578
357 582 -1 549 580
363 598 513 600 -1
365 608 606 610 612
369 628 -1 630 61
370 -1 632 634 636
376 41 652 650 425
378 515 183 654 656
381 658 245 660 -1
382 -1 457 662 664
384 87 670 453 19
387 682 465 678 680
388 686 -1 684 688
393 708 706 704 -1
394 -1 712 345 710
395 714 716 718 -1
398 503 726 -1 724
400 381 746 744 487
401 750 35 748 49
403 21 455 665 541
404 333 758 756 -1
409 772 774 415 399
410 778 776 551 780
411 -1 639 671 782
412 786 -1 784 575
414 757 792 794 790
419 816 263 818 820
420 655 -1 824 822
421 357 828 583 -1
422 832 -1 836 834
424 -1 838 840 842
425 475 844 821 305
426 846 850 343 848
430 866 -1 864 868
431 874 872 867 870
433 878 537 -1 876
434 637 882 -1 880
435 371 -1 884 337
436 888 -1 807 886
437 892 751 47 890
440 898 189 743 -1
443 904 908 906 -1
444 747 137 241 659
446 -1 441 912 914
448 922 920 924 909
449 932 -1 267 359
453 225 938 873 940
455 946 523 942 944
456 948 950 952 733
457 956 681 954 409
458 795 962 964 961
459 968 970 966 -1
460 978 974 976 -1
464 988 986 851 971
465 151 990 992 994
466 -1 51 265 429
467 998 996 1000 -1
468 1004 1002 431 951
472 283 1012 773 395
473 1018 -1 1016 1014
475 651 1020 1022 1024
477 1026 1028 1030 -1
478 1031 1032 -1 837
479 855 145 1038 421
480 1040 397 857 -1
485 1060 1062 889 1058
487 517 347 469 1076
488 631 579 1078 -1
490 1082 1086 1084 213
491 1090 195 1092 1088
492 1094 1096 1098 -1
493 1104 869 1106 -1
498 1118 915 989 1116
499 141 1124 1122 1039
500 1128 941 875 1126
502 825 1132 -1 1130
505 1140 1136 1142 1138
506 1023 1146 -1 1144
508 1152 1154 823 -1
515 953 433 1166 -1
517 983 1172 1170 -1
518 197 543 1119 1174
520 -1 1180 1178 505
521 1190 1186 1188 -1
523 -1 199 829 125
524 1175 1117 969 -1
525 1196 1194 1191 -1
528 859 -1 1197 673
533 555 1025 1210 -1
535 1212 1214 -1 705
542 1232 -1 599 1153
548 -1 1238 693 619
549 1244 1242 1005 -1
552 -1 1256 1091 1254
560 601 657 1155 -1
564 1284 439 979 -1
571 963 1298 463 -1
